fid,iid,rep,high_level_category,ela_distr.skewness,ela_distr.kurtosis,ela_distr.number_of_peaks,ela_meta.lin_simple.adj_r2,ela_meta.lin_simple.intercept,ela_meta.lin_simple.coef.min,ela_meta.lin_simple.coef.max,ela_meta.lin_simple.coef.max_by_min,ela_meta.lin_w_interact.adj_r2,ela_meta.quad_simple.adj_r2,ela_meta.quad_simple.cond,ela_meta.quad_w_interact.adj_r2,ela_level.mmce_lda_10,ela_level.mmce_qda_10,ela_level.lda_qda_10,ela_level.mmce_lda_25,ela_level.mmce_qda_25,ela_level.lda_qda_25,ela_level.mmce_lda_50,ela_level.mmce_qda_50,ela_level.lda_qda_50,disp.ratio_mean_02,disp.ratio_mean_05,disp.ratio_mean_10,disp.ratio_mean_25,disp.ratio_median_02,disp.ratio_median_05,disp.ratio_median_10,disp.ratio_median_25,disp.diff_mean_02,disp.diff_mean_05,disp.diff_mean_10,disp.diff_mean_25,disp.diff_median_02,disp.diff_median_05,disp.diff_median_10,disp.diff_median_25,ic.h_max,ic.eps_s,ic.eps_max,ic.eps_ratio,ic.m0,nbc.nn_nb.sd_ratio,nbc.nn_nb.mean_ratio,nbc.nn_nb.cor,nbc.dist_ratio.coeff_var,nbc.nb_fitness.cor
1,1.0,0.0,1,3.746216315815032,17.684654792199993,5,0.6673101681576397,101.62822337042293,0.8565855930639275,5.222262163342993,6.096602844630441,0.8531739393780196,0.9999999999999919,1.0000001479424259,0.9999999999999986,0.10193548387096774,0.1,1.0193548387096774,0.2595698924731183,0.07666666666666666,3.385694249649369,0.29806451612903223,0.05247311827956989,5.680327868852459,0.007089167908080984,0.008882330119544589,0.01231623134855432,0.023985212410727395,0.01242271930060455,0.01706157948979206,0.023709321810009898,0.045726647107963446,-2.106097031346675,-2.102293493820219,-2.0950097288026512,-2.070258255075544,-1.078887972744078,-1.073820206845483,-1.0665578190046998,-1.0425047874899072,0.642967008605006,0.861861861861862,0.018811084952915332,-0.7237237237237242,0.46357615894039733,0.9423502615741622,0.9346883352980846,0.9857810218269578,0.12078693451134082,-0.17572317165559928
1,1.0,1.0,1,3.3813597772021797,12.734904016598907,3,0.7806975505581487,101.61166439023623,0.08079825895483789,4.173988814849339,51.65939054679861,0.8518588282782343,0.9999999999999901,1.000000124911795,0.999999999999997,0.10193548387096774,0.16,0.6370967741935484,0.24989247311827958,0.07666666666666666,3.2594670406732122,0.2655913978494624,0.03236559139784946,8.205980066445184,0.010887139913510946,0.013791058318772071,0.016873369514915162,0.02436429899489687,0.018576600296138043,0.022926845962144126,0.02831571100557801,0.040326987918214076,-1.8004281455490547,-1.7951423013949783,-1.7895317385817602,-1.7758964085640079,-1.0554407429863801,-1.050762408926597,-1.0449671245192642,-1.0320499768002338,0.6900079823815466,0.7737737737737733,0.02614673211801092,-0.7457457457457454,0.5,0.9491560451336666,0.9403021379847614,0.9846189021631396,0.1333715735683988,-0.15343204816652747
1,1.0,2.0,1,3.513349102642704,15.192974577364744,3,0.6155541018060062,95.42864820121383,1.9330108337934622,4.346847014211747,2.24874425855194,0.8087149136042694,0.999999999999987,1.0000002166337119,0.9999999999999949,0.10193548387096774,0.09333333333333334,1.0921658986175113,0.26924731182795697,0.04655913978494623,5.7829099307159355,0.19182795698924732,0.05483870967741935,3.498039215686275,0.01916428719159151,0.02400778211597748,0.032461747452068666,0.05986022507292492,0.02267957114216809,0.026372612894822556,0.03583546904711623,0.06615757443848795,-2.378567691325498,-2.3668220132371083,-2.3463207931556775,-2.279878337187312,-2.088781592896432,-2.0808886261610926,-2.0606641028998345,-1.995858074365895,0.7028779243465023,0.8838838838838833,0.10280447320933098,-0.19519519519519515,0.5099337748344371,0.9683743351255794,0.9452790240271158,0.9879050186034678,0.12090019576204622,-0.19296770421603818
1,1.0,3.0,1,3.5561491591030516,14.853597984269665,4,0.34774002477168453,94.15341079577549,1.4413600074107302,3.9164212499503863,2.717170748330859,0.7304578164564546,0.9999999999999851,1.0000003918806397,0.9999999999999959,0.11483870967741935,0.12,0.956989247311828,0.2756989247311828,0.056666666666666664,4.8652751423149905,0.22978494623655915,0.029139784946236556,7.885608856088562,0.013192499651769713,0.014425328801386373,0.020718957013836,0.0376479950011528,0.022373629365551814,0.023041032058046782,0.032828454065196924,0.05845029723139422,-1.7042248831804858,-1.7020957768322411,-1.691226627782038,-1.6619900362724356,-1.0612889410934618,-1.060564423917906,-1.049939421309535,-1.0221249314190164,0.6681122966984278,0.7517517517517519,0.07978144572076629,-0.7237237237237242,0.5364238410596026,0.9663092040423081,0.9482217177518564,0.9861313767264808,0.12349858879689424,-0.19798039204876028
1,1.0,4.0,1,4.78595064173054,31.01152752856988,5,0.39637380637574116,98.29526003156613,0.26583407284036303,3.7451033569090986,14.088123907118874,0.7027127432200275,0.9999999999999805,1.0000004185662363,0.9999999999999962,0.11161290322580646,0.06666666666666667,1.6741935483870969,0.2789247311827957,0.07322580645161289,3.8091042584434662,0.34698924731182795,0.035591397849462365,9.749244712990937,0.010806904517382818,0.01351812527830754,0.018882618949728643,0.03927687258815462,0.013236673334146552,0.01857967943963648,0.02445520385547936,0.05239618501125923,-1.9193114691447788,-1.914050942028698,-1.9036423228453123,-1.8640717626668861,-1.4211258353961809,-1.4134308959816333,-1.4049690294750328,-1.364728731610535,0.7122901245724484,0.6856856856856854,0.021346630333242453,-0.5915915915915918,0.5231788079470199,0.9741151828710736,0.9464243252033481,0.9902192261805445,0.13376100646738098,-0.1982914037619453
1,1.0,5.0,1,5.285854055542676,33.50658813965889,6,0.6873035894043551,102.45262954172162,0.540245432184253,4.817045515567031,8.916402117628932,0.8916327745315578,0.9999999999999873,1.000000508900134,0.9999999999999978,0.10193548387096774,0.09655913978494624,1.0556792873051224,0.25311827956989247,0.05655913978494624,4.475285171102661,0.2544086021505376,0.05526881720430107,4.603112840466927,0.009458591789988152,0.011080254507217611,0.016282184223159822,0.033908228674626506,0.01643160434125207,0.01939710786843218,0.027288837826797502,0.05655562617742936,-1.5235673601746105,-1.521073055176652,-1.5130718850494447,-1.485960988127155,-0.8736606868180891,-0.8710265600407819,-0.8640166822874503,-0.8380202772339436,0.6517606205594463,0.7077077077077075,0.033692057059802674,-0.8118118118118121,0.4966887417218543,0.9594684596244475,0.9521072889538043,0.9934687851491342,0.1216698028997067,-0.1559695661829868
1,1.0,6.0,1,3.753064784650139,16.238226573570223,4,0.6086422065705678,100.71907230628152,0.12056434217742362,5.124387102188843,42.50333896109802,0.7373127141967049,0.9999999999999837,1.000000403674135,0.9999999999999959,0.10838709677419356,0.15,0.7225806451612904,0.2789247311827957,0.06,4.648745519713262,0.2776344086021505,0.05204301075268817,5.3347107438016526,0.013039130304479535,0.01618038195578023,0.02161219679815639,0.0337211483387762,0.01879487232003231,0.02400377473086428,0.0314318001742297,0.04797173638336991,-1.7350321660262913,-1.7295099889836782,-1.719961106387827,-1.6986741222074813,-1.187513696601959,-1.1812095683594257,-1.1722197234188871,-1.1522020938374782,0.6632108700047009,0.7737737737737733,0.027506760079080674,-0.7237237237237242,0.5,0.9703947872222265,0.9462814194854591,0.985531626172989,0.13644201998957015,-0.19624289297094505
1,1.0,7.0,1,2.7921222426648975,7.192477154660066,2,0.4195243265814189,96.04013704425968,0.04104714051102579,3.8707420282158367,94.29991906929804,0.6719724992286211,0.9999999999999762,1.0000001927484459,0.9999999999999956,0.10193548387096774,0.13333333333333336,0.7645161290322579,0.2595698924731183,0.05333333333333333,4.866935483870968,0.3495698924731183,0.048817204301075265,7.160792951541851,0.013214578137322075,0.015765956614946904,0.019029479860880057,0.030287277025937476,0.020728499577278844,0.02507356636263382,0.029714824892849417,0.046238629761412485,-1.6173910417789117,-1.6132092038610912,-1.607860124774935,-1.5894080278129048,-1.0218477273989388,-1.017313748192871,-1.0124706995803823,-0.9952284818239828,0.6711099101312393,0.7297297297297298,0.016566059589499152,-0.8118118118118121,0.5298013245033113,0.9810429052626162,0.9567256390956915,0.9945301701009297,0.12875260651703443,-0.19438795021085928
1,1.0,8.0,1,4.7325194171128615,29.054685558162028,4,0.6528615271246001,89.17270126998217,0.396443798860446,5.83926175204842,14.729103516899567,0.8414677668424638,0.9999999999999903,1.000000269544672,0.9999999999999973,0.10838709677419356,0.10333333333333332,1.0489073881373572,0.2595698924731183,0.1,2.595698924731183,0.30774193548387097,0.042365591397849456,7.263959390862945,0.018795902274362022,0.023448135237942244,0.02842011134523368,0.0479286492902245,0.029123510444365334,0.0363540792332071,0.04282231240545595,0.07100698818221717,-1.7806805714511256,-1.7722377399634526,-1.763214641429218,-1.7278107182530067,-1.1522974351186288,-1.1437157401662208,-1.1360388331916345,-1.1025874828328708,0.7554661186905847,0.861861861861862,0.06191441755977847,-0.8998998998998998,0.5529801324503312,0.9779071252357983,0.951401014610044,0.988685666729582,0.13447608485641985,-0.19639842660925802
1,1.0,9.0,1,5.022603352227198,28.975130386797424,6,0.7136440548765535,101.1960219793797,1.87610865460802,5.606440819961179,2.9883348206890217,0.880098998675116,0.999999999999988,1.0000004068621926,0.9999999999999977,0.10193548387096774,0.07666666666666666,1.329593267882188,0.2595698924731183,0.14333333333333334,1.810952738184546,0.20204301075268818,0.029569892473118274,6.832727272727275,0.017799693029114255,0.023233601153621185,0.03018433473681415,0.055658737338013055,0.03352805198034398,0.042512837119771926,0.0540390109624082,0.0986530114435079,-1.555794843229721,-1.5471875905352432,-1.5361777024414944,-1.4958265195717482,-0.8382672992751588,-0.8304743658239307,-0.8204771645209435,-0.7817813102131355,0.7180171644305194,0.7517517517517519,0.0758367791499719,-0.6796796796796798,0.5132450331125827,0.9502694969701345,0.9455030955377237,0.9912773273069618,0.13126278898228863,-0.17121464722229462
1,1.0,10.0,1,3.6594782686791936,15.622953772058555,3,0.6000974195871316,95.56773920991397,0.16189172949325287,5.471375391448523,33.796509609075194,0.7244465252323903,0.9999999999999875,1.0000004040028496,0.9999999999999964,0.10516129032258063,0.13,0.8089330024813894,0.26924731182795697,0.10333333333333332,2.6056191467221645,0.2849462365591398,0.041935483870967745,6.794871794871795,0.028522065806537468,0.03238208340153967,0.03630845949699993,0.04888255036189921,0.04541476142760174,0.050320398417035964,0.0571661700922177,0.0735022122566703,-1.7236389344036251,-1.716790321192711,-1.7098239718078785,-1.687514466036692,-1.07302335444561,-1.0675090610693923,-1.0598139149579167,-1.0414510134030166,0.7096059464218798,0.861861861861862,0.06852291595284057,-0.7677677677677676,0.5231788079470199,0.9776182818755348,0.9579109290875081,0.9952677846223982,0.13226590184993067,-0.19387401981670518
1,1.0,11.0,1,4.931271740205036,31.799791366273887,3,0.43284460301999905,97.94215241933041,1.6233599136989607,2.7887388077112916,1.7178807879744413,0.7184701706252417,0.999999999999989,1.0000003108028428,0.9999999999999946,0.11806451612903228,0.1,1.1806451612903228,0.301505376344086,0.06666666666666667,4.522580645161289,0.27903225806451615,0.06806451612903225,4.099526066350712,0.009999774754632259,0.015415920658487403,0.020693338256025647,0.03952445515770475,0.014361833643698849,0.022530461260910614,0.029468221268265093,0.05656263596040045,-1.7776276689148127,-1.7679025288875099,-1.7584264870618862,-1.7246136518853108,-1.2235802358671142,-1.2134396268203602,-1.2048270280838786,-1.1711917738381536,0.6910178021254942,0.7077077077077075,0.050547968211912354,-0.5695695695695696,0.5298013245033113,0.9681432371001363,0.9550392463509043,0.9909996069575989,0.1356398076238437,-0.21924803671931056
1,1.0,12.0,1,4.774756340172531,27.58163569891943,5,0.44904107027510043,102.8214011378243,0.5243472966602956,6.0351166120355,11.509769670740612,0.7725277683541741,0.9999999999999921,1.0000001782715426,0.9999999999999959,0.10516129032258063,0.12,0.8763440860215053,0.2756989247311828,0.06666666666666667,4.135483870967742,0.23677419354838708,0.04526881720430108,5.230403800475059,0.02513507283331935,0.03295615793873187,0.0422131664246193,0.0608686595005356,0.030423616861187136,0.04022728813235846,0.05255741877887488,0.07476115291186186,-2.0604557969979096,-2.0439253016490846,-2.024359866206617,-1.9849299741436792,-1.6114108289794324,-1.5951173813203856,-1.5746250236350572,-1.5377229927606593,0.737336229263217,0.8398398398398399,0.07208715033782136,-0.4814814814814818,0.5132450331125827,0.9819895625170042,0.9515001058400282,0.992890101345633,0.13376482969157497,-0.1880759408178025
1,1.0,13.0,1,2.837708575366373,8.717637091535433,4,0.6555018230295879,98.16559245049481,0.2949949899388773,4.836314771041638,16.394565792604542,0.8479589722507829,0.9999999999999861,1.0000003557959496,0.9999999999999943,0.10193548387096774,0.09,1.1326164874551972,0.25311827956989247,0.07989247311827956,3.1682368775235537,0.3016129032258065,0.035806451612903224,8.423423423423424,0.01270320522550633,0.014491888572854527,0.018404454855802947,0.034524055383723204,0.019155260352313932,0.02092408688731923,0.026672749252863753,0.04845286764533962,-1.9357626074859389,-1.9322555907927264,-1.9245843418330133,-1.8929791344478462,-1.3169532245254405,-1.3145782698412383,-1.3068596991714998,-1.2776161339179206,0.7055442025426595,0.7517517517517519,0.04686085854911941,-0.6356356356356354,0.5364238410596026,0.9454315888428118,0.9432593114246789,0.9891077061610893,0.13313675571687897,-0.20384975657408572
1,1.0,14.0,1,2.583875559217805,6.359729061964696,3,0.6173527706474727,95.80383124277331,0.8878076248958856,4.916696028270752,5.538019600639654,0.7419015839599887,0.9999999999999817,1.0000001961780804,0.9999999999999946,0.10516129032258063,0.07333333333333333,1.4340175953079177,0.26602150537634406,0.07333333333333333,3.6275659824046915,0.25451612903225806,0.05623655913978494,4.525812619502869,0.02860970135045595,0.03467775779793244,0.041588058724425454,0.06789216473013471,0.04532474578655959,0.05092713770347924,0.06168503934657364,0.09900071412353266,-2.0300451178794856,-2.017363883175637,-2.00292249676442,-1.9479512642420131,-1.336119113325096,-1.3282782659924588,-1.3132220068706566,-1.260996722852798,0.7224868522364033,0.7737737737737733,0.0758367791499719,-0.4814814814814818,0.49337748344370863,0.9391005814173228,0.9407937692091525,0.9807154577581809,0.1278191650253622,-0.2118776713621029
1,1.0,15.0,1,3.5652165360205075,13.847370369474184,3,0.7769276114896886,101.2058706629241,0.2950107181428723,5.943287081431699,20.14600391079145,0.9135788668781559,0.9999999999999897,1.0000004067622406,0.9999999999999959,0.10193548387096774,0.09666666666666666,1.0545050055617353,0.2563440860215054,0.039784946236559135,6.443243243243244,0.26903225806451614,0.045806451612903226,5.873239436619718,0.012099667980546283,0.01562539298785664,0.022659581881601647,0.045847798164202966,0.014397605568150585,0.02062043409039318,0.030007337010276646,0.05973448108370646,-2.1141794704634562,-2.1066341592743023,-2.091580476965969,-2.0419559862836674,-1.559372097980924,-1.5495266418183518,-1.5346751412716635,-1.487642301982056,0.6769943417275581,0.9059059059059056,0.10280447320933098,-0.5475475475475475,0.5033112582781457,0.9757471987843279,0.9526617848077915,0.9922699998948238,0.12943075202461302,-0.17833720791426186
1,1.0,16.0,1,6.298157099884812,57.37690797154497,4,0.6521529443017618,99.90951694058305,0.32076523348531444,4.871734808103257,15.187851735578754,0.8031521297206442,0.9999999999999901,1.0000001071121465,0.9999999999999974,0.11161290322580646,0.08333333333333333,1.3393548387096776,0.26924731182795697,0.06655913978494624,4.045234248788368,0.30311827956989246,0.06268817204301076,4.83533447684391,0.017798971632277383,0.022125612619696988,0.030967925645441128,0.05824224196377479,0.032208908135183,0.04027165701294067,0.05508231554268701,0.10127641198291938,-1.5960272363207757,-1.5889966624786984,-1.5746283488508714,-1.5303089575665534,-0.8652522515331187,-0.8580437623471071,-0.8448023141179667,-0.8035025477857176,0.7041855685516107,0.7517517517517519,0.032859131998189586,-0.6356356356356354,0.5198675496688742,0.9740246283914984,0.955392160762817,0.9923148792361499,0.1313562681005689,-0.17862719451918668
1,1.0,17.0,1,2.9628583587656494,9.594235570428149,3,0.6721217247883313,104.98172969143405,1.5932963632825314,5.214507305391319,3.2727792679124166,0.7822737519038356,0.9999999999999847,1.000000083585175,0.9999999999999969,0.10193548387096774,0.09333333333333334,1.0921658986175113,0.25311827956989247,0.08666666666666667,2.920595533498759,0.34,0.05268817204301075,6.4530612244897965,0.018850959071236694,0.02424982207957862,0.0313392298786269,0.05735391474979836,0.02629904484326176,0.03696825379034898,0.046984674718011064,0.08329461243673515,-2.224109692020967,-2.21187132349402,-2.195800757312121,-2.1368295813304647,-1.4587021966668394,-1.442718646023913,-1.4277130376463711,-1.3733170902760483,0.7051880117514426,0.9279279279279278,0.1706994934038408,-0.5255255255255253,0.5198675496688742,0.953088225631623,0.9398678513573399,0.9876762660349612,0.13105117581771208,-0.20612683735011797
1,1.0,18.0,1,3.8569079021053527,22.070084826985955,3,0.7370947028171941,103.18444342838845,0.9900214450678324,5.074547249264686,5.125694271114499,0.8131561176231704,0.9999999999999902,1.0000001886299206,0.9999999999999953,0.10193548387096774,0.10333333333333335,0.9864724245577522,0.2563440860215054,0.06978494623655915,3.673343605546995,0.2150537634408602,0.048817204301075265,4.405286343612334,0.029924202181999603,0.0319611821630713,0.040231316058783176,0.0761027777523936,0.03638894029322678,0.03850166574600762,0.04816886756681911,0.09078273425186895,-2.5550687141477266,-2.5497035418254317,-2.527920954911836,-2.4334396270503937,-2.0554277633660276,-2.050921220494532,-2.030300623816651,-1.93940323964229,0.7224498018661943,0.9279279279279278,0.06852291595284057,-0.283283283283283,0.5331125827814569,0.959719398535796,0.952109209084737,0.9909587504938934,0.12258578779865396,-0.22043534005689738
1,1.0,19.0,1,3.796045571930845,16.757793067330205,5,0.5582025333876421,95.6351831328036,0.10115754925600307,4.223350881579272,41.75022934661144,0.8152318714259913,0.9999999999999826,1.0000002554499636,0.9999999999999953,0.10193548387096774,0.11666666666666667,0.8737327188940092,0.2627956989247312,0.07666666666666666,3.4277699859747552,0.32591397849462367,0.04268817204301075,7.634760705289673,0.013828550455080439,0.01598912731878901,0.01900993516005041,0.031814171088063226,0.024807232784359708,0.026559945973728395,0.030960259823959235,0.05077349914685743,-1.6380081130247346,-1.6344194445095375,-1.6294019521108696,-1.6081344105075852,-0.9837333668896342,-0.9819653036872251,-0.9775264525136074,-0.9575396916563104,0.7161331623358478,0.7737737737737733,0.0320262069365765,-0.8778778778778776,0.4768211920529801,0.9659529495908512,0.9483243151475644,0.9896429701855693,0.13567309338861797,-0.19605068262837486
1,2.0,0.0,1,3.6321231132423346,14.415828065334267,3,0.8274484245992056,460.91799442616446,1.80156118398459,4.822447795530006,2.6768159962594176,0.9325156750516415,0.9999999999999946,1.000000100851515,0.9999999999999988,0.10193548387096774,0.09666666666666665,1.0545050055617353,0.2595698924731183,0.07333333333333333,3.5395894428152492,0.28731182795698923,0.05172043010752688,5.5550935550935545,0.009464552731620786,0.013927549880013592,0.019327602147374084,0.03591088865542542,0.013579505076426138,0.02107928881107361,0.029686333332483345,0.054731338944694015,-2.574896754739209,-2.5632951942847115,-2.54925775918131,-2.506149508254756,-1.6523444043869062,-1.6397815817855603,-1.6253639962564173,-1.5834113248610593,0.6641410924275204,0.9499499499499499,0.05594325706169377,-0.5915915915915918,0.5,0.9250811580504512,0.926448442087261,0.981638820424286,0.1385396455861929,-0.1640776345264491
1,2.0,1.0,1,4.0109642847528075,18.895155955628724,5,0.8140228687989772,448.22230976954876,1.867374383086019,4.5073800554797865,2.413752751620647,0.917450287816635,0.9999999999999923,1.0000004256959203,0.9999999999999968,0.10193548387096774,0.14666666666666667,0.6950146627565982,0.2595698924731183,0.05333333333333333,4.866935483870968,0.28784946236559145,0.026021505376344085,11.061983471074383,0.023171271579469913,0.02621319772767369,0.031125915137818337,0.04538927549315358,0.035140588203926126,0.0395955102046191,0.04574944884774873,0.06649210060080726,-2.254121849946507,-2.247102326464968,-2.2357657806257345,-2.2028517688904237,-1.4908952118942338,-1.4840114920496694,-1.474502461464318,-1.4424510353160696,0.7261721605764516,0.9059059059059056,0.04804870439655134,-0.4814814814814818,0.4966887417218543,0.9392082755499254,0.9426262884225912,0.9866322476617961,0.13493159628807613,-0.15349330779355222
1,2.0,2.0,1,3.291070608849801,12.923555033638424,5,0.8573299209742088,456.0881810290895,2.624505910770931,6.287596852232022,2.395725925564817,0.9136732088706117,0.9999999999999934,1.0000001748952474,0.9999999999999969,0.10193548387096774,0.12666666666666665,0.8047538200339559,0.2563440860215054,0.08666666666666667,2.957816377171216,0.2787096774193548,0.029354838709677415,9.494505494505495,0.02114461933680121,0.030095049960136937,0.03250312100636139,0.0481474343119441,0.0325466177418187,0.04406850168227999,0.0491207044495752,0.07154047695907115,-2.6394555190313334,-2.6153209390176193,-2.6088276443606797,-2.566643201273797,-1.6982586390989767,-1.678033231550231,-1.6691646419588526,-1.6298091825133405,0.7378404683591197,0.9939939939939944,0.08393129498166373,-0.5475475475475475,0.5066225165562914,0.9642824418231198,0.9482015956853017,0.9908028674798515,0.1545128125784532,-0.16386035420393263
1,2.0,3.0,1,4.871194060213226,29.72834281815105,6,0.7008236296873793,453.8398808567082,1.321290249271573,6.496172691258431,4.916537221734415,0.9379803334165103,0.9999999999999949,1.0000002965997359,0.9999999999999983,0.10193548387096774,0.08666666666666667,1.1761786600496278,0.2596774193548387,0.03333333333333333,7.79032258064516,0.23408602150537633,0.0553763440860215,4.227184466019417,0.01043817146913881,0.012312868055924792,0.016749015084361836,0.03411337331196911,0.012980044310476594,0.015799966676496396,0.021227643217012027,0.04416737461763055,-2.5581873483345916,-2.553340935556724,-2.541872733291538,-2.49698288381567,-1.96063582624766,-1.9550342770731115,-1.9442526337868977,-1.8986847007686327,0.7153980740150387,1.0380380380380387,0.04804870439655134,-0.613613613613614,0.5264900662251656,0.9594881618862314,0.9227716011239254,0.9807121636094669,0.16328341590285686,-0.16272841541735023
1,2.0,4.0,1,3.569801993161621,14.078066696210072,3,0.8551271960674419,459.7084762449368,0.7357467955517982,5.268029131273671,7.160111553489995,0.9491372236826775,0.9999999999999929,1.000000276366914,0.9999999999999981,0.10516129032258063,0.06,1.7526881720430105,0.2595698924731183,0.06978494623655913,3.7195685670261946,0.24172043010752692,0.035483870967741936,6.812121212121213,0.005335110410115172,0.008872869311178927,0.012159464394189648,0.029323269130113048,0.009135991976345834,0.014822324708224987,0.020260506856599993,0.048253223294790135,-2.633918044722327,-2.6245498976157866,-2.615846843767765,-2.570396305115818,-1.5641516694344106,-1.5551753752472108,-1.546590804996208,-1.5024022445133915,0.6397791240226377,1.0820820820820811,0.058853157751914506,-0.7017017017017019,0.48344370860927155,0.9469476776330878,0.9313795021194492,0.9826539869947375,0.13670313915962615,-0.13257185851209752
1,2.0,5.0,1,4.300972859580183,22.810738213932886,6,0.8146084749418584,452.76321978331026,0.11521475548751128,6.012766473060173,52.187468936753746,0.9491908070096484,0.9999999999999961,1.0000002398701129,0.9999999999999986,0.10516129032258063,0.08333333333333333,1.2619354838709678,0.25311827956989247,0.04666666666666667,5.4239631336405525,0.3211827956989247,0.06483870967741935,4.9535655058043115,0.00806717537080998,0.010652003555133857,0.013355965173072162,0.02861373640822933,0.011670606056746337,0.015024166651241962,0.019433499121117744,0.04130558309594561,-2.5381453237799305,-2.531531297702843,-2.5246124344836365,-2.485571039995764,-1.71761654507107,-1.7117883958757678,-1.704125421922559,-1.6661139517178136,0.6526908422487161,0.9939939939939944,0.053177231778509665,-0.5255255255255253,0.45364238410596025,0.9176175247403205,0.9057119012807698,0.971283237757526,0.1486864959993855,-0.13677427504867493
1,2.0,6.0,1,3.9855968533549144,18.312353930054616,3,0.789515857016158,454.16760373803504,0.7244562312593207,5.657559924477877,7.8093881733108335,0.9295705611997133,0.9999999999999925,1.0000002359343119,0.9999999999999966,0.10193548387096774,0.15,0.6795698924731183,0.2595698924731183,0.08333333333333333,3.1148387096774197,0.25870967741935486,0.03225806451612903,8.020000000000001,0.015624054491759045,0.019839474216848754,0.022922296761539906,0.03446019491459798,0.021984908215026733,0.027618762676698026,0.03224563033168563,0.04681327845083591,-2.492152176577901,-2.4814799659341844,-2.473675160311076,-2.444464574531847,-1.7700612355822973,-1.7598648005034516,-1.7514908611368147,-1.7251255939278498,0.6859397981269747,1.0160160160160154,0.056015194765212085,-0.503503503503503,0.4602649006622517,0.9665985363105983,0.9402377586683323,0.9913384676384923,0.14622755530612552,-0.1779518603815957
1,2.0,7.0,1,3.076733428657811,9.435489868179637,4,0.904706565404337,448.7133914070018,2.6464646099659674,4.910637226490493,1.8555461531577566,0.94761069262087,0.9999999999999921,1.0000003227254568,0.9999999999999982,0.10193548387096774,0.10333333333333332,0.9864724245577524,0.2564516129032258,0.07333333333333333,3.497067448680352,0.21903225806451615,0.03225806451612903,6.790000000000001,0.021965321896202983,0.024741066310850435,0.029542526774104048,0.043079295754636725,0.0306802055243337,0.03828356709647266,0.04460969852274653,0.06299548339019981,-2.4437766041437685,-2.436840961255574,-2.424843741720813,-2.391019951960657,-1.617919229663842,-1.6052282426771323,-1.5946691168424167,-1.5639808805564694,0.7285275508575407,0.8838838838838833,0.053177231778509665,-0.6356356356356354,0.5165562913907285,0.9312335318735041,0.9213700515455056,0.9841165445552451,0.1650760837343494,-0.149450672292796
1,2.0,8.0,1,3.8304438755947543,18.109326505270293,4,0.8368432846262712,463.196549814261,1.214480171131058,5.842984723325907,4.811099318224582,0.9231173464585052,0.9999999999999949,1.0000002497235414,0.9999999999999982,0.10193548387096774,0.13333333333333333,0.7645161290322581,0.24989247311827958,0.09666666666666665,2.5850945494994444,0.2947311827956989,0.03870967741935484,7.613888888888887,0.012657847230275179,0.015849115048605724,0.02249165422233711,0.03649113032381056,0.016792686207062337,0.02166633286844776,0.02889467183519799,0.04794925189026512,-3.0141862897391762,-3.004443896306551,-2.98416536322625,-2.941427363222685,-2.2358268683321665,-2.2247441292196526,-2.2083067876249007,-2.1649764121748283,0.6978497548259022,1.1261261261261257,0.08393129498166373,-0.5915915915915918,0.4768211920529801,0.9364040068074878,0.9187846705846437,0.9765278092717204,0.15285178155921833,-0.1536610317479658
1,2.0,9.0,1,3.7714476079792223,15.515071671500795,5,0.8193889552429909,455.69331453132975,2.240595109878347,5.829386631983173,2.6017135386409365,0.9603247198076669,0.9999999999999952,1.0000004922753107,0.999999999999998,0.10193548387096774,0.10333333333333332,0.9864724245577524,0.2563440860215054,0.06,4.272401433691757,0.20505376344086024,0.03247311827956989,6.314569536423842,0.009799855402892611,0.01344941375370173,0.018789699926193885,0.036099674556022435,0.015282400402374717,0.020290619172832383,0.029037296324158482,0.05438136653915175,-2.5278504377405575,-2.518533596367639,-2.5049005497432244,-2.4607104663706414,-1.6108733826885953,-1.6026805705409215,-1.5883721135621907,-1.5469124218343229,0.7074490703376299,1.0820820820820811,0.04341478330055092,-0.6576576576576575,0.5165562913907285,0.9485378309720667,0.9387346492781556,0.9832586737418029,0.1306066368815275,-0.1568543951388276
1,2.0,10.0,1,3.5908687352748454,16.768112312528988,4,0.8483801956136693,450.6727270470716,0.6014246225736319,4.9022375034583785,8.151042241138375,0.92357161802303,0.9999999999999925,1.000000174847827,0.9999999999999964,0.10516129032258063,0.10333333333333335,1.0176899063475544,0.2597849462365591,0.04,6.494623655913978,0.22946236559139788,0.055053763440860215,4.167968750000001,0.02177947926991187,0.02881658910168375,0.033515833988295454,0.05403573672356372,0.033113929395839715,0.042842858076443134,0.04775287743194263,0.07423757412161744,-2.6307238458432725,-2.6117989794681082,-2.59916132229502,-2.543977244373852,-1.8232773880229816,-1.8049313427004456,-1.795672415989418,-1.7457296667131172,0.6943817781061515,0.9499499499499499,0.06513490946272796,-0.5255255255255253,0.5264900662251656,0.9472715602843241,0.9316310062150215,0.977655106766684,0.14603616966806476,-0.1484537687364979
1,2.0,11.0,1,3.6059932226037468,15.966524669099115,4,0.8561521893516566,454.6700251335867,0.5399294027124647,6.380899541744651,11.818025670927854,0.944999866584164,0.9999999999999947,1.0000003609303914,0.9999999999999976,0.10193548387096774,0.11000000000000001,0.9266862170087975,0.24989247311827958,0.08666666666666667,2.8833746898263026,0.30838709677419357,0.04204301075268817,7.335038363171357,0.011131466641693837,0.013806623024093623,0.018849564411242335,0.034159300703385076,0.016778281810858185,0.02101146467805154,0.028394013223764353,0.0509306128435926,-2.716379016992941,-2.709030478315462,-2.695177736817607,-2.653122554539294,-1.7435235222917171,-1.7360169205084417,-1.7229256240024844,-1.6829620117035111,0.7012426204353361,0.9939939939939944,0.03922776758927715,-0.5475475475475475,0.45364238410596025,0.9419125581521409,0.9372436689064292,0.9830030893966767,0.13820639984015512,-0.155698916061528
1,2.0,12.0,1,3.401529116571474,12.348067732286163,4,0.8249643674147257,448.412428487844,1.0918197978008712,5.982002563607067,5.478928460223872,0.9204361480399049,0.9999999999999949,1.0000002067431353,0.999999999999997,0.10516129032258063,0.12333333333333334,0.8526591107236268,0.2627956989247312,0.05634408602150538,4.66412213740458,0.2336559139784946,0.04204301075268817,5.557544757033249,0.02840808671299536,0.03796234098658859,0.046734766964113,0.07312965893190393,0.0369573324978547,0.05004900784715244,0.06267789077812388,0.09913017091908982,-2.72421699621288,-2.697428113429565,-2.6728313752114152,-2.5988235409257276,-1.973782838667226,-1.9469510844720892,-1.9210678362611437,-1.8463578702332175,0.6972052789691906,0.971971971971972,0.1466108684046983,-0.4154154154154152,0.5165562913907285,0.9346833321503353,0.9308277272508173,0.981318188727346,0.1438826755881993,-0.1638726295248214
1,2.0,13.0,1,3.8843570997160652,16.95408609767916,5,0.8339266325863666,452.9908243646221,1.9186112482540056,4.91329155484434,2.5608583079639424,0.9443436366756214,0.9999999999999931,1.0000004063136767,0.9999999999999976,0.10193548387096774,0.10666666666666666,0.9556451612903226,0.26602150537634406,0.07333333333333333,3.6275659824046915,0.2478494623655914,0.04580645161290322,5.410798122065729,0.015739088740408403,0.019138334107634585,0.025605523179761815,0.045724909625397506,0.023081662954748648,0.02907127714693481,0.03751198361941023,0.06686760332881517,-2.4319191332401884,-2.4235202526663815,-2.4075410741143646,-2.3578299454019795,-1.6158504915460445,-1.6059435006854903,-1.5919823340399781,-1.5434273108222252,0.6703897603158845,0.971971971971972,0.09288978720164498,-0.3713713713713717,0.4503311258278146,0.9501142579780726,0.9266632372898551,0.9809603238037128,0.14647687676601448,-0.14887989740245444
1,2.0,14.0,1,3.1753476277099213,10.63940579837656,3,0.8488131771056558,460.04356638665524,0.6999682635119463,5.370533514320255,7.672538591070846,0.9256083468586456,0.9999999999999944,1.0000001289923885,0.9999999999999977,0.10193548387096774,0.07666666666666666,1.329593267882188,0.2596774193548387,0.07333333333333333,3.541055718475073,0.2510752688172043,0.0618279569892473,4.060869565217392,0.011059379735854396,0.01281934766037787,0.01630032061612055,0.03468992165979379,0.01526352996856087,0.01818549641969788,0.022830823371790248,0.04826048162335513,-2.8457155734777904,-2.8406511964777836,-2.830634559737384,-2.7777177586598363,-1.98466894140049,-1.9787799180527506,-1.9694175795946511,-1.9181658442743394,0.6673524419463656,0.9939939939939944,0.04567301270168747,-0.613613613613614,0.48013245033112584,0.88902650082149,0.8955155326797064,0.964359730501677,0.15871735916105983,-0.14999757158317945
1,2.0,15.0,1,3.6280953016896955,13.928254814727946,3,0.7805419138260208,452.2502675652873,0.7313208730798448,5.902370235638036,8.070835187270282,0.8709462221675769,0.9999999999999949,1.0000001802531688,0.9999999999999983,0.10516129032258063,0.07666666666666666,1.3716690042075736,0.2563440860215054,0.0832258064516129,3.0801033591731266,0.2994623655913978,0.05258064516129033,5.695296523517381,0.015638381748939945,0.019490786507720004,0.025500376880883517,0.05104802404542608,0.023271113783722878,0.02870502745455821,0.03585982141309341,0.07184525773118997,-2.472411866616604,-2.462735817628082,-2.4476415857151053,-2.3834737993623882,-1.7147438108363968,-1.705204039905919,-1.6926430940474064,-1.6294671144306432,0.6986123952445701,1.0160160160160154,0.1259215613694151,-0.5475475475475475,0.5364238410596026,0.9672787484448495,0.9388494485529801,0.9877293418336711,0.15740822609821656,-0.14967645398325605
1,2.0,16.0,1,4.149205927192461,19.91539552604052,5,0.7962762806017158,454.75680473424444,0.16789417093766495,6.583158905677425,39.21016953067175,0.91159872099778,0.9999999999999944,1.0000001131771632,0.999999999999998,0.10193548387096774,0.14311827956989248,0.7122464312546957,0.24989247311827958,0.08333333333333333,2.998709677419355,0.3008602150537634,0.08623655913978494,3.488778054862843,0.03346286004914396,0.050506654990570735,0.06644072281464222,0.0961590819343783,0.05813569280240823,0.08826146926887916,0.11594124093567862,0.16620210621438147,-2.2002611447235583,-2.161462015111049,-2.125189109641036,-2.0575371300601777,-1.2149437013417963,-1.1760834089554417,-1.140378303682669,-1.075545056231093,0.7603203519581224,0.9279279279279278,0.1466108684046983,-0.45945945945945965,0.4867549668874172,0.9569464444989575,0.9474845060544549,0.9916216415298217,0.13857573111443544,-0.17174901653630398
1,2.0,17.0,1,3.631405430137759,14.18975863490466,4,0.8593169854247642,461.8599468780421,1.383478181136147,6.214344857435147,4.491827151427695,0.9305955467581817,0.9999999999999952,1.0000001115284798,0.999999999999998,0.10516129032258063,0.14989247311827958,0.7015781922525106,0.2627956989247312,0.0632258064516129,4.1564625850340144,0.3080645161290323,0.05903225806451613,5.218579234972678,0.027888472701435615,0.028450282010232184,0.03362718127974913,0.05012738983205589,0.05392316574514506,0.049856152872917635,0.05810689257769498,0.08527830882850088,-2.667757009736438,-2.6662152414520492,-2.6520083228762226,-2.6067269474461274,-1.476107739654329,-1.4824532593421638,-1.4695801180759076,-1.4271861640406907,0.7023201646848645,1.0160160160160154,0.06038378765584649,-0.6576576576576575,0.4867549668874172,0.9515711973690258,0.9288818815683338,0.986552520656029,0.15027808400599388,-0.1346748725702283
1,2.0,18.0,1,3.9340122738860304,17.29469418808372,5,0.8713528097027649,461.21580648794776,0.27377964653903625,5.461832382528125,19.949738600270134,0.9607342595061076,0.9999999999999951,1.000000315561691,0.9999999999999978,0.10516129032258063,0.06999999999999999,1.5023041474654377,0.26602150537634406,0.08333333333333333,3.1922580645161287,0.24870967741935482,0.06215053763440861,4.001730103806228,0.015932459508149813,0.020819590356428087,0.026639266977853758,0.05330639524115086,0.02724447484593438,0.03326862751234746,0.0402774894820731,0.0828362318022995,-2.6870018530838298,-2.6736575153171116,-2.657766856167534,-2.584952115195497,-1.701352841428039,-1.6908165771857209,-1.6785580529018511,-1.6041226626092562,0.6848032565578128,0.9059059059059056,0.13936192742241435,-0.5695695695695696,0.4966887417218543,0.93124283159088,0.9351256456156067,0.9839475956788734,0.11917321563076066,-0.1335198841644457
1,2.0,19.0,1,3.2072912402269473,11.533068550070224,4,0.8747347283125084,458.9565241543902,2.2235781110225576,5.138232169150209,2.310794544918095,0.9450157236300929,0.9999999999999948,1.0000003824299375,0.9999999999999977,0.10193548387096774,0.07999999999999999,1.274193548387097,0.2627956989247312,0.07989247311827957,3.2893674293405115,0.25860215053763447,0.03247311827956989,7.963576158940399,0.018163447790917504,0.020557505461397004,0.02627638792992496,0.051695488818922566,0.025727386973122986,0.028781889657482487,0.0376828971718229,0.07137394053492131,-2.924799931197878,-2.917668255671898,-2.9006322357632426,-2.824911094231103,-2.0259529910863154,-2.019601299817448,-2.0010920832427006,-1.931033180671039,0.6933428375376848,1.0380380380380387,0.06852291595284057,-0.5915915915915918,0.5331125827814569,0.9485868090867848,0.9345541623589088,0.9845964150525662,0.13747792270426926,-0.16482912719887644
1,3.0,0.0,1,5.7416439273099655,48.35329818975529,3,0.720436160841657,-196.8962714035647,0.12223444286558172,4.883677870168684,39.953369571448434,0.8819498786993488,0.9999999999999946,1.0000002119776157,0.999999999999998,0.10516129032258063,0.08,1.3145161290322578,0.28537634408602147,0.08,3.5672043010752685,0.29720430107526885,0.05279569892473118,5.629327902240327,0.013813153796144015,0.020281731280708478,0.02471363237606086,0.05111067553722383,0.022385186326174696,0.03133877015736611,0.03910442829226622,0.07978945716065565,-2.3150970785181335,-2.2999119390140645,-2.2895079457772587,-2.2275402590866853,-1.4385794520496091,-1.4254040771047967,-1.4139767582177933,-1.3541079369627609,0.6894489038039089,0.9939939939939944,0.053177231778509665,-0.5475475475475475,0.4768211920529801,0.951618255971898,0.9242212677723602,0.9855668136793923,0.14642449807618263,-0.16200158783992236
1,3.0,1.0,1,4.309495482209897,22.286800670571935,6,0.7013495846636767,-206.37506085823526,0.27171512706178996,5.113906033474649,18.820836693099203,0.912700704058779,0.999999999999994,1.000000228298082,0.9999999999999973,0.10838709677419356,0.1,1.0838709677419356,0.2759139784946236,0.05989247311827957,4.6068222621184916,0.2643010752688172,0.03236559139784946,8.16611295681063,0.02259195894962646,0.02759322628612747,0.03180416817823212,0.05490543394699272,0.03040545515925722,0.034473423844804535,0.03832168926455681,0.06732532514557546,-2.338227820496487,-2.326263418800569,-2.3161896920978173,-2.2609251351875317,-1.867267044373941,-1.8594328585232818,-1.8520217821774596,-1.7961659259994085,0.6679099993841927,0.9499499499499499,0.058853157751914506,-0.5475475475475475,0.543046357615894,0.9503115938295136,0.9338180975017025,0.9814427551073465,0.15318704736591748,-0.1710675952164196
1,3.0,2.0,1,3.990454927039419,19.313436005993776,3,0.5634194795360241,-210.26277963245929,0.01211004057936596,4.425127473548294,365.40979731217203,0.8177667798991595,0.9999999999999918,1.0000001963470517,0.9999999999999946,0.10193548387096774,0.07333333333333333,1.3900293255131964,0.2724731182795699,0.03666666666666667,7.431085043988269,0.3320430107526882,0.058064516129032254,5.71851851851852,0.009853654945492766,0.013883480213975823,0.01830762613030666,0.039654261519032,0.010707062434758684,0.017530936538634405,0.023563457752588356,0.04887303613586335,-2.535059555156958,-2.5247420428987892,-2.5134149563174764,-2.4587614272882288,-1.9762638534909387,-1.9626321219580598,-1.950581238778912,-1.9000214874588808,0.6680264625800545,0.9059059059059056,0.09772146969725724,-0.45945945945945965,0.5231788079470199,0.9623948795165653,0.9423023617826851,0.9851628780984913,0.1233898934165764,-0.19134567168697614
1,3.0,3.0,1,3.1333336132538014,10.78049695476761,3,0.7016310822499727,-206.22340813821415,1.9425022609999303,4.134843552190208,2.1286171116535737,0.8318389889712596,0.9999999999999866,1.0000002610379644,0.9999999999999956,0.11161290322580646,0.06333333333333332,1.7623089983022076,0.2725806451612903,0.06,4.543010752688172,0.31430107526881723,0.049032258064516124,6.410087719298247,0.011239500333313834,0.017121334926692783,0.024594998254371333,0.052295051973236785,0.013564994972466873,0.021429308645144838,0.03044018952344016,0.06697999067563755,-2.4411025463240748,-2.4265811719287638,-2.4081298092522463,-2.339742498382495,-1.9207408859373205,-1.9054278559516025,-1.8878822830217676,-1.816733662302366,0.684878439653127,0.9059059059059056,0.1259215613694151,-0.4814814814814818,0.49337748344370863,0.9696913083063115,0.9515759694142173,0.9919021761973041,0.11508942739513635,-0.21707188697997723
1,3.0,4.0,1,3.9737921962259395,18.230436232629277,5,0.7105503478276087,-202.61939185275142,0.5635761975913567,5.6926297864956,10.100905273900988,0.8893091908489482,0.9999999999999933,1.0000003140362026,0.9999999999999982,0.10193548387096774,0.05,2.0387096774193547,0.25311827956989247,0.07634408602150537,3.315492957746479,0.2550537634408602,0.04204301075268817,6.066496163682865,0.006317120056893777,0.007991238894949128,0.011370166460067499,0.029430073050141142,0.00821227610962801,0.01085569458955795,0.015544462266241487,0.04072636748998903,-2.192777203366223,-2.1890828963615334,-2.1816265584431007,-2.1417734501074674,-1.5842461749972867,-1.5800236730295079,-1.5725340035384405,-1.5323093303862287,0.6776279497077692,0.861861861861862,0.02614673211801092,-0.7677677677677676,0.5264900662251656,0.9611365146335874,0.9493899458190993,0.9892142195983589,0.14456136987923743,-0.16531250894373742
1,3.0,5.0,1,3.3107416253984323,12.166338770919374,2,0.6640341453579895,-203.2448571870816,0.5654563940967857,5.4522800506442035,9.642264386015539,0.9112194908361749,0.9999999999999913,1.0000001124481637,0.9999999999999963,0.11161290322580646,0.12,0.9301075268817205,0.2694623655913978,0.08333333333333333,3.2335483870967736,0.27827956989247316,0.048817204301075265,5.7004405286343625,0.012119465376068046,0.01609201906352916,0.020128943026354484,0.03448367287273576,0.017792700204723993,0.022174084776508642,0.02786150327978006,0.0470412386888297,-2.4410721911289803,-2.4312559329941648,-2.4212806146454673,-2.3858097954410886,-1.7548716432250373,-1.747043593540728,-1.736882103744608,-1.7026144152424805,0.6831223169053506,1.0380380380380387,0.02893753019050953,-0.5695695695695696,0.5298013245033113,0.9307342947830127,0.912827314106208,0.9722030638327791,0.13795425243268458,-0.1878949336476983
1,3.0,6.0,1,5.070759311987751,32.65748219432848,4,0.7702575429256656,-199.84565441867974,0.5478902704232737,5.340653895304063,9.747670626050963,0.8895153142130889,0.9999999999999958,1.0000001638478013,0.9999999999999986,0.11806451612903228,0.14666666666666667,0.8049853372434019,0.29827956989247306,0.08666666666666667,3.4416873449131504,0.2939784946236559,0.04193548387096774,7.01025641025641,0.00974548836645386,0.012500745595969786,0.015532547081938004,0.02350073342593972,0.012521035766920798,0.016622365730279035,0.020754475614516595,0.03066405119416983,-2.185817531021764,-2.1797357717528105,-2.173043588318397,-2.155455179281577,-1.6134295902755136,-1.6067284782903029,-1.5999770753754299,-1.583785943162602,0.6979404232731762,0.8838838838838833,0.027506760079080674,-0.7237237237237242,0.5165562913907285,0.9508210325326927,0.9407035478067938,0.9910137272637236,0.13237182150049975,-0.1484890332022094
1,3.0,7.0,1,3.8118590394051615,17.613196325407998,5,0.817067252115693,-202.86217258942958,0.9556627901294661,7.741471466780289,8.100630836250861,0.8988698852145954,0.9999999999999917,1.0000001559654657,0.9999999999999971,0.10516129032258063,0.13333333333333336,0.7887096774193546,0.2627956989247312,0.0764516129032258,3.437412095639944,0.2273118279569893,0.0453763440860215,5.009478672985783,0.02986517879096747,0.03492510195902621,0.04308464733853384,0.06791871848114632,0.03834652713860622,0.0442035647155262,0.05310927255777663,0.0831174047407425,-2.6482931745282907,-2.6344804964379325,-2.6122064084829475,-2.544413871131523,-2.1074698094728355,-2.0946340737170246,-2.075117157344142,-2.0093541414564156,0.7171441426399551,1.0380380380380387,0.0758367791499719,-0.3493493493493495,0.5264900662251656,0.9538717838414394,0.93242454565368,0.9857024916609896,0.14805638709970156,-0.18038689485996584
1,3.0,8.0,1,5.210627805933326,37.26927080880788,4,0.8191004039730816,-195.83383514175904,1.2567886455632462,5.226973904645155,4.1589919857229605,0.9191831073636288,0.9999999999999938,1.0000002182722885,0.9999999999999973,0.10516129032258063,0.1,1.0516129032258064,0.2563440860215054,0.06666666666666668,3.84516129032258,0.23182795698924732,0.0453763440860215,5.109004739336494,0.008742883839961899,0.011110958491474244,0.015486807085287262,0.0290819091620357,0.013639877625980791,0.0161138427172994,0.02123713203645241,0.040503705247581845,-2.4208498569961567,-2.415066540954323,-2.4043798358907513,-2.3711778539006105,-1.7108071590963023,-1.706516153110177,-1.6976299868444193,-1.6642127889740104,0.6579373061656592,1.0160160160160154,0.02893753019050953,-0.7017017017017019,0.49337748344370863,0.9516512291531474,0.9427871710977234,0.9899922700480034,0.12595077922544162,-0.15180593009819526
1,3.0,9.0,1,4.692306932200815,26.552423574736114,3,0.7268763767490447,-200.13723639940957,0.23693650728067217,5.4154025558898145,22.855922956080352,0.8518378569991975,0.9999999999999944,1.0000001514642647,0.9999999999999976,0.10193548387096774,0.09333333333333334,1.0921658986175113,0.25311827956989247,0.056666666666666664,4.466793168880455,0.2903225806451613,0.035483870967741936,8.181818181818182,0.009373633211459714,0.012094772690431337,0.016090801419070194,0.02998209669026067,0.012859589388604415,0.016547041342165444,0.021721103630177038,0.04046061436477456,-2.2886297111272955,-2.282343102100438,-2.273111134951684,-2.2410182771906357,-1.656185912859821,-1.649999248922061,-1.6413184077959677,-1.6098779831523211,0.6642952266254162,0.9059059059059056,0.02362508465477945,-0.7237237237237242,0.5066225165562914,0.959141465334011,0.9510652642865836,0.9905320329897759,0.10762966398403126,-0.15093390140059623
1,3.0,10.0,1,4.217019013632728,19.91609346919388,6,0.8350252186564486,-199.3687544097307,1.0080482970278228,4.994499377500486,4.954623099137714,0.9438537526005876,0.9999999999999925,1.0000004039364725,0.9999999999999986,0.10193548387096774,0.12666666666666665,0.8047538200339559,0.25311827956989247,0.07666666666666666,3.301542776998598,0.291505376344086,0.035483870967741936,8.215151515151515,0.010009928603957339,0.011430165849886523,0.01349344237327476,0.021870754982834643,0.01730303404394627,0.020383009977560537,0.023864007481403052,0.03795929208374569,-2.0846576774723045,-2.0816670328546434,-2.077322317317078,-2.059681909041591,-1.1540232395840408,-1.1504062916052786,-1.1463184067785863,-1.1297657088837383,0.6633430241590709,0.971971971971972,0.017427746784089173,-0.8778778778778776,0.48013245033112584,0.9697276800507791,0.9468838701584057,0.9874767930522872,0.14057922835606892,-0.13263940723877699
1,3.0,11.0,1,3.715287835589987,17.301415975094802,6,0.7798398858699485,-206.17587435071388,0.4855768874749201,4.933339498910039,10.159749415925083,0.9451289340205516,0.9999999999999928,1.0000001420764224,0.999999999999997,0.10193548387096774,0.11000000000000001,0.9266862170087975,0.24989247311827958,0.056666666666666664,4.409867172675522,0.2721505376344086,0.04838709677419355,5.624444444444444,0.010363895917928296,0.015313967220198909,0.022008411560285504,0.03921194493685899,0.013888046777139753,0.01953081158456163,0.027897015868156735,0.04920831292065341,-2.4999963421693523,-2.487491584008137,-2.470580230133678,-2.4271210532337864,-1.9472525256379498,-1.9361098881443852,-1.9195893375436242,-1.8775064108794992,0.6991368572307968,0.8398398398398399,0.05594325706169377,-0.45945945945945965,0.5132450331125827,0.9469186436756355,0.9202056113721051,0.9706888717707793,0.16339111648087637,-0.1462486315546216
1,3.0,12.0,1,2.693991612127871,7.60941415732618,4,0.47963218305219735,-209.88196667192153,0.4178960905661652,5.157283744497447,12.34106721962956,0.710031089975402,0.9999999999999887,1.0000001095081523,0.9999999999999938,0.11483870967741935,0.10333333333333332,1.1113423517169616,0.282258064516129,0.05311827956989247,5.313765182186234,0.2304301075268817,0.05924731182795699,3.889292196007259,0.02571617004744074,0.03540993734446762,0.04537704167698676,0.07866683392946192,0.03355276892817843,0.04482773640017206,0.059374178035432594,0.10054449743291924,-2.569902146622283,-2.5443325614361068,-2.518041985700085,-2.430232349595982,-1.9297922386686348,-1.9072784955286561,-1.8782323052500212,-1.796023820107314,0.6673126659461711,0.9279279279279278,0.209083769055575,-0.19519519519519515,0.4735099337748344,0.9578282902658063,0.9433620307502413,0.9831126986693827,0.12474938942450496,-0.22183150136769686
1,3.0,13.0,1,3.249712676452493,11.386629908676108,3,0.8393811060895309,-200.62970791041278,1.2449668285015572,5.760195330148022,4.626786190826463,0.9365999618831745,0.999999999999991,1.0000002129592294,0.9999999999999966,0.11161290322580646,0.10333333333333335,1.080124869927159,0.2627956989247312,0.1032258064516129,2.5458333333333334,0.2621505376344086,0.05258064516129033,4.9856850715746415,0.01986289639654157,0.02186792324374074,0.0272289036262496,0.04754356718135423,0.0288788699987175,0.03490693005453458,0.041608336095222714,0.07220869263468498,-2.3910144204505857,-2.38612321891621,-2.373045271601283,-2.3234882725566792,-1.5085786578747566,-1.4992144267117697,-1.4888041927889204,-1.4412683670585813,0.6932228347759442,0.971971971971972,0.0758367791499719,-0.5695695695695696,0.5496688741721855,0.9442012452773627,0.9304116406272156,0.981254803775111,0.15465088964007564,-0.1564960848059133
1,3.0,14.0,1,2.701768013130272,7.0842078648454105,3,0.7139170230349587,-206.3007254105861,0.15665892922564778,4.502351205680174,28.73983135168181,0.8341699594487305,0.9999999999999898,1.0000001317902505,0.9999999999999962,0.10193548387096774,0.11666666666666667,0.8737327188940092,0.26602150537634406,0.07989247311827957,3.329744279946164,0.3132258064516129,0.06935483870967743,4.5162790697674415,0.03539603699547005,0.03677937810698545,0.045827747489318275,0.07585660768895236,0.05401655672136109,0.05421200628218422,0.06844138429604608,0.10934599241375319,-2.55516833764599,-2.5515039639300676,-2.527535467179289,-2.447991119715995,-1.658554398377134,-1.658211724590328,-1.6332639333168713,-1.5615475431521724,0.7140738006231707,0.9279279279279278,0.1466108684046983,-0.4814814814814818,0.5132450331125827,0.9155509450111367,0.9200057972780938,0.9783306713179543,0.13637936801261297,-0.1506847124274171
1,3.0,15.0,1,3.7508331570417504,17.71789700964357,4,0.7209641998607896,-205.55390538710003,1.5204941368538614,5.5234020515664595,3.6326362053557384,0.8285446629197977,0.999999999999988,1.0000002975599944,0.9999999999999969,0.10193548387096774,0.09333333333333334,1.0921658986175113,0.26301075268817203,0.07311827956989247,3.5970588235294114,0.2552688172043011,0.035483870967741936,7.193939393939395,0.01492269387685923,0.018964289570505794,0.02473434158307378,0.04813651801012401,0.02174536536721897,0.02595074706258027,0.03556993309141879,0.06800672022419832,-2.3599716718836343,-2.3502891309430147,-2.336465688650402,-2.2804005726590306,-1.6365703995031833,-1.6295350091686163,-1.6134425987012526,-1.5591774985962887,0.6759614204841715,0.9059059059059056,0.08829699955494083,-0.4154154154154152,0.4867549668874172,0.9652266837412612,0.9566890834997509,0.9926522919846836,0.13456501318286745,-0.18780658853596643
1,3.0,16.0,1,5.002368884176994,33.08993721172575,4,0.8216937352064174,-200.86619606489057,0.9580383687065845,5.190201408603615,5.41752979644305,0.9510061687053255,0.9999999999999917,1.00000015517822,0.9999999999999971,0.10193548387096774,0.07666666666666666,1.329593267882188,0.2595698924731183,0.0532258064516129,4.8767676767676775,0.2123655913978495,0.05225806451612902,4.063786008230454,0.02800022109819064,0.030703577954686593,0.04279243230554064,0.0816749776688175,0.038417540229254275,0.041919092479018726,0.05730042951113258,0.11221598893166833,-2.264248249128952,-2.2579508495184215,-2.2297901771684527,-2.139214297243926,-1.6154292298567179,-1.609546728780847,-1.5837065512864714,-1.4914500849164243,0.6979080021987148,0.8838838838838833,0.13247139878661174,-0.4154154154154152,0.5264900662251656,0.9476284936226148,0.9277893273844703,0.9819338927790981,0.14043738988496407,-0.16779585811823955
1,3.0,17.0,1,3.772577593166088,16.378205646950942,4,0.8132124119744232,-198.18831183051617,0.8969430725264825,6.1047116014468505,6.806130498618247,0.9155700460590506,0.9999999999999942,1.0000002740632083,0.9999999999999982,0.10193548387096774,0.11666666666666667,0.8737327188940092,0.25311827956989247,0.05,5.062365591397849,0.24559139784946238,0.042258064516129026,5.8117048346055995,0.01571842790802782,0.018049977386028183,0.021247848568860694,0.03512729918302601,0.023669625041302492,0.026973627967816317,0.03178883513398938,0.05307754496522163,-2.429971320119401,-2.424215245309488,-2.4163204157403397,-2.382055152742727,-1.568058698731933,-1.5627522259820965,-1.5550186475984134,-1.5208274071209715,0.6732472911100896,0.9059059059059056,0.03728821307182838,-0.6576576576576575,0.47019867549668876,0.9486352153005723,0.9326243735030906,0.9855915815212763,0.14393141008730725,-0.170981118452603
1,3.0,18.0,1,2.928766937909211,10.167864209160507,3,0.8219762297627075,-194.91898748008896,1.1883169958030808,6.907828294331463,5.813119158211701,0.9056744045812745,0.9999999999999931,1.000000133232867,0.9999999999999961,0.10193548387096774,0.07666666666666666,1.329593267882188,0.25311827956989247,0.05989247311827957,4.226211849192101,0.21580645161290324,0.04204301075268817,5.13299232736573,0.013071110400783221,0.01811186233188083,0.02457283584663653,0.048101624793011895,0.01600782106104498,0.023602305637973373,0.032338949755366345,0.0632418404091626,-3.0762596918607485,-3.060547656124717,-3.0404087863408016,-2.967069495337347,-2.258797536438275,-2.2413640614370998,-2.221308708730552,-2.150369757414002,0.6970490586606517,0.9279279279279278,0.07978144572076629,-0.32732732732732733,0.5231788079470199,0.9659839691948534,0.9561593552369493,0.992279226770752,0.10584685824240804,-0.17909654458979646
1,3.0,19.0,1,4.820663545856707,30.343676585615285,5,0.740487254051144,-203.4242007451802,0.5363661785332512,4.0027411052590045,7.462702283363418,0.8766960678944398,0.9999999999999915,1.0000001964103373,0.9999999999999973,0.10193548387096774,0.08666666666666667,1.1761786600496278,0.26602150537634406,0.049892473118279566,5.331896551724138,0.2840860215053763,0.035483870967741936,8.006060606060606,0.01177552539480735,0.014468803051615015,0.018376514673281188,0.033808911976749796,0.016668176454705346,0.019074771649670412,0.024495951518525922,0.0434253074448388,-2.134413575489399,-2.1285965080710385,-2.1201564492091953,-2.0868248336164634,-1.580625749165772,-1.5767573435656503,-1.568043238838847,-1.537615842230874,0.6941707287410491,0.861861861861862,0.01788100080485603,-0.5915915915915918,0.5165562913907285,0.9504551643259546,0.9423770376818736,0.9870191949842241,0.1188145630246492,-0.16205022118032214
1,4.0,0.0,1,3.2469002201798194,11.390477705420693,4,0.7724315779155466,-115.95297161311933,0.0026846402880747458,6.020322737403026,2242.5062918654257,0.8578721631312934,0.9999999999999889,1.0000003504566315,0.9999999999999956,0.10193548387096774,0.12,0.8494623655913979,0.2595698924731183,0.06666666666666668,3.8935483870967738,0.3146236559139785,0.0421505376344086,7.464285714285715,0.0071975145923750755,0.009806792763328305,0.01366213575875636,0.02497263409880639,0.010326283616329588,0.016042132009819354,0.0212883796931943,0.03877175335571195,-2.2422080951978662,-2.2363151358997917,-2.2276079847784245,-2.202063638031176,-1.3679757958987053,-1.3600750684914016,-1.3528234463341813,-1.3286570654300074,0.6708223160950452,0.9059059059059056,0.030442722120642998,-0.5915915915915918,0.5,0.9562946285519859,0.95939053655883,0.9870097077000561,0.1081534036997758,-0.1694755355120871
1,4.0,1.0,1,2.7325721249412043,7.692256826340829,3,0.6339022638120213,-120.54118227619435,0.5976113324271692,4.778317186728519,7.995693735126503,0.8325444280750947,0.9999999999999881,1.0000002019118437,0.9999999999999938,0.10516129032258063,0.08333333333333333,1.2619354838709678,0.26924731182795697,0.04666666666666667,5.769585253456221,0.29440860215053766,0.029139784946236556,10.103321033210333,0.014802936669090168,0.018439673727791126,0.02418781323549876,0.045603134020423625,0.01828981125855493,0.024876548372398992,0.030563242085731905,0.057293634429243304,-2.4717865427622634,-2.4626622385435017,-2.448240581790857,-2.394511126339431,-1.8805673378096908,-1.8679497620514989,-1.85705631245704,-1.8058514830231214,0.6508793773046472,0.9059059059059056,0.34716868189265593,-0.283283283283283,0.4735099337748344,0.9300541447441205,0.9358609951338116,0.9806325174726399,0.13595094142228228,-0.21242385591452817
1,4.0,2.0,1,3.614176131281417,14.268620741841652,4,0.7990294053464688,-105.86839183624396,0.7004054519347448,5.365000252852842,7.659849360157018,0.8507958088750567,0.9999999999999909,1.0000002154194,0.999999999999997,0.10193548387096774,0.06999999999999999,1.4562211981566822,0.2563440860215054,0.05,5.126881720430108,0.27182795698924733,0.03881720430107527,7.002770083102494,0.008706194503899917,0.011625348822547529,0.015077415027723985,0.031001176425829183,0.012106030668569032,0.015431680117993708,0.02018074809681948,0.040158483333756406,-2.3253506896649463,-2.3185030149690387,-2.3104052497187464,-2.2730517130136394,-1.7197656502452576,-1.7139762256051334,-1.705708856601766,-1.6709308096688245,0.6732448658905209,0.971971971971972,0.05594325706169377,-0.393393393393393,0.4602649006622517,0.9681798235994616,0.9571432706862667,0.9903827636151415,0.11634929227199134,-0.17063492100981403
1,4.0,3.0,1,2.8521384222244057,9.155534346157438,3,0.8143178396961841,-108.25766922146406,0.8299336768284056,5.208752924322008,6.276107440569559,0.898105570780441,0.9999999999999918,1.0000001596818329,0.9999999999999962,0.10193548387096774,0.08666666666666667,1.1761786600496278,0.2564516129032258,0.06,4.274193548387097,0.19236559139784945,0.0453763440860215,4.239336492890995,0.018215626986838155,0.01935669673535745,0.025463917223653997,0.04727891442456037,0.02000662306571993,0.0223451686972826,0.027372247061291415,0.05201064494326404,-2.9113878812136074,-2.908004147749544,-2.88989376811195,-2.8252034753906416,-2.588664630810335,-2.582487333589307,-2.5692082438898116,-2.504125611029149,0.7041046739530026,0.9279279279279278,0.15423686462966274,-0.45945945945945965,0.5397350993377483,0.9551339277556566,0.9359055910003863,0.983203604323537,0.13826359044677264,-0.1930585281058848
1,4.0,4.0,1,3.740898961405715,16.95903485135645,3,0.6777064652477849,-110.55859790427346,0.40599678935499034,5.2037174742364725,12.817139471727476,0.8519548406954377,0.9999999999999897,1.000000257943765,0.9999999999999973,0.12129032258064518,0.06,2.0215053763440864,0.2789247311827957,0.09,3.099163679808841,0.29333333333333333,0.04225806451612903,6.94147582697201,0.01891946678102498,0.026032281080014076,0.035030120240664084,0.07191345556936353,0.028666560940634855,0.03935862782716206,0.05278855656285097,0.10956685138100097,-2.3593075072837144,-2.342202574910365,-2.3205645250640385,-2.231867290751225,-1.547985445780332,-1.530945814218093,-1.5095429329985957,-1.4190570396066877,0.6797659045616913,0.9279279279279278,0.11969557023590428,-0.503503503503503,0.5231788079470199,0.946543145321928,0.9245452173930688,0.9825607981469968,0.1375948411006579,-0.16053068564959325
1,4.0,5.0,1,3.7676645551197474,17.06085097341171,3,0.8113599268130507,-106.31043871219137,0.2478016100497385,6.2972687868773045,25.412541853998942,0.9063123239813502,0.9999999999999942,1.000000244964701,0.9999999999999981,0.10193548387096774,0.09989247311827956,1.0204520990312165,0.25311827956989247,0.07666666666666666,3.301542776998598,0.3144086021505377,0.048602150537634406,6.469026548672567,0.014875100115520483,0.01645165947827223,0.022795258518126228,0.041086767041868366,0.02532065477602611,0.027189833762156567,0.03584391459269267,0.06828750479515486,-2.332966273141219,-2.3292326756843518,-2.3142098063892544,-2.270891976867567,-1.382522895560082,-1.379871579763879,-1.3675962966701407,-1.3215770530195372,0.7132087952922711,1.0160160160160154,0.03728821307182838,-0.7677677677677676,0.5231788079470199,0.9516509760444286,0.9390323163698969,0.9835382655974593,0.12174538331898788,-0.14309866924052292
1,4.0,6.0,1,3.8620667439489953,18.64739627999674,4,0.7173978837887913,-112.6780082091336,0.8572463063044892,5.193573123294789,6.058437446856797,0.8503452023419871,0.9999999999999937,1.0000002153810226,0.9999999999999968,0.10193548387096774,0.10666666666666666,0.9556451612903226,0.2563440860215054,0.06999999999999999,3.6620583717357915,0.3267741935483871,0.02591397849462366,12.609958506224066,0.01330892953101204,0.01548404091104885,0.021815227077103493,0.03896080737296223,0.020005034334208954,0.022962785744370637,0.030666747775401546,0.05458594337954467,-2.2879364609311583,-2.282892818820759,-2.268212082262178,-2.228454959210408,-1.5558819985511296,-1.5511861456779128,-1.538955005456229,-1.5009798656196423,0.7161323087072734,0.8838838838838833,0.11377741332214902,-0.3493493493493495,0.5,0.9751941629046316,0.9611089226903087,0.9915086709538379,0.1278940011296083,-0.18619410962685376
1,4.0,7.0,1,3.888728468804933,17.04143389308563,4,0.7096251247819481,-113.85105494210072,1.0208664244992778,5.018226587395891,4.915654454849241,0.8333683361542541,0.9999999999999896,1.0000002522961797,0.9999999999999964,0.10193548387096774,0.16999999999999998,0.5996204933586338,0.2563440860215054,0.08666666666666667,2.957816377171216,0.26064516129032256,0.03236559139784946,8.053156146179402,0.015889793697259142,0.01662531813540917,0.019721264026977273,0.027350148779741276,0.023033738436641363,0.02579052751023289,0.03064840507418193,0.04076011721416676,-1.9250940975375062,-1.9236552812896828,-1.9175990620532777,-1.9026756104781581,-1.2531981967318366,-1.249661940433419,-1.2434305242191652,-1.2304597800714374,0.7087924018480334,0.9059059059059056,0.016996903186794164,-0.8998998998998998,0.5298013245033113,0.9489883726469538,0.9440662745232606,0.9880860427520031,0.133386155891252,-0.18167418110855782
1,4.0,8.0,1,3.3418224829888246,12.74737492499711,4,0.7343074538354041,-109.74841574663174,1.0347105636935903,5.017588221990649,4.849267416464216,0.8434878004539643,0.9999999999999911,1.00000019528966,0.9999999999999964,0.10193548387096774,0.08333333333333333,1.2232258064516128,0.2693548387096774,0.06666666666666668,4.04032258064516,0.2681720430107527,0.048494623655913977,5.529933481152994,0.009671577277183869,0.013213704694400167,0.01603907397007505,0.03264482161837808,0.012259504518077252,0.016772384318591252,0.01975479654899604,0.04073408222082267,-2.711922762540633,-2.7022229743187043,-2.694485961954443,-2.649012658348127,-2.1280893151644906,-2.118366304588307,-2.1119406901379816,-2.0667407678079623,0.6572899885331028,0.9499499499499499,0.1259215613694151,-0.5475475475475475,0.49337748344370863,0.9497599116364664,0.9391352168241155,0.9875612080613825,0.12182077989188025,-0.14984496579988396
1,4.0,9.0,1,3.8442175326597314,17.662921502251503,5,0.5730081281986896,-118.13249366632746,1.1349119275074027,4.058342777211804,3.575909882386299,0.8306874243407758,0.9999999999999925,1.0000002737634148,0.9999999999999968,0.11161290322580646,0.08333333333333333,1.3393548387096776,0.2756989247311828,0.07333333333333333,3.759530791788856,0.27698924731182795,0.02924731182795699,9.470588235294118,0.01674424204213732,0.020967508935969898,0.02586933863024441,0.04693894959086654,0.025003453305576663,0.031198186900646397,0.03839330202299487,0.0680703947257353,-2.1009171597367597,-2.0918933286372816,-2.081419616141362,-2.0364002945071977,-1.405161859775676,-1.3962340298169194,-1.3858644532467286,-1.3430939235291628,0.693857445720813,0.8398398398398399,0.04341478330055092,-0.6356356356356354,0.5364238410596026,0.932620343019531,0.9322833713476005,0.9812897567375773,0.1421357390315261,-0.18706906812223914
1,4.0,10.0,1,3.265302546288021,11.86461843036464,4,0.7952180441440064,-113.20976120519457,1.8049929444464163,5.02316052755718,2.782925297859135,0.9115635076344879,0.999999999999992,1.0000001056674983,0.9999999999999962,0.10193548387096774,0.09333333333333334,1.0921658986175113,0.2532258064516129,0.06,4.220430107526882,0.23591397849462367,0.03870967741935484,6.094444444444445,0.013083894437286114,0.014615971887025502,0.017584524389590017,0.03243258413502044,0.019909665875545223,0.022766904318156717,0.026850817596695067,0.04511492691596755,-2.2014536702593737,-2.198036158369721,-2.191414389036651,-2.1582937261570327,-1.4478439897252697,-1.4436231180746555,-1.4375901340842836,-1.410609375285946,0.6551764834701803,0.8398398398398399,0.026826746098545795,-0.6356356356356354,0.4867549668874172,0.9569822300857772,0.9431894982358916,0.989198165375154,0.11851165419721543,-0.19295060263309527
1,4.0,11.0,1,3.4456819644865004,14.159538079186405,5,0.863660842444582,-110.16670398483669,0.09118796319796943,5.428732418025367,59.53343212897044,0.9476171600138692,0.9999999999999891,1.0000003158161839,0.9999999999999947,0.10193548387096774,0.07333333333333333,1.3900293255131964,0.2532258064516129,0.056666666666666664,4.468690702087287,0.21311827956989243,0.07440860215053763,2.864161849710982,0.019182170888521314,0.02252958876931735,0.03111892431067739,0.06255891182193578,0.026125339138990004,0.02935555099664996,0.039179853820641194,0.07688299602848862,-2.5535792122502396,-2.544864141559835,-2.5225016313826614,-2.4406469829869586,-1.992399617310185,-1.9857910945426427,-1.9656920633494972,-1.888557161780241,0.6792279290998937,0.9279279279279278,0.08829699955494083,-0.4814814814814818,0.4470198675496689,0.94829504514275,0.9383400060705884,0.9817228345516975,0.13862660620977904,-0.17624807984647564
1,4.0,12.0,1,3.978494538806474,18.2013210042684,4,0.7229562786291157,-112.94480706969023,0.3494199233038297,6.4827378177959325,18.552856850578102,0.8434729185149716,0.9999999999999938,1.0000001996553358,0.9999999999999978,0.11161290322580646,0.12999999999999998,0.8585607940446652,0.29827956989247306,0.0564516129032258,5.2838095238095235,0.3624731182795699,0.05591397849462365,6.482692307692308,0.030694872132125014,0.04547247211614282,0.053946267111316344,0.08200843308367425,0.04031063001025735,0.06582772437306979,0.07761095764524903,0.11325672272581357,-2.4929731742625547,-2.454966400873071,-2.433172496147079,-2.3609989101735116,-1.7354021922638863,-1.6892597394221898,-1.6679521689812302,-1.6034940841048744,0.7401792684408812,0.9499499499499499,0.11377741332214902,-0.32732732732732733,0.5198675496688742,0.9680580847893251,0.9555778348090631,0.9932236013488058,0.10662583633787658,-0.1732046734365099
1,4.0,13.0,1,3.2044254011560755,11.68374346666132,2,0.7853110787366561,-113.8602265313163,0.31148675521611313,5.910323420118212,18.974557733658887,0.9191565278345692,0.9999999999999912,1.00000021333155,0.9999999999999961,0.10193548387096774,0.09666666666666665,1.0545050055617353,0.2563440860215054,0.09,2.848267622461171,0.23193548387096774,0.026021505376344085,8.913223140495868,0.021814530726837825,0.022585919957983407,0.027745171734143457,0.05047932984038782,0.031143830880867383,0.03167632777626305,0.03907350816710104,0.06760126170000247,-2.4202342842936906,-2.4183257069099553,-2.405560645045722,-2.349311609866157,-1.7147398927823823,-1.7137974477648232,-1.7007054732132139,-1.6502153400092268,0.702383288732596,0.8178178178178177,0.050547968211912354,-0.6576576576576575,0.5165562913907285,0.9565422657708977,0.9309634200849803,0.984182203208896,0.15434129060840032,-0.20209120095298486
1,4.0,14.0,1,3.122523198308741,10.479185679243825,3,0.7912454758206395,-109.16112368960779,0.851350505957332,5.780712233829635,6.790049683860002,0.8992629687885868,0.999999999999994,1.0000003057136355,0.9999999999999982,0.10193548387096774,0.12666666666666665,0.8047538200339559,0.26602150537634406,0.09666666666666666,2.75194660734149,0.29430107526881716,0.04548387096774194,6.4704491725768305,0.026069911346817888,0.03200767311436619,0.03849266745222058,0.06298863666063664,0.039200173766970936,0.04692356401097065,0.057715673551479725,0.09367132630691535,-2.5345730658133907,-2.51912052848799,-2.502243863343156,-2.4384951153580685,-1.650738831300899,-1.6374693657608743,-1.6189275698490062,-1.5571525876023156,0.6848709289463218,0.971971971971972,0.08393129498166373,-0.45945945945945965,0.4602649006622517,0.9627555201485195,0.9513472717357536,0.991029236567725,0.1358944304043251,-0.1672129130548351
1,4.0,15.0,1,3.0649729688456517,9.896261297121494,5,0.8710681525829685,-111.5946224355682,1.501711578983841,4.852828367851805,3.2315315642272364,0.9319127213977768,0.9999999999999927,1.0000002218902173,0.999999999999997,0.10193548387096774,0.10666666666666666,0.9556451612903226,0.25311827956989247,0.0732258064516129,3.4566813509544785,0.2824731182795699,0.048602150537634406,5.811946902654867,0.010892806636628153,0.013365959043190037,0.018628603392434964,0.034804032556970455,0.015231805469910141,0.01672267882260758,0.024139477569664582,0.04545354376593828,-2.653296672949249,-2.6466624000453045,-2.632545268114148,-2.5891544074736053,-1.9842147444896305,-1.9812107757333077,-1.9662666279505443,-1.9233208010578968,0.661379047783949,1.0160160160160154,0.04804870439655134,-0.6576576576576575,0.5397350993377483,0.9649714363001806,0.9478111915523632,0.9919562803403041,0.13764380292853556,-0.14690968382598144
1,4.0,16.0,1,3.1584971716383294,11.01051955076383,3,0.8273136859736258,-111.76378051802577,0.17297710372103783,5.361790911686466,30.997113469615538,0.9297638435090059,0.9999999999999898,1.0000001717719667,0.9999999999999961,0.10838709677419356,0.08666666666666667,1.250620347394541,0.26924731182795697,0.10655913978494622,2.526740665993946,0.2791397849462366,0.03924731182795699,7.112328767123289,0.029226141671571566,0.02897415425424029,0.038943967508897254,0.07074228001719572,0.04817340347104665,0.04617230929134915,0.06089240206948323,0.11271057384835978,-2.263415200646433,-2.26400272383308,-2.240757529625798,-2.1666179313365346,-1.3508883368888258,-1.3537284075468925,-1.3328367853497207,-1.2592933855852482,0.7369953925040148,0.9499499499499499,0.13936192742241435,-0.613613613613614,0.4966887417218543,0.9618232137263215,0.942678186281557,0.9848095931490396,0.1365944261679352,-0.15407731244776007
1,4.0,17.0,1,3.445848198728143,13.140125283759087,5,0.7885148209151475,-103.50791566761114,0.20441554657324892,6.799542731263441,33.26333463989705,0.8616777724637186,0.999999999999994,1.000000164749722,0.9999999999999981,0.10193548387096774,0.09333333333333332,1.0921658986175116,0.25311827956989247,0.06333333333333332,3.9966044142614607,0.2886021505376344,0.05559139784946236,5.191489361702128,0.014115613265050921,0.016077088305067856,0.020255170351301754,0.03563944036480441,0.02538192190143275,0.02870626673937196,0.03605511369561364,0.06138478181254733,-2.398537405893964,-2.3937653744899685,-2.383600606483068,-2.3461725392712895,-1.342422156125997,-1.337843260797317,-1.327721085559931,-1.2928324369173485,0.6988378936911217,0.9279279279279278,0.04126820845702952,-0.4814814814814818,0.5264900662251656,0.9520269520974949,0.9476189605294116,0.9845717076297288,0.13188731413949148,-0.17447632447862735
1,4.0,18.0,1,3.0002391370505093,11.03229702976446,3,0.7023964399097404,-111.09658197235377,0.37362556461278806,5.543685015386562,14.837542021868433,0.8547536300904904,0.9999999999999921,1.0000001732817194,0.9999999999999952,0.10193548387096774,0.07666666666666666,1.329593267882188,0.2595698924731183,0.08333333333333333,3.1148387096774197,0.239247311827957,0.0521505376344086,4.587628865979382,0.019120309502960803,0.02674106982446184,0.03413239426974065,0.06779353298461338,0.021709064457470294,0.03087692879912006,0.04050017459985522,0.07983328805673608,-2.787399468096272,-2.7657432920408,-2.7447391117861786,-2.6490830990678336,-2.334731359231149,-2.312851875738075,-2.289885605754079,-2.1960155205804397,0.6735997253017423,0.9499499499499499,0.05456024442010172,-0.3713713713713717,0.4768211920529801,0.9478840606766222,0.9356678857994085,0.9772964758994691,0.1349127516056902,-0.21383430018717584
1,4.0,19.0,1,3.1502624483605564,10.65561904364781,4,0.7331119206914716,-116.47601221818748,0.5594545049434666,4.504028841795738,8.050750868921638,0.8624060721256216,0.9999999999999843,1.000000333329423,0.9999999999999944,0.10516129032258063,0.09,1.168458781362007,0.2724731182795699,0.08333333333333333,3.2696774193548386,0.2572043010752688,0.06182795698924731,4.16,0.030542012897768905,0.034332239050356275,0.03984057609254106,0.06240558915385154,0.04300650296507131,0.049139351844290566,0.055009620883546974,0.08586048896249013,-2.3513780401455975,-2.342185012019625,-2.328824780910045,-2.2740943264768827,-1.6685471961201659,-1.6578543880359367,-1.6476193958690413,-1.5938299713949113,0.7361585122477134,0.8838838838838833,0.050547968211912354,-0.4374374374374374,0.5264900662251656,0.9347295831967275,0.9245426276809263,0.9774818741617008,0.13603397725504815,-0.15029174576891935
1,5.0,0.0,1,2.328144444984881,4.837741475964811,4,0.7950624938720043,16.069959899745662,0.06111746080680552,4.838524234962604,79.16762527581687,0.8740207620539119,0.9999999999999895,1.0000002524484546,0.9999999999999963,0.10516129032258063,0.09333333333333334,1.126728110599078,0.2661290322580645,0.06333333333333332,4.202037351443124,0.24526881720430108,0.042258064516129026,5.80407124681934,0.007370691493350461,0.009285087133654677,0.015438126541561422,0.030138279235117155,0.010276154278453957,0.010950366244496693,0.019908531032844734,0.03744814154133128,-2.9953213605529445,-2.9895445513203223,-2.970977367969113,-2.9266187327877273,-2.3165785260509346,-2.3150004444786934,-2.2940326843593204,-2.2529789245303498,0.6749930870359435,1.0160160160160154,0.04804870439655134,-0.613613613613614,0.4900662251655629,0.9589162354628722,0.9407375280140847,0.9860152427688939,0.13096751600745257,-0.16112184137557645
1,5.0,1.0,1,4.13471349755584,22.40082447708322,4,0.6509610508351729,6.999440748270658,0.030328061396970276,7.310341184723125,241.042151987117,0.8147465588589491,0.9999999999999928,1.000000160279868,0.9999999999999981,0.10193548387096774,0.12666666666666665,0.8047538200339559,0.2789247311827957,0.056666666666666664,4.922201138519925,0.2279569892473118,0.03247311827956989,7.0198675496688745,0.009524655201786572,0.012360849649719481,0.016056802469897727,0.030174507062011368,0.015510633028162362,0.020134749995517353,0.025117831983931454,0.045032077812973,-2.079423788035899,-2.073469424574456,-2.0657100671567274,-2.036071075216665,-1.3102864041379085,-1.3041320282789746,-1.297499895115153,-1.2709954285014475,0.6761139444860442,0.8398398398398399,0.038257990330552764,-0.7677677677677676,0.4867549668874172,0.9560334268874625,0.9421485014996155,0.9834767045282686,0.12289968895871367,-0.18223297350602669
1,5.0,2.0,1,4.547520060375264,27.63779910318188,3,0.5815037820269351,1.559821089402007,0.40875578764223175,6.444346629085323,15.765762403652648,0.8652289764995573,0.9999999999999922,1.0000001918034593,0.9999999999999974,0.10838709677419356,0.14333333333333334,0.7561890472618155,0.28537634408602147,0.06333333333333332,4.505942275042445,0.25666666666666665,0.054946236559139786,4.671232876712328,0.01902013586415444,0.020051585809941944,0.024299054943339556,0.033712081746819174,0.025489042190541718,0.027294924925516547,0.03401163455133313,0.04670843164835116,-2.2858572554260626,-2.2834537939194757,-2.273556436704781,-2.2516224129792195,-1.6029783972494693,-1.6000078908750337,-1.5889595385250679,-1.5680745076306701,0.6685408440630229,0.861861861861862,0.04126820845702952,-0.5915915915915918,0.48013245033112584,0.9410138329988472,0.9269902069975896,0.9805648917191118,0.1533401602694233,-0.1700328093800975
1,5.0,3.0,1,3.3350386323859214,12.918965150152482,4,0.8554338258424377,17.629363445566216,0.7037604512238023,5.580001009212159,7.928835727425194,0.9433285043559724,0.9999999999999896,1.0000003268573907,0.9999999999999971,0.10193548387096774,0.09,1.1326164874551972,0.2532258064516129,0.06322580645161291,4.005102040816326,0.26559139784946234,0.03870967741935484,6.86111111111111,0.019570848620571013,0.022909609225119722,0.024737030218703354,0.04397608880565242,0.028103350133831948,0.030162924970264404,0.03010879605582695,0.05822147404070332,-2.6408759143191682,-2.631882656160917,-2.626960329972955,-2.5751381596866434,-1.9440303858758345,-1.9399107337867352,-1.9400190048199106,-1.8837867909950476,0.7046711747082508,0.9279279279279278,0.0758367791499719,-0.5915915915915918,0.5264900662251656,0.9271454170868001,0.9168890272245127,0.976384966224698,0.14519194989813286,-0.16508240111685904
1,5.0,4.0,1,3.1424934369087696,11.607993983594906,3,0.7887807701250313,17.257956400534184,0.8446800231053447,4.782116653011169,5.661453476110876,0.8618044638515698,0.9999999999999885,1.000000190738409,0.9999999999999969,0.10193548387096774,0.06333333333333332,1.6095076400679118,0.2563440860215054,0.06322580645161291,4.054421768707483,0.29516129032258065,0.048602150537634406,6.073008849557523,0.007947756517497143,0.011250669959228781,0.015569439899981805,0.033823263496207366,0.011704850304099314,0.016843016544190306,0.022476226535905162,0.050077079946387215,-2.4948325002166136,-2.486526268509594,-2.4756653408921876,-2.429760266174328,-1.678429251094642,-1.6697030638650383,-1.6601361400259784,-1.6132613984737378,0.641726428686931,0.9279279279279278,0.021346630333242453,-0.503503503503503,0.5099337748344371,0.946813683161125,0.9294072139330604,0.9818200478124927,0.14156031045671605,-0.19636990595631712
1,5.0,5.0,1,3.581798223559769,16.591464181611233,4,0.7737434510112984,14.494750567646289,0.27618452267577287,6.3306957767576,22.92197881120778,0.8986243872528031,0.999999999999993,1.0000002515769266,0.9999999999999976,0.10193548387096774,0.15333333333333332,0.664796633941094,0.25311827956989247,0.12,2.109318996415771,0.23913978494623658,0.052365591397849465,4.566735112936345,0.028846222847616124,0.03370287827058356,0.042024518517819416,0.06237220560749099,0.05071177203999697,0.05713255714743441,0.0716730300910534,0.10701185932318011,-2.118786007637337,-2.1081901434228434,-2.0900346511298156,-2.0456416871032603,-1.1950591001202602,-1.186975972734335,-1.168670969048925,-1.1241829113467827,0.7478771159406132,0.8838838838838833,0.0758367791499719,-0.6356356356356354,0.5066225165562914,0.9536663387952066,0.9392348121284543,0.9819722373457098,0.14320922415598006,-0.17505697704894801
1,5.0,6.0,1,3.5384963370012263,13.909210796314024,6,0.7868876029587022,17.180232268536937,0.6287798481272067,5.082687016134895,8.083412709986582,0.9117948918469297,0.9999999999999911,1.0000001507921716,0.9999999999999981,0.10516129032258063,0.13666666666666666,0.7694728560188827,0.2756989247311828,0.11000000000000001,2.5063538611925704,0.26741935483870966,0.042150537634408604,6.34438775510204,0.022161893377439366,0.0278388386479845,0.031106094853890928,0.04737317256100166,0.02956613514872311,0.03710409286390431,0.042593365792155835,0.06402814317975229,-2.231659988468324,-2.2187038441626385,-2.211247185542552,-2.174121830944077,-1.6173452669154031,-1.6047823497765572,-1.5956338133220147,-1.5599101674241798,0.6986554227132972,0.9499499499499499,0.04341478330055092,-0.6576576576576575,0.5165562913907285,0.9881995150288359,0.9682152912209877,0.9962904754402881,0.12932273830211022,-0.18787488754480208
1,5.0,7.0,1,4.128143747633413,19.73858285189696,3,0.8179905496699905,14.781320565664043,0.7112376416886962,5.475538876392432,7.698606703930664,0.9324796183418194,0.9999999999999933,1.0000000739046262,0.9999999999999981,0.10193548387096774,0.17,0.5996204933586337,0.2627956989247312,0.07333333333333333,3.583577712609971,0.2812903225806451,0.05849462365591398,4.8088235294117645,0.021701229988030053,0.02369252335175355,0.02814582185175809,0.040946285345351524,0.035847951146726245,0.04104383531696332,0.047998386790394046,0.06667286548830446,-2.2478511649606254,-2.243275741537197,-2.233043333475363,-2.203631524263175,-1.3187156349123677,-1.3116089822836305,-1.3020969185248865,-1.2765549647821528,0.694994633069837,0.9499499499499499,0.050547968211912354,-0.7017017017017019,0.4900662251655629,0.96852806229645,0.9507224023034008,0.9913306270584377,0.1348235896791883,-0.15826741220902793
1,5.0,8.0,1,3.4442930566099785,13.727046659568913,5,0.6148132861368858,6.629124088175217,0.46897302688132975,7.042878466905331,15.017662132384174,0.8370151797600394,0.9999999999999923,1.000000108956778,0.9999999999999963,0.10193548387096774,0.07655913978494625,1.3314606741573032,0.2627956989247312,0.05333333333333333,4.92741935483871,0.24021505376344088,0.05483870967741935,4.3803921568627455,0.014529151891180096,0.016499246497960706,0.02261671411090546,0.04222434292072048,0.017702831538763227,0.02041976818843189,0.026854247495409773,0.05046526680596789,-2.646239174481687,-2.6409489707827114,-2.6245220186541287,-2.5718705621703557,-2.147902069332877,-2.1419611850063838,-2.1278914799697835,-2.076263358801879,0.6815368173006321,0.9939939939939944,0.05594325706169377,-0.4374374374374374,0.5331125827814569,0.9378072646332437,0.9263088460152492,0.9818127220141499,0.15427772321842134,-0.17495509043917676
1,5.0,9.0,1,3.690503564091763,15.792619298800304,5,0.7429255841534745,14.770780147377252,0.10598208443808765,4.6890845669381696,44.24412476693103,0.8739535832501543,0.999999999999992,1.0000003636781079,0.9999999999999966,0.10193548387096774,0.08333333333333333,1.2232258064516128,0.28215053763440856,0.043225806451612905,6.527363184079601,0.23032258064516128,0.04526881720430107,5.087885985748219,0.021016148179380335,0.02532395338411889,0.03347245200743202,0.06424165670648586,0.027632016436206837,0.0330974484778766,0.043106366418223706,0.08142079271665811,-2.388119721689819,-2.3776113210175276,-2.3577339857292006,-2.2826760116616307,-1.817994916717466,-1.8077764317021492,-1.789063185024998,-1.7174283374930917,0.6883299320302653,0.9279279279279278,0.10815187025522892,-0.45945945945945965,0.49337748344370863,0.96594084884881,0.9423349764395449,0.9895370645198602,0.13504626896964816,-0.18624173142051653
1,5.0,10.0,1,6.542323680517712,58.11312500521615,5,0.7009338132540412,8.624378739099,1.747276358762309,5.578358055259326,3.19260203303545,0.8921203566519396,0.9999999999999932,1.0000004697397022,0.9999999999999983,0.10516129032258063,0.13999999999999999,0.7511520737327189,0.25311827956989247,0.09333333333333334,2.7119815668202762,0.29709677419354835,0.0389247311827957,7.632596685082872,0.012906618415752753,0.014039190537511079,0.016101873214017175,0.024976889178654784,0.02463946059164031,0.0273505701238431,0.030338676551831582,0.04519606546524709,-1.7660256321693693,-1.7639993280378439,-1.760308947223118,-1.744430504542946,-0.9342277719574802,-0.9316309949550613,-0.928768902530977,-0.9145380773326298,0.6584412553646541,0.8178178178178177,0.01387655663816113,-0.8778778778778776,0.4966887417218543,0.9760145570991805,0.9506881630284955,0.9950577128145525,0.14888247930763795,-0.13055578519281438
1,5.0,11.0,1,3.712114697658181,16.75304706208953,5,0.6964584813183584,8.770078275556827,0.9891704752730626,5.102640260218646,5.158504411294778,0.8130427936073553,0.9999999999999942,1.0000003322061475,0.9999999999999974,0.10193548387096774,0.11000000000000001,0.9266862170087975,0.2563440860215054,0.10333333333333332,2.4807492195629557,0.25806451612903225,0.035483870967741936,7.2727272727272725,0.012287721999894747,0.013799082596033472,0.01607045305145333,0.027779882909043128,0.017059059996859992,0.01902867474724831,0.022191863892436204,0.03722048399682082,-2.223420246172878,-2.220018051198116,-2.214905012543413,-2.188546138611805,-1.607227418548356,-1.6040068600163333,-1.5988346628707102,-1.574261049836913,0.7025317689288557,0.971971971971972,0.02893753019050953,-0.8118118118118121,0.5264900662251656,0.9234112939990057,0.9269386395630423,0.9834463956104398,0.13142691972961473,-0.18663522621303072
1,5.0,12.0,1,3.2169861933250767,15.698293911695554,2,0.628239859744863,6.949706829849077,0.8341270257562138,5.691648688837682,6.823479533800829,0.8143704399765754,0.9999999999999883,1.0000002295168626,0.9999999999999958,0.10193548387096774,0.1,1.0193548387096774,0.2694623655913978,0.03666666666666667,7.348973607038122,0.15870967741935482,0.05849462365591398,2.7132352941176467,0.017427762962194667,0.023523154475146437,0.03106182435617993,0.05857392405506107,0.021651567042501242,0.028102617823221817,0.03784286761108272,0.07025973402333373,-2.725541325679384,-2.7086334171933575,-2.687722022054253,-2.61140665117468,-2.217717350080406,-2.2030941271460107,-2.1810149575771924,-2.107532500145985,0.7069146536330677,0.9279279279279278,0.10280447320933098,-0.4154154154154152,0.5,0.9652118599669486,0.9346950387350088,0.9850787870968493,0.16212945351897554,-0.19732747307183293
1,5.0,13.0,1,2.750961398613019,8.293545951552142,5,0.8705827728041415,13.524850172660855,1.4297555349472577,5.058875623274838,3.5382801462359477,0.9549605070179908,0.9999999999999887,1.0000001761785264,0.9999999999999956,0.10193548387096774,0.12,0.8494623655913979,0.2565591397849462,0.06989247311827958,3.67076923076923,0.24311827956989246,0.03913978494623656,6.211538461538462,0.02255479414606076,0.025789521625554254,0.03148637394927734,0.05550562830496254,0.029822835898687425,0.0354918249092262,0.04226151841098646,0.07384718248443187,-2.5797312747113397,-2.5711939903765852,-2.5561585203380566,-2.492765481745705,-1.884255444808647,-1.8732452666629236,-1.8600973259440825,-1.798752386369653,0.7184858341477913,0.8838838838838833,0.08393129498166373,-0.5255255255255253,0.5794701986754967,0.96573567165824,0.9432450150801887,0.9915167742380396,0.1377816572091316,-0.16288436638467085
1,5.0,14.0,1,2.8869690267169683,8.624607639201468,3,0.8122354479817114,16.49247769052234,0.5618360976189556,6.385165974004283,11.364819742028724,0.9018696620082457,0.9999999999999907,1.0000002056510036,0.9999999999999949,0.10193548387096774,0.06999999999999999,1.4562211981566822,0.2629032258064516,0.03666666666666667,7.170087976539588,0.22086021505376346,0.07817204301075269,2.8253094910591474,0.022078911336873373,0.029205682684343308,0.03837586564684857,0.07736688257672505,0.028745319709190916,0.03868614978956134,0.05006225785776637,0.10083263714595028,-2.817319436014139,-2.7967877267934043,-2.770369097528143,-2.6580388174063914,-2.120156804789562,-2.0984569160087494,-2.073623951573917,-1.962797031185373,0.6776747187162939,0.9939939939939944,0.42523463345286777,-0.283283283283283,0.45695364238410596,0.9086617928162536,0.9160063120433545,0.9673889377772182,0.14891850447880436,-0.1721549171960825
1,5.0,15.0,1,4.918387128476587,30.145994746552205,4,0.6644112685540597,9.68816070795268,0.3995739725769941,6.842571548702376,17.12466781700572,0.8324499788922152,0.9999999999999898,1.0000001335723399,0.9999999999999968,0.10193548387096774,0.12989247311827956,0.7847682119205298,0.2918279569892473,0.11301075268817203,2.5823025689819223,0.28301075268817205,0.03268817204301075,8.657894736842106,0.024839900727873523,0.033240508111557626,0.04354617394064508,0.07097986706678266,0.03203308371184584,0.04081817376802996,0.053992093768325325,0.08847774801828448,-2.1910890440630224,-2.172213703679834,-2.149057883925988,-2.0874170677238753,-1.7031709221996187,-1.6877132555368217,-1.6645332923600558,-1.6038546032817245,0.7595604347665127,0.9059059059059056,0.09288978720164498,-0.4814814814814818,0.5066225165562914,0.935811975101783,0.939429781080524,0.9858874844988958,0.12829851738031373,-0.17547313561685726
1,5.0,16.0,1,5.883042022805852,47.449177318785964,5,0.5875634847732311,6.529195596640044,0.24366123255735772,4.583242196762188,18.809894986816566,0.819733122009703,0.9999999999999936,1.000000314344012,0.999999999999998,0.10838709677419356,0.06666666666666668,1.6258064516129032,0.2724731182795699,0.09989247311827956,2.727664155005382,0.3066666666666667,0.06591397849462366,4.652528548123981,0.02167085903383579,0.03062486177450517,0.041406833274413184,0.08248430028806027,0.03670846297349343,0.047813565648889736,0.06688962510941271,0.1314441717999822,-1.8288036684838795,-1.812065832132016,-1.7919109494786714,-1.715124294332741,-1.1193858315353549,-1.1064812288114945,-1.0843140344981825,-1.0092988992571237,0.6977144303330491,0.7077077077077075,0.06852291595284057,-0.4374374374374374,0.5165562913907285,0.9679213204086428,0.9550705058289316,0.9905676024622236,0.13203855873728537,-0.1969322830417168
1,5.0,17.0,1,4.038987519677688,18.083453913710965,2,0.5655526839850917,8.237901043005959,0.014744907971442267,5.943586485443469,403.0941730497691,0.8003789292103759,0.999999999999987,1.0000002041841074,0.9999999999999947,0.10516129032258063,0.09333333333333334,1.126728110599078,0.2886021505376344,0.08,3.6075268817204296,0.3338709677419355,0.03903225806451612,8.553719008264464,0.01134426360355187,0.014442882726623335,0.01729908962386087,0.03234677809347052,0.017895424245999544,0.022823972312739436,0.026415038478711517,0.04827119140764492,-1.9637892013564415,-1.957634344262117,-1.951960996042767,-1.9220714328367678,-1.2555318295038163,-1.2492311267845762,-1.244640273646792,-1.2166991598894192,0.6683732680556951,0.7957957957957954,0.1228085658026597,-0.7237237237237242,0.5,0.941452879026607,0.9406424483197677,0.9885825421642204,0.1318160862580964,-0.17288074123561192
1,5.0,18.0,1,3.6672208263537627,16.111647865320656,6,0.6256628064793428,7.421893667031238,1.9799648155700418,4.6046550737860406,2.3256246967501477,0.8494466492411183,0.9999999999999932,1.0000001638303269,0.9999999999999976,0.10516129032258063,0.11989247311827958,0.8771300448430491,0.26602150537634406,0.07666666666666666,3.46984572230014,0.2586021505376344,0.04892473118279569,5.285714285714287,0.010614251737919496,0.014152587570770469,0.021280250948226036,0.03986413375806393,0.016037478884020132,0.021344405402335048,0.030767025289615103,0.06011104966394335,-2.1029234658205933,-2.0954027900215673,-2.0802530563618187,-2.040753312894202,-1.3652504066913942,-1.3578870331564008,-1.3448131249971578,-1.3040982193465067,0.6501749659354104,0.8178178178178177,0.03922776758927715,-0.613613613613614,0.4867549668874172,0.9822524429519837,0.9553053026841255,0.9937479187289926,0.13297269002718431,-0.2005774617578982
1,5.0,19.0,1,3.2093269817418073,11.046662575015446,4,0.8433905616837856,10.377041868471338,1.0186414932874763,4.971628691302226,4.880646158696341,0.9118383052597835,0.999999999999988,1.0000001766580733,0.9999999999999964,0.10193548387096774,0.13655913978494624,0.7464566929133858,0.2563440860215054,0.07333333333333333,3.495601173020528,0.23516129032258065,0.05182795698924732,4.537344398340249,0.014326849908936788,0.017660648962113126,0.023090996424593162,0.03811720822432505,0.02367277886741239,0.02554375990871729,0.03308402092508315,0.05586810328020789,-2.1901887203165025,-2.182780941093345,-2.170714582424019,-2.137325989471255,-1.4517931255724101,-1.449010987212392,-1.437798661189276,-1.403918857963802,0.7107816267884384,0.971971971971972,0.03728821307182838,-0.7237237237237242,0.5496688741721855,0.9245291364854975,0.9299754364601289,0.9797085512661855,0.12684526462218076,-0.1843130547059291
2,1.0,0.0,1,6.178109580783983,47.81801495566569,6,0.2938510424645919,3078737.558409976,1516.108120276075,933968.8785924981,616.0305232204861,0.6477450380821808,0.9975029628515462,1286.9346710948457,0.9994829663167678,0.08505376344086021,0.09634408602150538,0.8828125,0.17,0.1832258064516129,0.9278169014084507,0.17311827956989248,0.09978494623655915,1.7349137931034482,0.19336868024999146,0.17770367544813226,0.20282702851592532,0.3942831672658888,0.18945710415126124,0.17768151905843454,0.2008713867768836,0.3819775790177453,-2.1730786146824825,-2.215280406381283,-2.14759766217832,-1.63181153959611,-1.9360562707736921,-1.9641833390359138,-1.9087922066915817,-1.4762034060745444,0.7024327326469394,6.41141141141141,3913.745601980376,4.42942942942943,0.5827814569536424,0.9143148783941146,0.8930176969933964,0.9759494139652813,0.19515244732232415,-0.17890081198843555
2,1.0,1.0,1,4.74807064333814,24.618515288141655,5,0.22495859022310738,1413466.5162614493,93874.01455672231,334894.9299604078,3.567493427673228,0.45496771190776086,0.9953095073812527,2858.001781047911,0.9983390646161886,0.11193548387096774,0.07634408602150537,1.4661971830985916,0.15505376344086022,0.06935483870967743,2.235658914728682,0.2317204301075269,0.110752688172043,2.092233009708738,0.20614162326264354,0.17270278378103102,0.26107992885193604,0.3611988190242876,0.23074204660205194,0.16619749451005078,0.25073191029692926,0.3304212582051016,-3.816713247898753,-3.977480540130847,-3.552580796942535,-3.0712290776897717,-3.5080249265222485,-3.802365591587588,-3.416865725880048,-3.053460683910264,0.7459529148898119,6.235235235235235,28278.179796253382,5.002002002002,0.6125827814569537,0.932238771957411,0.8696582972294811,0.9270650443755939,0.22030117366741755,-0.19894874979400495
2,1.0,2.0,1,5.2093725865466745,36.01791883277038,4,0.38966426628076345,5114654.513283045,51306.651749423814,939714.1146494106,18.315639056683597,0.5827523780795176,0.9977829585618774,822.6755900874066,0.9992194802812749,0.10193548387096774,0.12655913978494623,0.8054375531011044,0.2990322580645161,0.07967741935483871,3.7530364372469633,0.24698924731182798,0.0778494623655914,3.172651933701658,0.1505985257116809,0.13433429233402278,0.12420544010158797,0.12908243603774144,0.12267120957697938,0.13812964736345676,0.1258216072863454,0.13284424223046196,-3.8483292660029775,-3.922016594305281,-3.967906741258178,-3.945810845784248,-3.491146940515637,-3.429633311449172,-3.478610589897122,-3.45066547882002,0.6810622634653697,6.587587587587586,5043.159487171349,4.75975975975976,0.5927152317880795,0.8890976177577713,0.8708172295916261,0.9331753589991421,0.20983675473207167,-0.21345517705630024
2,1.0,3.0,1,4.2358604976018395,20.5075881271794,5,0.30837866507142264,3748426.2161069647,167908.29570378672,469334.0466016769,2.795180813636788,0.5870873166403285,0.9965542881120577,1036.3820292220569,0.9980773345656471,0.11505376344086023,0.10655913978494622,1.0797174571140264,0.18623655913978493,0.10311827956989247,1.806047966631908,0.2981720430107527,0.07860215053763439,3.7934336525307804,0.14906285042798953,0.15019800018874452,0.18400502512648034,0.28782383186267424,0.1668700839467258,0.15222865735281724,0.18486074616408862,0.27772935183659364,-3.0834313270459908,-3.0793180310934503,-2.9568158700117895,-2.580621034484958,-2.705598832961329,-2.753147031558047,-2.6471739537659147,-2.345582105622259,0.7180621884704828,6.455455455455454,16188.596901781992,4.86986986986987,0.5993377483443708,0.8721345268757268,0.8795786053758753,0.9406366215975709,0.21215370603831968,-0.19714851709241613
2,1.0,4.0,1,4.906194761313654,27.049053806612974,5,0.49771063876517196,5430407.282822446,96211.70240298015,1336574.3624978059,13.892014475532298,0.6514128068875091,0.9982202767848154,8782.280240228427,0.9990689056110893,0.11129032258064515,0.06666666666666667,1.6693548387096773,0.1624731182795699,0.27666666666666667,0.5872522347454333,0.24365591397849468,0.09311827956989248,2.616628175519631,0.33761707060311,0.3543367430320813,0.42553517942384994,0.6159709601043258,0.35811892550515906,0.3266838222611509,0.4089274501725058,0.5822776736662814,-2.665382998728292,-2.598104195699563,-2.3116066223586444,-1.545306239833005,-2.411546004167806,-2.529647628644506,-2.2206584714022854,-1.5693820038463464,0.7241739610504614,6.587587587587586,13216.641839466038,4.64964964964965,0.6125827814569537,0.880287579861017,0.875054928392453,0.9424213143356434,0.20831538946025085,-0.1764382944657205
2,1.0,5.0,1,9.7430900003459,122.59802850945968,3,0.1815386333943504,3572729.469007534,123592.17227840667,621748.4662851574,5.0306459933772505,0.37366573502466105,0.9973407362993426,517.519173667582,0.9994941523356726,0.1470967741935484,0.1531182795698925,0.9606741573033708,0.2810752688172043,0.12301075268817203,2.284965034965035,0.3545161290322581,0.10860215053763442,3.2643564356435646,0.11574020008600427,0.17013338266107855,0.18804870021028613,0.23258397553866567,0.1454588314194937,0.17841797811126062,0.2142644036606333,0.2639058949015333,-2.4374433834356877,-2.287509729339325,-2.238126536496325,-2.115365994640636,-1.84086755034735,-1.7698663793530987,-1.6926453816808658,-1.5857068119124558,0.7477313906927976,6.257257257257256,9749.649183484096,4.473473473473474,0.6158940397350994,0.8920626989786928,0.8847807547540397,0.957749103328817,0.1952054047231839,-0.15354931524106127
2,1.0,6.0,1,12.713798122886416,191.6967206214624,2,0.32175141184903633,4488174.634818108,81537.89629179459,1748859.2447250502,21.448422442326898,0.6788139002342575,0.9970153836817607,71.97001522266916,0.9994672555265494,0.1086021505376344,0.12666666666666665,0.8573853989813244,0.17698924731182797,0.15,1.1799283154121865,0.22569892473118278,0.0956989247311828,2.3584269662921344,0.13260164632364646,0.16590499572731232,0.19487114471393224,0.24331909556936218,0.14585716514883276,0.1798269599732,0.21250970874019626,0.2614735948769732,-2.4434457731669736,-2.34963082875557,-2.2680337009695863,-2.131556682959852,-2.040651891638933,-1.9594938894424847,-1.8814107979804433,-1.7644300743940684,0.7848570339714341,6.323323323323323,11351.54708920999,4.561561561561561,0.6258278145695364,0.9487198616466213,0.9119682198183715,0.975871678909633,0.19909738021651507,-0.13151288483379012
2,1.0,7.0,1,9.019059110807149,96.28057554543975,5,0.38753928663957615,3937427.2059364356,4876.236031484417,2081682.6924429405,426.90359510945115,0.7147064673179108,0.9970722914736736,109.49350081962282,0.9995941296138152,0.09419354838709677,0.10989247311827958,0.857142857142857,0.20881720430107525,0.18311827956989246,1.1403405754550793,0.27956989247311825,0.09913978494623654,2.819956616052061,0.3644421215124456,0.3863829252548851,0.4574477075481816,0.5362189048077602,0.371772738516813,0.4088439469956416,0.46338204432696734,0.5420516353545353,-1.7089265669728282,-1.6499308032739821,-1.458847506932573,-1.2470427346756476,-1.4769036015100987,-1.3897526536422005,-1.2615386818734842,-1.0765938228369092,0.7439281198179929,6.433433433433433,10256.779307444209,4.847847847847848,0.5794701986754967,0.9799171470169303,0.8935559041749334,0.9724512303108411,0.2112373997300619,-0.1284651040447139
2,1.0,8.0,1,6.503212730085619,54.55271029363572,6,0.5115718442122059,6325192.313141043,169115.78392329748,1953763.4675288948,11.552815604810872,0.701957397453636,0.9968912395824635,191.37686971025911,0.9995637912938423,0.098494623655914,0.10655913978494624,0.9243188698284561,0.16612903225806452,0.18666666666666665,0.8899769585253458,0.21182795698924733,0.053010752688172035,3.9959432048681554,0.22218202061116285,0.25051689859741344,0.298118746115646,0.37950663707652876,0.2423556981067869,0.2673320413321914,0.31547489538655193,0.3911772364857883,-2.784951211231709,-2.683499130077819,-2.5130623101332175,-2.2216556937816625,-2.443123042291158,-2.3625835602496776,-2.207340637194676,-1.9632285473488564,0.7274540015132019,6.631631631631631,5871.766390733262,4.6056056056056045,0.5728476821192053,0.8806893168203174,0.8832386725301404,0.9628836017960278,0.19806270347926896,-0.16538681424681162
2,1.0,9.0,1,8.883813718792798,95.06183496784256,5,0.32562026530643673,5607579.156372322,210195.85919443195,1143189.7094339177,5.438688058913963,0.737637553047976,0.9972933450889422,419.304174562168,0.9998054073828629,0.10849462365591397,0.06333333333333332,1.7130730050933787,0.16688172043010754,0.11655913978494623,1.4317343173431738,0.25860215053763447,0.04913978494623655,5.262582056892781,0.15440520495311275,0.16370301825730116,0.19262262556627768,0.29761812086985145,0.14745638226590818,0.16929204413243204,0.19836545363961797,0.29922774289158627,-2.556060013683133,-2.527954626870517,-2.4405365723994104,-2.1231566775202806,-2.3400037693243383,-2.2800707289373134,-2.2002720108204135,-1.923432055511638,0.7488282273636134,6.5655655655655645,6836.516004510238,4.693693693693693,0.6192052980132451,0.8957609791937101,0.876104775014202,0.9375144873838491,0.20137917488204235,-0.1136661193965531
2,1.0,10.0,1,6.428427301467775,47.55833481669584,5,0.3185227088081034,2843276.111319646,35113.315756488686,1285839.4653788677,36.61971071875358,0.42837909360570714,0.99818074807562,252.9272281128825,0.9998031373086345,0.12258064516129033,0.07333333333333333,1.6715542521994136,0.1343010752688172,0.11623655913978495,1.1554116558741905,0.25698924731182793,0.12967741935483873,1.9817578772802649,0.2899793643259223,0.3273431986117095,0.36301700141269855,0.5339440465888229,0.3063568320773202,0.32081195771129806,0.34583585297778247,0.5119214489056797,-2.099068123403207,-1.9886076246841005,-1.8831434472534867,-1.3778236101531498,-1.892757931803839,-1.853313942496094,-1.7850307409299155,-1.3318296663884643,0.7670381058927154,6.345345345345345,10790.287915161858,4.693693693693693,0.5695364238410596,0.9707724544174616,0.9005036144332392,0.9799690860275777,0.20269382745571674,-0.1493780383768355
2,1.0,11.0,1,4.973970822090719,30.26557101790187,5,0.4061004436770821,5439463.33359003,102116.06589676728,890084.0071392911,8.716395400887343,0.6358854374891459,0.9969156517588463,16874.068021081177,0.999618321261057,0.10516129032258063,0.08311827956989247,1.2652005174644243,0.29827956989247306,0.10956989247311828,2.7222767419038267,0.31559139784946233,0.05236559139784945,6.026694045174539,0.05748007545478006,0.09824279245861663,0.11450025957123999,0.17543969576340498,0.06302021479483548,0.09188083679181566,0.11658192313041672,0.17769412696775927,-2.597657945666737,-2.485312738998482,-2.4405058998837554,-2.2725520916866393,-2.143723176667106,-2.077692740103944,-2.021178936808476,-1.8813598608669073,0.6924705527758522,6.477477477477476,4015.5327665710274,4.64964964964965,0.6423841059602649,0.8898005507688211,0.8826969003322768,0.962970861718171,0.18675938604672818,-0.1544093468494311
2,1.0,12.0,1,5.178973521867482,31.618322080603278,4,0.40187915311101985,3434100.4730535247,17317.21081115595,900923.2790383646,52.02473359381751,0.5701621760115951,0.9980763292532027,354.7294644739238,0.999430354621277,0.10817204301075267,0.09666666666666666,1.119021134593993,0.17010752688172043,0.17989247311827955,0.9456066945606696,0.20311827956989248,0.08602150537634409,2.36125,0.3019970480328688,0.3245080632068963,0.43605989585024635,0.5410745197553939,0.3133534697293955,0.3161398479640148,0.4361264692930823,0.5343836935494891,-2.905109936440007,-2.8114183930488,-2.3471362055208176,-1.9100620835295388,-2.6109948073551523,-2.600399517375239,-2.1441466544665455,-1.7705205003847588,0.763921389815495,6.41141141141141,9749.649183484096,4.67167167167167,0.5993377483443708,0.8991116987579145,0.856152322997575,0.9428750415959039,0.22738513017980386,-0.16351469134367083
2,1.0,13.0,1,8.460399912026901,87.96787455881126,5,0.3161768864650939,3451661.3092383933,99506.68142828997,1563309.3547341651,15.71059683927629,0.6141498077516723,0.9969947988023747,396.1913601732851,0.999629439523235,0.10193548387096774,0.09311827956989246,1.094688221709007,0.16548387096774192,0.06935483870967743,2.3860465116279066,0.1803225806451613,0.07838709677419355,2.300411522633745,0.10683476636673005,0.19620788035759892,0.19026435943015924,0.2530052750853716,0.11240870694768791,0.16284581938378132,0.17304621081989321,0.21274680578716115,-2.928960808282191,-2.6358791495519838,-2.6553697647306125,-2.449623194991973,-2.839617342210018,-2.6782569274722787,-2.6456234297734604,-2.5186117084468234,0.7649772205533094,6.345345345345345,7959.777002314978,4.75975975975976,0.6158940397350994,0.9743945705056631,0.891362797414665,0.9614884168441693,0.20502809550003498,-0.14482767020369158
2,1.0,14.0,1,7.239577946800177,62.97348872880006,5,0.375455051817974,5511664.779002474,117298.60592602969,1591173.3354369253,13.56515128952465,0.6562764943260602,0.997200733616301,4151.567410785998,0.9995386968504925,0.11483870967741935,0.11655913978494623,0.9852398523985241,0.2759139784946236,0.08645161290322581,3.1915422885572133,0.22118279569892474,0.07849462365591398,2.817808219178082,0.15836359808671174,0.11510042276568096,0.1122207377568343,0.1528001437073812,0.15604265816889282,0.11517354545136939,0.12414442939985844,0.16716865119101207,-2.5834576060981487,-2.71625673300496,-2.7250961131961677,-2.6005349907024593,-2.115545919992705,-2.217992430471171,-2.1955051363920917,-2.0876564189751026,0.7521456753672235,6.609609609609609,5305.480525369574,4.75975975975976,0.6357615894039735,0.8730379563808623,0.8819344774908341,0.9612140028758298,0.1985533268238389,-0.11809855053558448
2,1.0,15.0,1,6.4241453801425035,58.48977494093414,4,0.3745041985774967,3748514.881925991,138150.07421321605,595456.906999089,4.31021778591361,0.5422644581583811,0.9966332093429952,974.6607195576092,0.9989841076963164,0.10193548387096774,0.09666666666666665,1.0545050055617353,0.2629032258064516,0.08311827956989247,3.1630012936610608,0.27838709677419354,0.05559139784946236,5.007736943907157,0.037934825486321835,0.047503898067495096,0.055561753478205474,0.07709189957527869,0.043722186644521974,0.054500167802247985,0.06476287075454241,0.08133486182896098,-2.441081140947068,-2.41680120312886,-2.396355728746621,-2.3417265466582373,-1.993986983467535,-1.971513227581519,-1.950113906363071,-1.9155587446401596,0.6474467246465971,6.587587587587586,4556.786265841069,4.517517517517517,0.6556291390728477,0.9044174429991522,0.8892259233594901,0.9659991517860812,0.20706027220659562,-0.20018177866422565
2,1.0,16.0,1,5.540975895657075,36.994260745930845,6,0.3439417229323142,3629610.0141669726,161191.51892646897,550634.9793045521,3.4160294720948454,0.526781624529377,0.9966355694597232,3602.338139697958,0.9988736987209434,0.10193548387096774,0.08666666666666667,1.1761786600496278,0.2563440860215054,0.04989247311827957,5.137931034482758,0.34698924731182795,0.07161290322580645,4.845345345345345,0.08051849693373135,0.08740418129641245,0.1254724048674958,0.18087200635628084,0.08863692461461806,0.09434970512150366,0.13065141980181402,0.18626657165461077,-3.184142828694684,-3.160297865624768,-3.0284685023577675,-2.836620984811409,-2.7051416081777946,-2.688184721658085,-2.580432628686378,-2.4153536767456183,0.6858292451918442,6.521521521521521,5305.480525369574,4.89189189189189,0.6423841059602649,0.9176988062019074,0.8894272063691843,0.9636284760669646,0.19805532281244584,-0.1811702737414967
2,1.0,17.0,1,7.394995480745148,73.83461098445731,5,0.3763579745067994,5798943.633390531,36439.913517003995,902846.6494257674,24.77631153006088,0.622643567946868,0.9972112929586322,6186.674457911575,0.9994934006637461,0.1213978494623656,0.17666666666666667,0.6871576384662205,0.2354838709677419,0.0964516129032258,2.441471571906354,0.19978494623655912,0.06881720430107527,2.9031249999999997,0.18154276423632376,0.21031689613786153,0.255824689776954,0.28691187601712426,0.1877090434998026,0.20784864861593094,0.26201446492796254,0.27780441496527636,-2.516637159953735,-2.4281608823614755,-2.288231024654512,-2.1926424408265293,-2.2320866744886145,-2.176745243133947,-2.027903506271825,-1.984514451171443,0.6976518850153993,6.455455455455454,10256.779307444209,4.75975975975976,0.6026490066225165,0.8995663178184233,0.881949846241711,0.9558861761516935,0.2050868778892414,-0.1386700867946861
2,1.0,18.0,1,3.4560234612452136,12.63732261161554,5,0.3112378489614632,1859427.7857766566,141953.9817899236,351240.09474537574,2.4743236527536983,0.6218472692194288,0.9957161286883933,1020.7905375363091,0.9972151020148584,0.10193548387096774,0.08978494623655914,1.1353293413173653,0.22548387096774195,0.08279569892473118,2.7233766233766237,0.19376344086021507,0.12419354838709677,1.5601731601731603,0.11589417455035664,0.09377966987108835,0.18369257589834917,0.2679833486592603,0.08029246795245402,0.07130885827896997,0.10352285933729662,0.16789492238595674,-5.532516060566892,-5.670903173045547,-5.108250397406308,-4.580779544219517,-5.933142427244069,-5.9910967592966555,-5.783280415763044,-5.368008598261509,0.708138439743297,6.433433433433433,33780.657551897486,5.002002002002,0.6192052980132451,0.7724451937986097,0.8130634184950434,0.8365026038221904,0.23843570886500293,-0.1822762826024036
2,1.0,19.0,1,5.700648116731987,39.4388682627323,6,0.3801428904744705,3476100.311791182,70594.31732669055,1030973.4646113601,14.60419908645488,0.5755848656506006,0.9978568211927195,207.93983385760095,0.9993473181137359,0.10193548387096774,0.10655913978494622,0.9566094853683149,0.2762365591397849,0.08311827956989247,3.323415265200517,0.21795698924731183,0.0886021505376344,2.4599514563106797,0.05755925355113466,0.06501593135287477,0.073558713415293,0.12476617943466388,0.0676366574280649,0.07820182096076639,0.08473081256627336,0.13809243973782875,-2.540672232377097,-2.5205702001718375,-2.4975402014636767,-2.35949291573666,-1.929876257408114,-1.9080076817934293,-1.894493480506271,-1.7840415433344672,0.6968912529723826,6.477477477477476,2544.1632550623526,4.53953953953954,0.6125827814569537,0.9043084281755361,0.8839812157294057,0.9571300463060947,0.19196130110314205,-0.17194514498017735
2,2.0,0.0,1,6.77261988617336,52.66636144634795,6,0.49606956728116847,1756952.6011872012,200442.96566741687,1921578.423257736,9.586659311587402,0.6368333719754142,0.9985704784117202,315.58953032941855,0.9997343219778895,0.13161290322580646,0.09655913978494624,1.3630289532293989,0.14483870967741935,0.15924731182795698,0.9095205941931128,0.22645161290322582,0.0929032258064516,2.4375000000000004,0.0819187534822393,0.1375467387277437,0.18038037803846999,0.3005633743150741,0.10355078725160698,0.14023070958201317,0.20782244669743533,0.31642954163878384,-2.8082667302298825,-2.6381094366056015,-2.507088043164414,-2.1394670823147357,-2.30166365961394,-2.2074867190078766,-2.0339426489185306,-1.7550902610221244,0.7114228219884434,6.543543543543544,3536.2955013550463,4.53953953953954,0.6225165562913907,0.9444974347478722,0.8978007321697524,0.9749576299266098,0.20241196301202394,-0.16008672924209097
2,2.0,1.0,1,3.7995753286940386,16.306281803691896,4,0.3828103231703962,1903691.0789214885,2867.479173450672,383877.4399854303,133.87279096555014,0.4760300641272255,0.9894949390539088,3621.125409575344,0.9970284759045289,0.10193548387096774,0.13333333333333336,0.7645161290322579,0.28634408602150535,0.06311827956989247,4.536626916524702,0.19182795698924732,0.0553763440860215,3.4640776699029128,0.05783020257650335,0.09041000478248762,0.10140259050134635,0.12725662335124022,0.059349518105038565,0.08478947009747767,0.0940557644036843,0.11792535368269136,-2.4724294653782635,-2.386933981262183,-2.3580873838586935,-2.290241574332916,-2.357971589525147,-2.294200098209679,-2.270971854420129,-2.2111368631488255,0.7062359595021163,6.257257257257256,2744.3433032283683,4.715715715715715,0.5993377483443708,0.8971723994695306,0.8779800323522292,0.9441795867636302,0.21235570238934898,-0.22551659769311194
2,2.0,2.0,1,5.979038744208025,43.658748731096736,6,0.40043536027708393,2647404.6466610488,25701.073203028733,497726.4216602854,19.36597813361471,0.558399778787116,0.9960569628327549,1044.6047659554215,0.9990805607166704,0.1086021505376344,0.10333333333333332,1.0509885535900105,0.2572043010752688,0.08311827956989247,3.094437257438551,0.24279569892473116,0.11397849462365592,2.1301886792452827,0.2004116059355678,0.2313716838261672,0.23062108293447006,0.3133905906649923,0.19461964606658988,0.24200133488730516,0.2393275176049301,0.3027358638835876,-2.7895476508769645,-2.68153631255365,-2.6841549560578866,-2.3953945293585024,-2.6810164044803964,-2.5232883392502057,-2.5321891622732906,-2.321110240713068,0.7171408275650097,6.323323323323323,9267.593301146864,4.64964964964965,0.5827814569536424,0.9243374409819068,0.8797327141234913,0.9360465137445051,0.20607863238475496,-0.18293869700155102
2,2.0,3.0,1,2.956635157590962,8.846056555755942,5,0.4388689224341994,1047448.2889060942,92847.28645027455,722917.3220810321,7.786089930244746,0.546319819108182,0.9948699023738491,1685.840517731016,0.9971441842232721,0.1374193548387097,0.17333333333333334,0.7928039702233252,0.30494623655913977,0.1733333333333333,1.7593052109181142,0.30376344086021506,0.05924731182795699,5.127041742286751,0.20223586602660168,0.20054750201214122,0.23204505937869352,0.2606686288958456,0.1998858398499734,0.19201934454792516,0.21082588649143097,0.24798226597403064,-2.139098276880853,-2.143625400124777,-2.0591688949756066,-1.9824186054791864,-1.9570767766267931,-1.9763181999584285,-1.9303174561653282,-1.8394330661486673,0.7239711303197625,6.279279279279279,4556.786265841069,4.627627627627627,0.6026490066225165,0.9081522577737321,0.8920362874868696,0.970367001028291,0.20927799238411132,-0.24912587197124636
2,2.0,4.0,1,5.907042879213389,48.58199825706715,4,0.4587689820702141,3418426.6107420656,8858.915648570544,1124787.8089077685,126.96675908515527,0.6208771256350183,0.9971691219948396,2492.8088765298908,0.999517983640426,0.10838709677419356,0.07989247311827956,1.356662180349933,0.2627956989247312,0.13591397849462367,1.9335443037974684,0.2751612903225807,0.08892473118279569,3.094316807738816,0.03914437888729575,0.07078576687042422,0.09595236625649674,0.1594557346862434,0.05544090479666126,0.09974487225014336,0.1344493245203871,0.21322943317027063,-2.3279618947815104,-2.2513011104719802,-2.1903274500128127,-2.036471429767518,-1.4932750735054665,-1.4232339182282097,-1.3683688560230132,-1.2438235807381477,0.6804060783967284,6.477477477477476,1738.7624002162504,4.42942942942943,0.5927152317880795,0.9134881356051867,0.8953709422820926,0.971363635098614,0.19277728018445633,-0.1850585293768321
2,2.0,5.0,1,7.399269189939954,73.16588359385376,4,0.1906757249211245,2161726.932516148,94419.75630768224,436760.315411264,4.625730170156434,0.40199825533721545,0.9966662840420982,1174.263333761389,0.9991462017868764,0.12129032258064518,0.14655913978494622,0.8275862068965519,0.2886021505376344,0.09989247311827956,2.8891280947255114,0.2673118279569892,0.0656989247311828,4.068739770867429,0.07863553247230351,0.07615031950846742,0.09058808603033355,0.12344376518966856,0.07919712780631276,0.0816702214862675,0.08943583458577566,0.12568052501853397,-2.6193332011153516,-2.626398375709598,-2.585353466193876,-2.4919485495725904,-2.19365828786105,-2.187766557272977,-2.169266287507881,-2.0829193961592902,0.6896473375570678,6.455455455455454,4224.401577269036,4.451451451451451,0.609271523178808,0.8462802688408123,0.8582145876101707,0.9344950736041415,0.22357282697601805,-0.16305733319147542
2,2.0,6.0,1,8.742579618438018,98.51882491148888,5,0.2881776657509658,1471519.3673402313,162061.45594050395,711513.9537943662,4.390395912866397,0.5764292407200109,0.9970370094420293,1210.8999145953387,0.9993544370369083,0.10193548387096774,0.13999999999999999,0.7281105990783411,0.2597849462365591,0.11967741935483871,2.170709793351303,0.25548387096774194,0.06236559139784945,4.096551724137932,0.11950020855139047,0.1670057897429561,0.163788346707853,0.19897700831335788,0.13002015498687536,0.1945451897739954,0.19745224466243044,0.22485132363749505,-2.281494664737808,-2.1584012454247703,-2.1667380777442973,-2.0755594715800174,-1.762050836796975,-1.6313623016628265,-1.625474373881345,-1.5699804790374357,0.7246149352596288,6.367367367367366,5871.766390733262,4.4074074074074066,0.5728476821192053,0.9473516482337774,0.8962236398269519,0.9770040547213827,0.21857048086276687,-0.15128029159880207
2,2.0,7.0,1,6.827997921180049,56.53804738646536,3,0.2727785139209358,1451718.2249722714,158809.84706118473,490683.0417935674,3.0897519950669166,0.5451923202151765,0.9969664857448058,1573.8253901032904,0.9996498065302247,0.10193548387096774,0.11978494623655914,0.8509874326750448,0.27010752688172046,0.08279569892473118,3.262337662337663,0.25064516129032255,0.08150537634408601,3.075197889182058,0.17969233411790178,0.1596901655659537,0.15802918751577585,0.2244667938237298,0.14855758005550526,0.1504490284447364,0.14952313624488298,0.19376462083266693,-2.3870092668431626,-2.4452134793310676,-2.4500467512395216,-2.2567202854269284,-2.169306755851955,-2.164487719739834,-2.1668467097986843,-2.05412816400265,0.7634260409143394,6.367367367367366,16188.596901781992,4.75975975975976,0.6589403973509934,0.9026299845056529,0.868689207923266,0.9498329301141823,0.22520302261974418,-0.13508430435012983
2,2.0,8.0,1,7.312270443711607,65.30295444527557,5,0.2743061113405215,1492464.9399929626,120660.68039163812,735318.3140884058,6.094100511465075,0.46473432757531397,0.9977673674417651,640.2304831866139,0.9993583249012312,0.11806451612903228,0.07989247311827957,1.477792732166891,0.2559139784946237,0.06322580645161291,4.047619047619048,0.2229032258064516,0.07182795698924731,3.103293413173653,0.07088109249942952,0.1074384200436167,0.12805884094142483,0.19688080760317572,0.08044061278665335,0.11497074752356681,0.137529540884331,0.20362082419923683,-2.4370982517936364,-2.341207620003721,-2.2871198263794517,-2.1065983739772465,-2.1122933075712966,-2.0329751324446748,-1.9811559798098155,-1.829339601905248,0.7047516962441557,6.521521521521521,9267.593301146864,4.64964964964965,0.5761589403973509,0.9185918009392491,0.8827557971634094,0.9522161760086751,0.19790602231149435,-0.15431741540045482
2,2.0,9.0,1,5.927684778717838,37.908797890032055,4,0.310097475481273,1522416.7706304162,313971.3416283929,1203321.4178310202,3.832583609669813,0.6463787444626259,0.998719582861435,1177.9857568909888,0.9997914647077015,0.10516129032258063,0.13655913978494624,0.7700787401574802,0.2563440860215054,0.10634408602150539,2.4105156723963597,0.28053763440860213,0.06225806451612903,4.506044905008635,0.058678297121492244,0.06234363691735246,0.06702010389148842,0.08005890250624369,0.08413957532709838,0.07780024971409072,0.08601035047298505,0.10747590744810998,-1.8162230648218158,-1.8091510142600433,-1.8001280552075425,-1.7749704850492545,-1.2250586003593682,-1.2335381078841823,-1.2225562439739772,-1.193843828331307,0.7380394666230051,6.41141141141141,3913.745601980376,4.363363363363364,0.6490066225165563,0.9507808461492836,0.9179093678785344,0.9860938818202276,0.19566600539675158,-0.15993278459372334
2,2.0,10.0,1,9.128647386355013,107.92283201394851,4,0.49738321065271873,1600845.3782891163,167597.55920829225,1070633.9466424908,6.3881237393910615,0.667325219584748,0.9983951716218491,308.50498096915317,0.999611977240498,0.10516129032258063,0.11333333333333333,0.9278937381404174,0.1706451612903226,0.089247311827957,1.9120481927710842,0.21956989247311828,0.11956989247311829,1.8363309352517985,0.09106051307724156,0.15371419597448413,0.15631623171886128,0.2375998831164592,0.10178668175890383,0.17525998987758928,0.17223544469024218,0.1992784765847057,-2.181453727768504,-2.031084960561199,-2.024840077754341,-1.8297594074797596,-1.8322185183417223,-1.682344147738426,-1.6885137597774351,-1.633350088940123,0.7469946612165352,6.345345345345345,3536.2955013550463,4.341341341341341,0.6589403973509934,0.9020551909428818,0.886876191129073,0.9688405276931994,0.20374591832226138,-0.16111231756865713
2,2.0,11.0,1,4.90921808073762,26.683177490718624,5,0.07788457610971389,861790.8722323738,28183.79492062217,215262.2718271321,7.637802944330397,0.44920602022541356,0.9952949745534881,8487.169050788461,0.9991666789609835,0.12494623655913979,0.13989247311827957,0.8931591083781707,0.3190322580645161,0.13666666666666666,2.3343823760818254,0.3088172043010753,0.08645161290322581,3.572139303482587,0.2883176311064643,0.3433294082803873,0.3995971968147508,0.4533270557420208,0.27834343958081165,0.3782516235589349,0.4230555450483317,0.4631891611030675,-1.8640466084542389,-1.719959131866166,-1.572581895943112,-1.4318520343029888,-1.7352715231862366,-1.4950356047463285,-1.38730157535919,-1.2907976081232797,0.7238861261289531,6.279279279279279,9267.593301146864,4.715715715715715,0.6324503311258278,0.896111251324864,0.8632770896720527,0.9452674648080062,0.22471280146291417,-0.19094953492522992
2,2.0,12.0,1,6.184343448880567,54.32768263144583,4,0.20715052749611362,2103947.101358762,30634.88037419165,517015.1986699925,16.87668410500966,0.3023605373798227,0.9966471937589425,87545.40471148578,0.9983384441247561,0.13193548387096773,0.056666666666666664,2.3282732447817835,0.19225806451612906,0.12268817204301075,1.5670464504820336,0.24666666666666667,0.06236559139784945,3.9551724137931044,0.33842199183933386,0.3186973767675071,0.3594470168373522,0.5482603547717297,0.35575572885651385,0.33541287347729054,0.37472151718360325,0.5179512097289811,-2.785723741973997,-2.868778692152361,-2.6971931218655474,-1.9021518844043728,-2.5312187983688403,-2.611145342157881,-2.4567027148122027,-1.8939570195932793,0.7257168848175628,6.41141141141141,7566.218500481063,4.847847847847848,0.6125827814569537,0.9391724260474772,0.8699310798569687,0.9288536432903286,0.21170400778426238,-0.19220916183907016
2,2.0,13.0,1,5.188276644617879,29.37505639796207,6,0.2253474119715717,1610552.0420016092,50401.660838864904,280361.4517615744,5.562543914135994,0.3775812204722091,0.9960097820606726,5161.556375854182,0.9982041096307824,0.10838709677419356,0.1096774193548387,0.9882352941176472,0.292258064516129,0.13989247311827957,2.0891621829362026,0.24849462365591402,0.053010752688172035,4.687626774847872,0.5080303894689481,0.3440526175191469,0.30149500427191417,0.3275060193672845,0.3133018832079624,0.26911874138873415,0.27528995613541296,0.35209573866964466,-1.4681034196194884,-1.9574351234237686,-2.084432759459994,-2.0068123955353463,-1.7054784690733722,-1.8152114000747388,-1.799884615828327,-1.6091303306347162,0.7582284694861323,6.41141141141141,6177.187597338489,4.693693693693693,0.6456953642384106,0.8716568342501291,0.8607912081067937,0.9249031889976889,0.2138338414918447,-0.1739710347709957
2,2.0,14.0,1,5.922010826686547,40.84179798480652,5,0.18667147525750316,2217336.649097657,1943.68124903327,497513.06022662914,255.9643256702083,0.6764752796015739,0.9969995750540301,5655.364600886586,0.9991181308831261,0.16838709677419356,0.05311827956989248,3.1700404858299596,0.1804301075268817,0.10580645161290322,1.7052845528455285,0.30096774193548387,0.12548387096774194,2.398457583547558,0.2171527602099922,0.21269884409521966,0.25628519050044524,0.5045798390633343,0.22448536344057735,0.22406312426674113,0.2537564828071299,0.46390110771433923,-2.610258439430902,-2.6251091938772237,-2.47977863286162,-1.6518863328891988,-2.404784857626504,-2.406094174464214,-2.3140183636106686,-1.6623831937956157,0.7349124861980065,6.41141141141141,10790.287915161858,4.64964964964965,0.6390728476821192,0.9312938748858096,0.8847200301375413,0.9492197823647529,0.2080737574400012,-0.17205715901539562
2,2.0,15.0,1,7.459987443765374,69.79109306771775,4,0.36725311584246545,1244675.5749773276,81591.77174496363,1097416.2943623262,13.450085356555158,0.531799063433265,0.9964872028763897,184.98989990788272,0.9992843543610016,0.10849462365591397,0.0696774193548387,1.557098765432099,0.25268817204301075,0.08602150537634409,2.9374999999999996,0.18483870967741936,0.055053763440860215,3.357421875,0.3864681732951338,0.34453553301184503,0.3959791655017322,0.48522146851609155,0.32285103724953346,0.2966715918393926,0.37576180294377504,0.48080094335385176,-2.0662349903237485,-2.2074545405063812,-2.0342041419886003,-1.733656458756438,-2.110320019976573,-2.1919076924090906,-1.9454247690655935,-1.6180725717172524,0.7247552900917487,6.213213213213213,7959.777002314978,4.67167167167167,0.6324503311258278,0.9459690338446332,0.8703242379881435,0.9239628666460544,0.22477668975822093,-0.1569446694594504
2,2.0,16.0,1,12.55418692236704,183.63853400160662,4,0.48859352317387117,1470437.5757451807,124524.92188389928,1332396.6817226084,10.69983953063522,0.824349861780238,0.9988706527268028,4527.9815660041295,0.9997323636150186,0.13774193548387098,0.08989247311827957,1.5322966507177036,0.23032258064516128,0.06623655913978495,3.477272727272727,0.2512903225806452,0.07505376344086022,3.3481375358166194,0.25385049616843325,0.27548635015494494,0.3161345022121639,0.38422167844988464,0.25168618784692104,0.27599895609948993,0.31827986359336813,0.3550266368360848,-2.3383549070384904,-2.2705503918876655,-2.1431633128412377,-1.9297851870845413,-2.2259028721126857,-2.153583131646192,-2.0278161179980434,-1.9185107079235006,0.6938605132583915,6.169169169169169,37386.27042765073,5.0240240240240235,0.5728476821192053,0.9759414105340104,0.8949418635779594,0.9728519801426732,0.20651221029803934,-0.1425296375376179
2,2.0,17.0,1,8.419423345083086,86.8715770863155,4,0.2940860804045251,1179600.203802317,31504.957970737236,1428606.1009938514,45.345437448949596,0.4017498665524557,0.9982873581432755,415.8190623665543,0.9997980514845913,0.11483870967741935,0.15666666666666668,0.733013040494166,0.2918279569892473,0.10301075268817203,2.8329853862212944,0.2456989247311828,0.04913978494623655,5.000000000000001,0.09665742333176149,0.10194567931820686,0.09672833720894065,0.1086617226639931,0.12824028803300022,0.12821253871485289,0.12124724042119527,0.13539776484128047,-1.8934318267624888,-1.8823474912607423,-1.8932831892516728,-1.8682704726973869,-1.3034654506481786,-1.303506941757469,-1.3139215382966414,-1.292763506516856,0.6741255281722089,6.477477477477476,5043.159487171349,4.473473473473474,0.5794701986754967,0.9316344022480888,0.9047102047559046,0.9739682500650133,0.19231123081202456,-0.16083701632604266
2,2.0,18.0,1,9.455348459101836,116.24573763874086,5,0.3026780536737401,581338.21897063,32966.571251446396,1284420.4345843145,38.96129884990575,0.6407997900145729,0.9972154448940728,297.25805974567896,0.9993815167194239,0.10193548387096774,0.07999999999999999,1.274193548387097,0.25311827956989247,0.08989247311827957,2.8157894736842106,0.21215053763440855,0.0821505376344086,2.5824607329842926,0.022207359888538166,0.034159568755772064,0.037490084122645165,0.06983460450417504,0.03112170213866114,0.04584003747298992,0.0501353176080449,0.08508830036817479,-1.943686079395767,-1.9199271134961822,-1.9133066133101029,-1.8490111876428104,-1.3739814546357867,-1.3531091532981294,-1.3470179494172518,-1.2974505783628785,0.7230865705520307,6.345345345345345,6498.495354469902,4.275275275275274,0.5927152317880795,0.9117252136087993,0.8924755996939228,0.9733108958353137,0.18102876630409992,-0.15367676281158651
2,2.0,19.0,1,7.534155438363065,74.61174837133278,5,0.15838869283762858,2467700.007282733,63592.07024189816,628095.5005903974,9.876946892925204,0.39628754205530015,0.9968071731502585,435.85907180132443,0.9991299720515978,0.14064516129032262,0.08989247311827957,1.5645933014354072,0.31129032258064515,0.05956989247311828,5.225631768953068,0.4021505376344086,0.0978494623655914,4.1098901098901095,0.08709707176865604,0.11261465641710376,0.13601613405635785,0.20405025308492847,0.0970580842119997,0.12001064349580097,0.15072168562217245,0.2153623901034698,-2.0895691554091513,-2.031161239131303,-1.977596939627172,-1.8218717335387653,-1.7489746711196013,-1.704516169279307,-1.6450296908430553,-1.5198223514955924,0.7017379467338785,6.521521521521521,12563.166024741215,4.737737737737737,0.6192052980132451,0.9634216499206175,0.9140373980116654,0.9817295448246982,0.19526100573233723,-0.1840661229942429
2,3.0,0.0,1,7.459734168666628,61.030034606095924,7,0.7259788526269033,15749921.831807304,310260.015624178,4542228.097963702,14.640069197526767,0.8320281034008115,0.999037957447856,244.39518480193246,0.9999001160291465,0.11161290322580646,0.12999999999999998,0.8585607940446652,0.2222580645161291,0.13989247311827957,1.588777863182168,0.19161290322580643,0.06591397849462366,2.907014681892332,0.0913421577762744,0.09965179845777039,0.10801472719310158,0.1682442759844561,0.13189531812109448,0.13768144742331748,0.1523652108059816,0.23377500226452053,-2.23343498535361,-2.213010309142869,-2.192454653592923,-2.044413471123766,-1.3849875404648997,-1.3757562609218001,-1.3523295593308031,-1.2224471278734752,0.7297612784179923,6.719719719719719,6498.495354469902,4.473473473473474,0.5662251655629139,0.9533049380141689,0.9114990685997205,0.9828219631553086,0.1902150590475319,-0.12364792621455427
2,3.0,1.0,1,5.219965127952996,28.330769805322518,5,0.7124395615795295,10139726.563688453,16303.357480278872,3188732.3100305256,195.58746190088337,0.8503707547535659,0.9989178932488757,2527.86432549035,0.999649908345403,0.10193548387096774,0.1596774193548387,0.6383838383838384,0.27086021505376345,0.0996774193548387,2.7173678532901837,0.20043010752688173,0.09838709677419355,2.0371584699453553,0.13914557600637714,0.2074389156011826,0.21141151412176015,0.28503774900343426,0.1316081077999815,0.2130344618405765,0.20811881561666273,0.25959749356836964,-2.681889926907318,-2.4691301217308665,-2.4567539618842824,-2.227380153512315,-2.44205757353804,-2.2130735786890603,-2.2268971659401227,-2.082130849606603,0.6947196364247847,6.741741741741741,4224.401577269036,4.67167167167167,0.6225165562913907,0.9506365015512009,0.8936244448607132,0.9672367142823957,0.2114455061243534,-0.1318297941331689
2,3.0,2.0,1,6.600532543861524,58.12637477895574,4,0.48251483709808496,7058116.275598441,184733.72627254945,1598719.0172088637,8.65418053036061,0.6528613489596474,0.9987516020550163,2968.6756460849333,0.9992001579964357,0.11516129032258067,0.16999999999999998,0.6774193548387099,0.23311827956989245,0.09333333333333334,2.497695852534562,0.19827956989247314,0.06838709677419355,2.89937106918239,0.16809662055081087,0.15732052144296643,0.1821181734822387,0.21453574878403586,0.1741456039192967,0.15619773506344037,0.1760598755365973,0.1987158007752716,-3.18414330564437,-3.2253892540115014,-3.13047525355531,-3.0063956934376628,-3.0675837033910893,-3.134249922368805,-3.0604732630459592,-2.976319267647704,0.6989597706515195,6.477477477477476,6177.187597338489,4.86986986986987,0.6158940397350994,0.8973657967269411,0.8884011503265205,0.9576769831020605,0.20447573529851418,-0.1869220789332491
2,3.0,3.0,1,3.497997849887756,13.043081205386752,4,0.4782546056227053,4037424.833234105,111846.72181097271,680109.1740378343,6.080725148004403,0.6780049926868936,0.9963822446024478,758.2396755484841,0.9988089930768584,0.11161290322580646,0.09655913978494624,1.155902004454343,0.2627956989247312,0.0996774193548387,2.63646170442287,0.18913978494623657,0.07580645161290323,2.495035460992908,0.0780217493327967,0.09402907014518416,0.10013409222957119,0.13719204734513535,0.10183154939380601,0.10801659025875651,0.12124143763888283,0.17434856681072025,-2.383187012625206,-2.3418102892161667,-2.326029646524463,-2.230239927751868,-1.6638227730357729,-1.6523652209069755,-1.6278666959074326,-1.5294877661342716,0.7222320388727483,6.279279279279279,10790.287915161858,4.64964964964965,0.6158940397350994,0.9027233713788921,0.8904363216676792,0.9667099494494625,0.1777337957952458,-0.19753073859958836
2,3.0,4.0,1,12.406136296307794,178.30057765629957,4,0.505332864019755,11001248.24583264,89774.51630091653,3364354.676881938,37.475609064881034,0.844105434116806,0.9986536059094443,128.42723220974125,0.999823659538444,0.11086021505376346,0.16,0.6928763440860216,0.15268817204301077,0.11322580645161291,1.348528015194682,0.25688172043010754,0.10827956989247312,2.3723932472691165,0.1716604426071585,0.18290687027638083,0.23258551545781073,0.28963379017563906,0.17035659907935177,0.1904507109819884,0.23948156536616652,0.284003550647459,-2.264312992807085,-2.233570247194119,-2.097770863058203,-1.9418261800982592,-1.9582437965351445,-1.9108147807235851,-1.7950850993567613,-1.6899978999771583,0.7215570550098963,6.499499499499499,9267.593301146864,4.89189189189189,0.5960264900662252,0.9215334018506769,0.8850225511734782,0.9615813411202097,0.2044908426246801,-0.11969568930360934
2,3.0,5.0,1,6.737912751397621,55.46810643322167,5,0.5837258648802812,10344673.938161157,132024.58583970592,2414302.7162390156,18.286766066210394,0.7500474253040158,0.9986525003643474,4651.466181155462,0.9997339832423553,0.127741935483871,0.15333333333333332,0.833099579242637,0.24849462365591402,0.13333333333333336,1.8637096774193547,0.2781720430107527,0.09795698924731182,2.8397365532382004,0.08554179342007157,0.10580041361588063,0.13367250585315274,0.18895664545833465,0.10772401106566101,0.13157374473500116,0.1501557777019529,0.21176922876153975,-2.7065467263168532,-2.646586739325506,-2.564092952887168,-2.4004669872727726,-2.145586959479494,-2.08823735220259,-2.043554576795705,-1.8953974832938805,0.7429435367177346,6.6756756756756745,7379.16868635112,4.583583583583584,0.5927152317880795,0.9083207922441389,0.8901292691577406,0.9590738249714978,0.19142956340333026,-0.14492618264502422
2,3.0,6.0,1,5.48489572370249,33.67058329340873,4,0.6411465656449473,8616275.244643487,57734.5712056733,2048404.459721918,35.47968603464108,0.7508597113083798,0.9982164743684343,568.8760581129704,0.9992475652182677,0.10516129032258063,0.17655913978494625,0.5956151035322776,0.2790322580645161,0.13634408602150536,2.0465299684542586,0.25763440860215053,0.08161290322580646,3.156785243741765,0.1534572304408547,0.12113751109544348,0.1670268701666707,0.23434944239919206,0.1929315036230397,0.11527185346005193,0.17757861997600538,0.21572076481609612,-2.689295041149267,-2.7919682480945163,-2.6461870421950935,-2.432316856100871,-2.2630575849914414,-2.480818854497176,-2.3061077845034834,-2.199155437118222,0.7372473873589501,6.521521521521521,20860.24089248505,4.737737737737737,0.6225165562913907,0.9240228720634345,0.8942243721933736,0.9584343166735075,0.19727609310301622,-0.1360943596492601
2,3.0,7.0,1,4.722435887867211,28.846277956473333,5,0.43102826924501214,5124226.059241589,56624.479333125906,1171386.892090393,20.68693444753883,0.556960738513797,0.9959896896711693,1207.4359387110921,0.9983987068396133,0.10193548387096774,0.12634408602150538,0.8068085106382978,0.27935483870967737,0.07301075268817205,3.82621502209131,0.3166666666666667,0.07784946236559138,4.067679558011051,0.10097312503462263,0.10033096826862588,0.10311298481099085,0.14568608899952676,0.08100803666854525,0.1040509408091193,0.10767570182452794,0.12756537545314092,-3.2688957995086905,-3.271230705854036,-3.2611151882396703,-3.1063177674625546,-3.1984513303369106,-3.118253014852118,-3.1056374293470403,-3.0364135888612234,0.7211032840486006,6.367367367367366,13904.108340900724,4.803803803803803,0.6059602649006622,0.9064188192491517,0.8758007630534828,0.9462689139944376,0.20782549496580632,-0.20931167319926425
2,3.0,8.0,1,6.647002976894238,63.56726109989667,4,0.4277110297371256,5562393.613061784,156377.38170943974,1185902.6253377292,7.583594330420626,0.688724285786399,0.9968675219321425,3544.9396934321494,0.9989951197460185,0.12451612903225809,0.14989247311827958,0.8307030129124822,0.20903225806451617,0.12,1.7419354838709682,0.31806451612903225,0.06860215053763441,4.636363636363636,0.12770223839044587,0.1543848225545994,0.17979216163515935,0.24560645760131875,0.12509325998527104,0.17070377107022877,0.19507848135558398,0.25433171450275555,-2.5113045307623447,-2.434486616681901,-2.3613400736598344,-2.1718637882412204,-2.239480673336015,-2.12273239217176,-2.060340950769333,-1.908671676323545,0.724020545960675,6.389389389389389,4675.297380465088,4.803803803803803,0.6125827814569537,0.9485677872108651,0.9086772931172532,0.9771166742034373,0.1946772154672426,-0.1684105573413645
2,3.0,9.0,1,7.854067345055371,68.10432341961624,6,0.5800013689269632,12591660.910759479,35864.99034397065,3007443.116760514,83.85456368221504,0.9018592800985615,0.997979606518726,316.57240607062937,0.9997192633665716,0.10838709677419356,0.07333333333333333,1.4780058651026395,0.21655913978494623,0.10268817204301076,2.108900523560209,0.29870967741935484,0.08150537634408601,3.66490765171504,0.2293738749115955,0.21891348432236182,0.22139281927223722,0.36105579832594037,0.24551572793057833,0.225834886588599,0.23165383344642496,0.3794554887789875,-2.430149612742143,-2.4631361847152142,-2.4553176658872853,-2.0148940630372842,-2.143964563275921,-2.199890217361361,-2.18335492786547,-1.7633574234014155,0.7411312268370713,6.697697697697696,9267.593301146864,4.935935935935935,0.6556291390728477,0.9197083160543337,0.8731157799233126,0.9596143905141432,0.22065565862154216,-0.07950813314500965
2,3.0,10.0,1,6.343745753061973,46.07918976135963,5,0.5833850146074117,8851995.330277022,51194.05821083069,2339992.684649053,45.70828659475175,0.6750155997591208,0.9991111758276247,960.0862986395761,0.9996697335427407,0.10193548387096774,0.13645161290322577,0.7470449172576834,0.3066666666666667,0.08935483870967742,3.432009626955476,0.22086021505376344,0.06193548387096774,3.5659722222222223,0.07895941095119806,0.10734358875721838,0.12752717049074208,0.18328587450855396,0.07432905270098547,0.10663821187304971,0.11402719279783018,0.1411051726566347,-3.0911123243218017,-2.9958519385416897,-2.928113644499856,-2.7409813734284256,-2.9190385224053563,-2.8171538510488974,-2.7938532170345245,-2.7084647033867753,0.7253809308789533,6.477477477477476,6836.516004510238,4.957957957957959,0.5827814569536424,0.9555174192227728,0.9011228194605326,0.9677920652295492,0.20127054456995147,-0.16067576439927397
2,3.0,11.0,1,7.343332382691464,65.18623597639323,5,0.3550521756047691,6743050.212098106,167001.94608744018,1795001.8823716915,10.748389012376242,0.4722075105219078,0.9989039492772979,809.7987316230602,0.9995863981898271,0.10516129032258063,0.1564516129032258,0.6721649484536082,0.2894623655913978,0.08978494623655914,3.223952095808383,0.2578494623655914,0.06473118279569892,3.9833887043189375,0.12440009150691833,0.11840184663392812,0.1433605261965614,0.1686135819539291,0.12460793015640047,0.1210651183635524,0.142988962358567,0.1696276174044302,-2.7409932546241365,-2.7597702651936618,-2.6816391785387528,-2.602586571499634,-2.5816391214974526,-2.592087310188668,-2.527431191746506,-2.4488705143316847,0.6915333215636003,6.41141141141141,5043.159487171349,4.89189189189189,0.5728476821192053,0.9363463659138099,0.8991719096019262,0.965258436444819,0.19923434506770138,-0.1582161285834267
2,3.0,12.0,1,8.920785277587173,96.373770466683,6,0.6151520633506884,13735568.194745136,80954.41823150728,3364544.564624541,41.560975152744255,0.7608022053102658,0.999445211315035,1261.1147525281597,0.9997628358935277,0.11483870967741935,0.13655913978494624,0.8409448818897637,0.29268817204301073,0.07634408602150537,3.8338028169014082,0.25526881720430106,0.07236559139784945,3.527488855869242,0.15028756575954264,0.23400195013132996,0.26077893456869605,0.2911106796076847,0.15088756374366483,0.22323748321592857,0.2512797780456186,0.2783994034874917,-3.095432845627335,-2.7904681957131134,-2.6929218332094678,-2.5824257688052716,-2.8163420511008286,-2.5763713335573843,-2.4833604544723658,-2.393409891648441,0.7696579140532186,6.41141141141141,5305.480525369574,4.64964964964965,0.652317880794702,0.8941987615539612,0.8699137102768495,0.9275392165469254,0.21477970145107747,-0.11902285941558952
2,3.0,13.0,1,7.235889788165659,67.76157968438484,4,0.5344430256812098,7952761.663575496,31914.96521125544,1905394.2203547321,59.70221830863088,0.7359787522267793,0.9983422661390026,291.3373771344565,0.9994130425908618,0.1281720430107527,0.08666666666666667,1.478908188585608,0.15924731182795698,0.09655913978494624,1.6492204899777283,0.23967741935483872,0.05548387096774193,4.319767441860465,0.10585145273132757,0.1668375635992071,0.1776461870287016,0.29281900823744994,0.11708752001320737,0.1865605061264729,0.18835784451850648,0.28677447829711195,-3.359311366368178,-3.1301868701590507,-3.089578929059769,-2.6568752484855587,-2.921602728281643,-2.6917130502317583,-2.6857655652104917,-2.360099870961646,0.7141806266702481,6.609609609609609,5043.159487171349,4.737737737737737,0.6158940397350994,0.8921398039559983,0.8780592624828233,0.9421602887160081,0.202878218817932,-0.16862098516448043
2,3.0,14.0,1,5.327756843242391,37.518165532042794,7,0.5275874755758021,8254063.713975209,268699.9535017933,1088039.990093057,4.049274947439823,0.7710591200193501,0.9982495408434024,6811.405036256719,0.9995706799540062,0.11483870967741935,0.12301075268817203,0.9335664335664337,0.27580645161290324,0.19279569892473117,1.430563301728946,0.23827956989247312,0.09247311827956987,2.576744186046512,0.26581074475575045,0.2235494142224186,0.23184212764412906,0.2778731646156118,0.32023564121582543,0.2680138072735233,0.28915802384905714,0.3717589759392164,-2.221282113362581,-2.3491433384214577,-2.3240538184328283,-2.1847873849431823,-1.4342736475271327,-1.5444594777800584,-1.4998460875073811,-1.325561620673218,0.7518712510986286,6.389389389389389,9749.649183484096,4.75975975975976,0.6324503311258278,0.9002280417910284,0.8939996042416419,0.9691150962409472,0.1954891775525457,-0.16649828189199367
2,3.0,15.0,1,8.622522402312251,91.68355886282473,5,0.5930212204327477,11866073.885824973,88812.62955967913,3080910.2860574843,34.69000187622206,0.7954117051418664,0.9979703638409436,74.46789078623529,0.9998228301395857,0.11483870967741935,0.11311827956989247,1.0152091254752853,0.2988172043010753,0.09946236559139784,3.0043243243243247,0.25881720430107524,0.08849462365591396,2.9246658566221146,0.0969879254779748,0.11633288066740168,0.1377890479968555,0.1892401740551218,0.11554018160983183,0.14242959062815697,0.15359813738693753,0.2097895226444013,-2.452803963872623,-2.4002582846859077,-2.341978031564093,-2.2022240576117245,-1.9116702767175124,-1.8535515437801662,-1.8294118616499464,-1.7079598761885908,0.7119938452918476,6.741741741741741,8373.806535266507,4.86986986986987,0.609271523178808,0.9593070604336664,0.9067529672981479,0.9807388472772294,0.20038272552153852,-0.12389282693320922
2,3.0,16.0,1,10.64260448280342,138.82150654019924,4,0.586513391082808,12011275.775732566,109513.09810782956,3257554.6432234547,29.745799356493215,0.8383689726796869,0.9992965566445354,1026.7277137115798,0.9997147560320323,0.11795698924731184,0.09666666666666666,1.2202447163515018,0.16989247311827957,0.06655913978494624,2.5525040387722133,0.23483870967741938,0.0858064516129032,2.736842105263159,0.1790077234081805,0.257395778153055,0.34837998626946526,0.41787653384746837,0.2093196592761864,0.258649902901394,0.33809714988735134,0.4083820145750249,-2.9716892985680325,-2.687953446157908,-2.3586241634018794,-2.10707228817315,-2.639256982198342,-2.474594749921023,-2.2094032552998524,-1.9747953988556217,0.6834263796938794,6.433433433433433,19828.83949127067,4.803803803803803,0.5927152317880795,0.931278936127442,0.8815384125026703,0.9587405829919915,0.20347531666931098,-0.11720489154077128
2,3.0,17.0,1,5.621605864872553,36.05052899056883,5,0.6096950677152382,9364380.411426907,27089.37135377738,1969253.492264622,72.6946914546995,0.724295673342706,0.998556884679439,492.34955027472705,0.9995896463518142,0.10193548387096774,0.0832258064516129,1.2248062015503876,0.20946236559139786,0.0696774193548387,3.0061728395061733,0.2555913978494624,0.08161290322580644,3.1317523056653496,0.27765764167833656,0.20883117106526358,0.21074140035480446,0.29210441577863033,0.2914347515467072,0.20179984076810284,0.20327133942772613,0.2668811411583762,-3.0178534954659773,-3.3054016400920947,-3.2974209477345586,-2.957496730817594,-2.82713608483576,-3.184774412818099,-3.178903214691336,-2.925103629946639,0.7516500733938335,6.609609609609609,13216.641839466038,5.1121121121121105,0.6125827814569537,0.941226176249482,0.9015813425305871,0.957722549192191,0.1985257954976415,-0.16807729994414883
2,3.0,18.0,1,5.9712749080606535,38.751534054002605,6,0.7475809186245206,13144717.610288888,51728.066510052995,2826712.3487426373,54.645621602603015,0.8447706622504525,0.9992713021266727,242.57442055054713,0.9996423752673665,0.11161290322580646,0.09645161290322582,1.157190635451505,0.31580645161290327,0.07946236559139785,3.974289580514209,0.22698924731182796,0.0721505376344086,3.1460506706408347,0.0403295378025043,0.057677090372816854,0.06074658775175654,0.1283804088378613,0.04991987581443629,0.059465497263182655,0.06422218105610572,0.12499430731353897,-2.597578054833022,-2.550622747113618,-2.5423144169680345,-2.3592472742996238,-2.1411489358464957,-2.119636437388013,-2.1089165326325,-1.9719573750280015,0.6850341285286532,6.5655655655655645,6337.841475904195,4.6056056056056045,0.6225165562913907,0.9400075240778651,0.9112331639413048,0.9821412108642086,0.17792273411732745,-0.13053047105196222
2,3.0,19.0,1,5.713933532296515,41.25014038440702,5,0.40245643736788195,6477640.519731323,35958.8825997998,1446476.7522931634,40.22585374499976,0.560542776644338,0.997219891921239,1506.2272384461198,0.9987748730083693,0.10193548387096774,0.11989247311827958,0.8502242152466366,0.27290322580645154,0.11279569892473118,2.4194470924690177,0.27311827956989243,0.08806451612903227,3.1013431013431005,0.3207885924258533,0.27326190910375936,0.3024823063996567,0.35651755534453317,0.3651903522515897,0.2714031732585667,0.29495185383505707,0.3331606581533757,-2.133723377728905,-2.2830271057573537,-2.19123205620207,-2.021481853821234,-1.9066533685014515,-2.188343543475235,-2.117614985230757,-2.0028546854805436,0.6907929848572036,6.477477477477476,42425.56430717769,4.957957957957959,0.5894039735099338,0.9537512081372541,0.9038636494724737,0.9656075481209039,0.18941207223941822,-0.19936904036886746
2,4.0,0.0,1,7.206226320405155,56.20177684144234,6,0.7151439085383239,18364236.57232994,44934.62094398965,4680363.88934749,104.15941630355569,0.8893224782846627,0.9989791537213706,1172.6477539083426,0.9998859990549035,0.1339784946236559,0.17311827956989248,0.7739130434782608,0.21806451612903227,0.2,1.0903225806451613,0.3589247311827957,0.10279569892473117,3.4916317991631804,0.24942833719617466,0.2677538305034351,0.29624187278847236,0.38714927380086595,0.29098488302276143,0.29502999973962174,0.3218935458307971,0.43507123811277243,-2.067389595401349,-2.0169134902250607,-1.9384454569483593,-1.6880482939433898,-1.5712568275616148,-1.5622923963281203,-1.5027597725552615,-1.2519453435429813,0.7506110071165674,6.785785785785785,12563.166024741215,4.451451451451451,0.6158940397350994,0.9610155548332299,0.9009343612659798,0.976027971668911,0.19924244069226865,-0.11899165099634028
2,4.0,1.0,1,4.931427100272012,24.960955180515537,4,0.7467604084029602,13429268.59308925,71688.05154590835,2926748.267984839,40.82616565621925,0.8326973576686397,0.9993189921165202,620.9866130074331,0.9997948466547916,0.11806451612903228,0.13333333333333336,0.885483870967742,0.2761290322580645,0.1129032258064516,2.445714285714286,0.21537634408602152,0.05548387096774193,3.881782945736435,0.08949536595300094,0.12504195474782534,0.14758282238201953,0.21216485039429886,0.10132948776082751,0.13885880548441626,0.15218009601822557,0.2132501726851547,-3.2736598109362403,-3.1458543777708265,-3.0648101636961447,-2.832609709457002,-2.872706547543424,-2.752739646125056,-2.7101565658781572,-2.514938845133165,0.7349124861980065,6.6756756756756745,11646.773685272645,4.825825825825825,0.5927152317880795,0.8790606568992274,0.8832559402098669,0.92541012045231,0.1954517702752662,-0.10839679849265582
2,4.0,2.0,1,7.5666720748688325,65.73752562536454,4,0.630744572060514,11982527.852503082,219890.33423508506,3007281.3314941395,13.676277958989552,0.8606420138088281,0.9989553534982614,722.1722498001466,0.9997257774767339,0.10193548387096774,0.13,0.7841191066997518,0.27,0.09322580645161291,2.8961937716262978,0.1329032258064516,0.08204301075268816,1.6199213630406293,0.058048143607610035,0.04750337731497784,0.05247235892315582,0.08103713350746665,0.05465621258619365,0.05211658341070049,0.05969204182086273,0.08677284972584559,-3.14233041151654,-3.1775075169904627,-3.1609311050266444,-3.0656396532764782,-2.6623365276127746,-2.6694887907476534,-2.6481543091470905,-2.5718876376540236,0.7125918515765981,6.521521521521521,10256.779307444209,4.715715715715715,0.5927152317880795,0.9129037842821534,0.8818069914765634,0.9686579904732926,0.2039912681543213,-0.11332695976758639
2,4.0,3.0,1,6.934311908620571,61.36910754915759,6,0.5083041570117857,8895582.078798953,41602.83022204245,1878542.432295835,45.15419797811077,0.6804311172864503,0.9982448352828488,874.9408329190867,0.9992222034972599,0.1503225806451613,0.09333333333333334,1.6105990783410138,0.3247311827956989,0.09967741935483872,3.2578209277238397,0.2617204301075269,0.08569892473118279,3.053952321204517,0.2514625704666496,0.2222675698504799,0.2120838309155733,0.26535751894116305,0.2561269313097202,0.22288587007003272,0.19048498909663913,0.25171890534978836,-2.488921251679701,-2.5859959664627503,-2.6198573650469843,-2.442719911326192,-2.254516071287921,-2.3552624350775,-2.4534623968088978,-2.267875830886179,0.7022359183763195,6.455455455455454,20860.24089248505,4.78178178178178,0.5860927152317881,0.9126035707792993,0.8792878159374068,0.9542847958028657,0.21086043282006586,-0.17296861561328447
2,4.0,4.0,1,12.359065393952458,176.5584638507349,4,0.5831617491225382,13145075.61234338,42341.099921163106,3924698.4168138476,92.69240582132795,0.8211127442530733,0.9988640377434199,185.77330069016824,0.9998141710377202,0.10440860215053764,0.14655913978494622,0.7123991195891417,0.1693548387096774,0.13666666666666666,1.2391817466561763,0.18333333333333335,0.13591397849462367,1.3488924050632911,0.18420292069095354,0.21907957436058223,0.28763102574093036,0.36390671213836623,0.22839385403436213,0.257001631341056,0.3132865036392585,0.3893149254368141,-2.0863891558286265,-1.997192621722946,-1.8218732826326307,-1.6267993249178245,-1.6346979534964639,-1.574090511135037,-1.4548473376069988,-1.2937761665570406,0.7477313420180701,6.433433433433433,9749.649183484096,4.583583583583584,0.5529801324503312,0.9178466299390937,0.8902442204557262,0.9751627128181539,0.20928693928786116,-0.09225088491000465
2,4.0,5.0,1,6.987630936217181,59.59680823034869,6,0.5984549059872348,11981174.144982671,227335.41123083935,2911679.3768333592,12.807856730585636,0.7734087998415117,0.9977932773184924,363.7788481667841,0.9994936200315186,0.10193548387096774,0.1096774193548387,0.9294117647058824,0.2960215053763441,0.07301075268817205,4.054491899852724,0.2661290322580645,0.0975268817204301,2.7287761852260197,0.08787445108996254,0.14362524608370142,0.21483895715771795,0.22836390449864172,0.09537123427283782,0.13132961222205838,0.1838568951649815,0.20851071977299476,-3.2567910499636437,-3.0577299773065563,-2.8034577697823826,-2.7551662516862323,-3.043068261514681,-2.9221083685525495,-2.745412563993732,-2.6624799025176302,0.7391476483144289,6.631631631631631,32110.426718392562,5.0240240240240235,0.6125827814569537,0.938956336483,0.89695866904885,0.9638834584616549,0.18566690125401236,-0.1472170561059632
2,4.0,6.0,1,6.042254142989013,39.39677626182654,5,0.6627848357922108,10307030.387434943,102678.01500583054,2668891.024091154,25.992818656842964,0.7444142941323177,0.9987800249361924,187.94724305324988,0.9996024108070438,0.10193548387096774,0.1695698924731183,0.6011414077362079,0.289247311827957,0.12279569892473119,2.3555166374781082,0.29731182795698924,0.0750537634408602,3.961318051575932,0.09753870458593504,0.1291469895951206,0.12992665364804956,0.18586197641685656,0.1051542027577651,0.11987553929958555,0.13449335044219313,0.19097141482922383,-2.4193138365479423,-2.334578500350297,-2.332488380762127,-2.182537240459472,-1.9904100545527414,-1.9576653108666267,-1.9251508392521133,-1.7995263936056503,0.7437479428256294,6.543543543543544,13216.641839466038,4.6056056056056045,0.6390728476821192,0.9541801521837312,0.9074565287510071,0.9797042299997905,0.1943754463399803,-0.13666892501432723
2,4.0,7.0,1,5.646167730240578,38.39158753308534,6,0.6350143287310415,7512932.630666642,122008.37040807126,2050636.8913458649,16.80734595902945,0.743731724817955,0.9981934015127716,282.35040886154206,0.9993710633599091,0.10193548387096774,0.11645161290322581,0.8753462603878116,0.2563440860215054,0.10258064516129033,2.49895178197065,0.31623655913978493,0.07483870967741935,4.225574712643678,0.17398275749136535,0.13714543086363987,0.14217175244988825,0.20948917658166022,0.14428395392801857,0.11580005101779742,0.13876312009923916,0.19287120725925963,-2.410220335647554,-2.517707285289658,-2.503041075097861,-2.306616816334144,-2.2518075429919495,-2.3267626261898293,-2.2663355576485835,-2.1239507100544657,0.7045270920992847,6.587587587587586,24287.643824604504,4.97997997997998,0.5927152317880795,0.9354177908490164,0.8814052650434353,0.9608550207159117,0.2110679025785653,-0.17127001886094273
2,4.0,8.0,1,7.396933807050749,77.44578610091865,4,0.4831325188675334,6848487.002517402,58539.00463247952,1456241.772961979,24.87643549979332,0.7147502631252634,0.9971929115937145,8905.376263311986,0.9988709547163638,0.10193548387096774,0.07956989247311827,1.281081081081081,0.33634408602150534,0.06602150537634408,5.094462540716613,0.170752688172043,0.06537634408602151,2.6118421052631575,0.1630196824738045,0.17528006819011463,0.18569154815237557,0.2553260477633879,0.1348299761262118,0.1522725264911997,0.18256446653884165,0.24142411403657743,-3.140999528169485,-3.0949890486591336,-3.0559170980239454,-2.7945944290883498,-2.951496563662002,-2.8919919275290313,-2.788652058497331,-2.5878544782135426,0.7029587663374155,6.455455455455454,57512.170718416135,4.957957957957959,0.5794701986754967,0.884937989220704,0.8701297344368114,0.9466566697409959,0.20634002140653948,-0.18002821647928333
2,4.0,9.0,1,7.567579791505231,63.303392720748306,6,0.6408835044384869,14646846.774670707,165412.93298305446,3572470.1191466115,21.5972841707159,0.912215935934868,0.998309768429536,19473.319431729695,0.9997768320247312,0.11827956989247312,0.08645161290322581,1.3681592039800996,0.31204301075268814,0.10290322580645161,3.0323928944618594,0.3176344086021505,0.09473118279569892,3.353007945516458,0.20770550235408544,0.20151273274965492,0.19678401684859087,0.2630587651881438,0.16283566720415815,0.18119586622590042,0.18417705534845352,0.2542232702258956,-2.9966694750558114,-3.0200921842817237,-3.037977451236162,-2.7873086457525447,-3.069747787595701,-3.0024238726618395,-2.9914923286926896,-2.7346440556285785,0.704788094876795,6.6756756756756745,12563.166024741215,4.913913913913913,0.6158940397350994,0.8581796332144436,0.8587629166608386,0.9246371981144443,0.21652786203285715,-0.09268448873309391
2,4.0,10.0,1,6.349048848896041,44.87819753720975,6,0.6640350750811839,12345538.962866887,70780.86704658101,3069511.45158015,43.366400832022855,0.7473668928602617,0.9992911082271776,1409.7006763570676,0.9997059823727023,0.10193548387096774,0.11311827956989247,0.9011406844106463,0.2335483870967742,0.12924731182795698,1.8069883527454245,0.20795698924731182,0.0853763440860215,2.4357682619647356,0.2479691565096941,0.1854715959299752,0.21987960090904837,0.21245333115595622,0.12797559865316552,0.11937149216901312,0.15850958953235755,0.17439132215176484,-2.7709044551453896,-3.0011806074403244,-2.874402171270495,-2.9017647244451106,-2.802458263060869,-2.8301096100593326,-2.7043300055127384,-2.6532902722871095,0.727319009462997,6.653653653653654,14627.3335620113,4.847847847847848,0.652317880794702,0.9199576479730727,0.8860429259651106,0.9485091604334985,0.19943942583597105,-0.13614045875873504
2,4.0,11.0,1,7.444861631607641,66.31959656217255,6,0.6032785118203592,10065316.889075346,16980.69098931607,2415538.3506450066,142.25206454583136,0.7369513336559979,0.9980410136662825,2825.073283257698,0.9994607768204089,0.10193548387096774,0.13645161290322577,0.7470449172576834,0.2698924731182796,0.1329032258064516,2.030744336569579,0.19580645161290322,0.05903225806451613,3.3169398907103824,0.20803039941910673,0.16062578939537026,0.1600964905810273,0.19173560806172202,0.17953800928952698,0.15038924769767556,0.14787696236964334,0.17715720818436667,-2.6390092915581995,-2.796971423215241,-2.798735158197035,-2.693306963797891,-2.4034097600311184,-2.4887963091898566,-2.4961556398422697,-2.410383929069565,0.72947712983804,6.609609609609609,6177.187597338489,4.86986986986987,0.5960264900662252,0.8951937092749999,0.8747808143440976,0.9498047501023988,0.21337288850146582,-0.13791917511027643
2,4.0,12.0,1,8.677980654342024,89.76821358903395,6,0.5927575442443213,14817116.39522186,2202.11301243849,3498771.621324202,1588.8247340448113,0.7616938273627765,0.9986784943945467,1799.6358700171327,0.999670272623475,0.11161290322580646,0.08967741935483871,1.2446043165467626,0.32741935483870965,0.049569892473118285,6.6052060737527105,0.3076344086021506,0.08483870967741935,3.6261089987325734,0.1624567290683935,0.17704330186485293,0.24215910224382334,0.2919546429677826,0.1819216620381322,0.1881321832774333,0.2569721773182651,0.30672825906287,-3.1338634418192814,-3.0792843784863346,-2.8356384280323654,-2.649316801369589,-2.651816240242122,-2.6316847194347406,-2.40853859062946,-2.247253320627227,0.6992060478538485,6.719719719719719,42425.56430717769,4.97997997997998,0.5761589403973509,0.9650627891313036,0.9161302595501146,0.9759945262448244,0.17917230987963464,-0.13538932947668847
2,4.0,13.0,1,7.5395647805419195,71.95682605970995,4,0.5468130615551567,10185013.850657154,35247.808534696465,2308567.31880663,65.49534325046544,0.670204782718814,0.9982075482721483,392.2559174134112,0.9994821837538762,0.10193548387096774,0.07989247311827956,1.2759084791386273,0.28043010752688174,0.07279569892473119,3.8522895125553918,0.272258064516129,0.07150537634408602,3.807518796992481,0.09559074676213843,0.10955492712658935,0.13736133092109012,0.22782615689024888,0.11040313007454321,0.12293680535447045,0.13927196467906122,0.23280116932506625,-3.2806548850446346,-3.230001205458462,-3.129136232972427,-2.8009840472468586,-2.7920058685202225,-2.752668842819338,-2.7014008334104336,-2.4078587841094325,0.6655974741135728,6.41141141141141,5581.446249454955,5.046046046046046,0.5960264900662252,0.9197600217238013,0.8884605091013315,0.9621872308510877,0.1919246125238963,-0.15523686933754538
2,4.0,14.0,1,5.636040438072605,41.12397897790743,5,0.5985907150232859,9482244.794680376,83182.65332195636,1786366.595232077,21.475229797226955,0.853243010247206,0.9975275151674378,921.5066077259545,0.9993257996320446,0.10193548387096774,0.07989247311827957,1.275908479138627,0.2768817204301075,0.07956989247311827,3.47972972972973,0.2175268817204301,0.101505376344086,2.1430084745762716,0.1292253210245189,0.1659817649477681,0.14393550386585727,0.20339820469489164,0.14499337849754093,0.1313920282501275,0.12047549045980756,0.16785917628472463,-3.576954709743438,-3.425967159945393,-3.5165284490057918,-3.272268489546786,-3.404707721330489,-3.4588694331152623,-3.502339997635085,-3.3136542062786383,0.7463634440046804,6.455455455455454,36438.58983763541,4.913913913913913,0.609271523178808,0.9108815713854916,0.883582392775621,0.9594550742988501,0.19455896227111885,-0.14954033920449036
2,4.0,15.0,1,7.3960022803728664,64.6499942321169,5,0.6301738500631014,13135214.299422566,43924.56035767362,3908912.0470139063,88.99148938962618,0.7676747719359839,0.9986627400276389,582.694456908395,0.9994819680253301,0.10193548387096774,0.08978494623655914,1.1353293413173653,0.273010752688172,0.08612903225806452,3.1697877652933824,0.2446236559139785,0.07827956989247312,3.125,0.11881500427986626,0.156399645137174,0.17987438479154255,0.25497167567022655,0.12291562304766981,0.13288345835706858,0.1706776611384875,0.23991516893166506,-3.3609397113977035,-3.217587620055393,-3.1280522953479943,-2.841622693892643,-3.162308901998616,-3.126370085664779,-2.990103898465189,-2.7404695497069005,0.6628708372471459,6.6756756756756745,7379.16868635112,5.1341341341341336,0.6258278145695364,0.8997285824329804,0.8751470728578733,0.9417504685364133,0.20764314074895518,-0.1519000789205482
2,4.0,16.0,1,10.251412165942146,130.67801300559026,4,0.6241687238855114,14427076.327066904,176538.70178495842,3555264.7760725087,20.13872731659244,0.7893010502128329,0.9992875307759571,1137.554784115544,0.9997303372920576,0.11161290322580646,0.05333333333333333,2.092741935483871,0.2950537634408602,0.07655913978494625,3.8539325842696623,0.2898924731182796,0.11483870967741934,2.52434456928839,0.07832058411896002,0.09775008452071358,0.13234539564133926,0.18441902845052024,0.10265594408865455,0.11739949018752592,0.16388491284681606,0.22605041079352337,-2.9191768565371783,-2.857639030119886,-2.748067491656594,-2.583137971572795,-2.151729167309889,-2.116375817653719,-2.00490905177746,-1.855843245578496,0.7150521331384307,6.521521521521521,17916.50327363903,4.693693693693693,0.6390728476821192,0.9335396280252722,0.89293174352444,0.970138473376672,0.19877712099498132,-0.13662179086880263
2,4.0,17.0,1,5.943487308650714,39.65092161685563,5,0.6842702588929054,11912058.594991252,173566.1260148449,2650218.7513961405,15.269216478159285,0.7761777741288438,0.9990579004379351,906.8093368920498,0.9995477355165435,0.10193548387096774,0.08989247311827957,1.1339712918660287,0.28247311827956983,0.06946236559139785,4.0665634674922595,0.40505376344086025,0.06548387096774193,6.185550082101807,0.15709812164534817,0.14685845513349552,0.1696092744090062,0.2653417150590976,0.17740718315112786,0.1604711172902622,0.17740718315112786,0.25472547117373684,-2.9304400411865457,-2.966039355324157,-2.8869436580825103,-2.5541194177698014,-2.4926993237804798,-2.5440206082047734,-2.4926993237804798,-2.2584020623381513,0.6942351412042029,6.499499499499499,13216.641839466038,4.847847847847848,0.6258278145695364,0.9368938430118802,0.9004278507600921,0.9746861227172299,0.19666912373057438,-0.14380622157696213
2,4.0,18.0,1,6.038694879486653,39.40696172390227,6,0.7060686357970726,14073026.070900002,253944.01635643083,3103596.6093035964,12.221578022722335,0.8544728412925969,0.9991249033113102,15793.76772450393,0.9997931532996934,0.11806451612903228,0.08989247311827957,1.3133971291866031,0.3123655913978494,0.06634408602150536,4.708265802269044,0.26924731182795697,0.07268817204301074,3.70414201183432,0.17870479210726056,0.1495899632784577,0.15333726908482176,0.22984432955650486,0.1782110075220243,0.13685135505878732,0.1530889547348427,0.2214289612560622,-2.676015963408201,-2.7708804481501463,-2.7586706482374797,-2.50938864443648,-2.366238066029519,-2.4853279844295706,-2.4385738579979486,-2.2417974027967076,0.6994307174326266,6.5655655655655645,7566.218500481063,4.78178178178178,0.5993377483443708,0.9527548288707046,0.9056394474470785,0.9772474274489535,0.19656454021417846,-0.13783952294190047
2,4.0,19.0,1,5.550059165621798,37.89819191813184,4,0.5917208741061972,8504161.474610709,23186.28951866313,2096734.7563715135,90.42993941241905,0.7128740233534716,0.9979683126118166,876.3550494899829,0.9992650595790509,0.10193548387096774,0.11967741935483871,0.8517520215633423,0.2996774193548387,0.0532258064516129,5.630303030303031,0.2270967741935484,0.0846236559139785,2.6836086404066073,0.1502768675671931,0.16791383106641714,0.17375342884207598,0.2317181321453315,0.16192939555126792,0.16751488252256394,0.17438755737700534,0.22056966452848523,-2.7109297049094554,-2.654661296495576,-2.6360308291462493,-2.451102079976902,-2.5666860434535828,-2.549579857675181,-2.528531513375249,-2.387093585289284,0.6926742012703232,6.499499499499499,7192.118872221178,4.957957957957959,0.5695364238410596,0.9538242484164444,0.8982016052978908,0.9675438972714088,0.20770363553620866,-0.1734614120949591
2,5.0,0.0,1,8.844207043796159,91.21691647717935,5,0.40454194471029703,1525015.0653591834,70524.48400874904,1497758.447388016,21.23742510760105,0.6649700570406214,0.9987527058520018,341.1568585195822,0.999836390580375,0.1341935483870968,0.16333333333333333,0.8215931533903885,0.2886021505376344,0.13333333333333333,2.164516129032258,0.19741935483870968,0.05591397849462365,3.530769230769231,0.1030529770091416,0.13743421394430025,0.16729455289800116,0.20629474328863665,0.13769157289983552,0.17511825459061414,0.21121747846181743,0.26453371682166316,-1.662709219202719,-1.5989752436675064,-1.5436218508870918,-1.471325522953539,-1.1170295089629654,-1.0685471950283163,-1.0217844625215742,-0.9527189058330822,0.7045322415298946,6.323323323323323,4117.319931161679,4.42942942942943,0.6291390728476821,0.8791314167824732,0.8876138526439958,0.966585577890018,0.22053208079556022,-0.1454463415023145
2,5.0,1.0,1,3.6274064133317507,14.122298915579613,3,0.2757470246053325,1450730.2244770797,34848.195538979955,483475.14976641315,13.873749911257672,0.5046680707203524,0.9921867304684904,22962.3153709701,0.9983392115557708,0.17193548387096774,0.11333333333333333,1.51707779886148,0.10526881720430108,0.0832258064516129,1.264857881136951,0.2304301075268817,0.07602150537634408,3.031117397454031,0.20347394549981795,0.21316083426203622,0.2430727594365841,0.3508618705553703,0.18181898590412215,0.21144526816709996,0.23488424890579085,0.31923160965276426,-2.83917980646224,-2.804651345270354,-2.698031689267668,-2.3138224522741497,-2.8036144956750517,-2.7020957938542445,-2.6217787673885806,-2.3327504482415464,0.721159746017997,6.19119119119119,15388.177500383432,4.583583583583584,0.609271523178808,0.9542465531820559,0.8961709279507244,0.9671988786705167,0.19939149791526103,-0.20764782799132683
2,5.0,2.0,1,6.4001606315720005,46.49004633360085,6,0.16280758209704604,944700.6327782827,18207.919805348418,565156.3356516825,31.039039148539786,0.4146482903603804,0.9975851426231838,403.440965049487,0.9994938504419524,0.10516129032258063,0.16655913978494624,0.6313750806972239,0.2693548387096774,0.11989247311827955,2.246636771300449,0.16483870967741934,0.05182795698924732,3.1804979253112027,0.0729051378587056,0.13734019919140483,0.13357009533003675,0.14695229167851437,0.06562566099006294,0.14946739572081372,0.1351220489002473,0.15428593418912467,-2.0449939051624746,-1.902862486809238,-1.9111786146761536,-1.8816600496534586,-1.8009997770823802,-1.6393954400879795,-1.6670459922782135,-1.630107742058423,0.7095904500618881,6.323323323323323,2240.527869300018,4.2972972972972965,0.6390728476821192,0.9324018906224253,0.8881955478348607,0.9714288523809624,0.21330322641943494,-0.1575868962685471
2,5.0,3.0,1,4.006796291170267,19.34296773429929,3,0.18068498533507305,279427.0768023479,22616.058071361385,314579.08885565674,13.909545503599801,0.2803052580932164,0.9949661677749264,2809.314925123841,0.9977441970820808,0.10193548387096774,0.06655913978494624,1.5315024232633279,0.20290322580645165,0.08967741935483871,2.2625899280575545,0.23634408602150536,0.11483870967741934,2.058052434456929,0.14748155264963742,0.1672062557173574,0.1763609206529473,0.2555282398380889,0.14212011287490142,0.1680005532453911,0.1809190101517121,0.25767476614910184,-2.6844176181335335,-2.622308298866593,-2.5934820090454327,-2.3441992550340633,-2.52640464977955,-2.4501883100895476,-2.4121442317915016,-2.1861031486988605,0.7261269821582435,6.41141141141141,11351.54708920999,4.75975975975976,0.6688741721854304,0.8642564322249432,0.8619519554864623,0.9358386425940887,0.23076525722090188,-0.23780488811190598
2,5.0,4.0,1,6.880191561521963,57.013851005811496,5,0.3868325316135769,3595910.820947851,84642.99654667199,781629.2971218684,9.23442374456674,0.7076286625466532,0.9984490641793885,189.8483374850688,0.9994154210962166,0.10838709677419356,0.19967741935483874,0.5428109854604201,0.2563440860215054,0.1629032258064516,1.5735973597359736,0.26483870967741935,0.09559139784946238,2.77052868391451,0.15916812434692035,0.2385178452084436,0.24409326825164018,0.28086496053508125,0.1598689623545104,0.23323708950944372,0.28094324972579976,0.3252065254057304,-2.166384401671376,-1.9619416319228287,-1.947576679947003,-1.8528352424580485,-1.7059018356026363,-1.556926476783502,-1.4600582233373343,-1.370180811542388,0.7086841815237276,6.455455455455454,4117.319931161679,4.53953953953954,0.5927152317880795,0.91835322977238,0.8851879538461486,0.9686099697677168,0.2101683965171349,-0.1554381560428442
2,5.0,5.0,1,7.1476026781124276,68.36007945740607,3,0.16203797274789045,1723317.8880216156,201967.48545380664,502105.9986603401,2.4860734267802735,0.41131907160808145,0.9969056641563092,582.529195272202,0.9993741434879503,0.1213978494623656,0.08989247311827957,1.3504784688995217,0.18655913978494626,0.13602150537634408,1.3715415019762849,0.22946236559139788,0.09817204301075269,2.3373493975903616,0.1395421061117772,0.15395582897132828,0.1606070940627464,0.3506361251612156,0.15371710020448096,0.16201386858872985,0.1626703538508987,0.30544738761663476,-3.254721085053528,-3.2002005233406114,-3.175041810881718,-2.456248365343493,-3.041839331655185,-3.012017818774635,-3.009658179117967,-2.496467144452592,0.7591135801334032,6.455455455455454,8373.806535266507,4.75975975975976,0.6125827814569537,0.8846533141977804,0.8515377881338448,0.9293514101433134,0.23351670198924956,-0.14689819674885188
2,5.0,6.0,1,10.486354764409327,118.27311098016487,3,0.05192482718061764,760584.2803359432,37075.92942872541,483057.01727471617,13.028857933375418,0.8346519356941107,0.9987003961845728,419.57092346496387,0.9998452586569325,0.10193548387096774,0.22333333333333333,0.45642753972075106,0.2627956989247312,0.13666666666666666,1.922895357985838,0.2521505376344086,0.0489247311827957,5.153846153846153,0.08101320248026904,0.10028837275933693,0.10612776149583625,0.1222768610809209,0.10623471625441308,0.12395149254066713,0.13055606569872358,0.15166261591309793,-1.9173327431330414,-1.8771178943394946,-1.8649348561776955,-1.8312421007538242,-1.3640995359007788,-1.3370594989366484,-1.326979341043324,-1.2947656985182578,0.7050819226051187,6.125125125125125,2024.4465099768017,4.517517517517517,0.6026490066225165,0.9467018028833116,0.9090257812364007,0.9847183155688288,0.19934091988292982,-0.12821523859443776
2,5.0,7.0,1,6.696274489669328,54.446479372414515,7,0.2783032425408326,1179083.9453717999,112988.94226183156,578602.0184553597,5.120872953342227,0.38891153906768894,0.9958739730108459,52717.59952267346,0.9992089504458167,0.1535483870967742,0.10666666666666666,1.4395161290322582,0.3235483870967742,0.14623655913978495,2.2125,0.46311827956989243,0.09268817204301075,4.996519721577726,0.30803815292557823,0.3136819539539237,0.3405727995288784,0.4424608871847733,0.3519647382439796,0.33511008009693366,0.3662909260158391,0.46126849618241567,-1.8023330858797353,-1.7876328399535826,-1.717591029278707,-1.4522060630184452,-1.4337802541046232,-1.4710712434489908,-1.402083514195398,-1.1919453122730723,0.752978632282798,6.5655655655655645,6836.516004510238,4.583583583583584,0.6192052980132451,0.91091200124913,0.8991501171422054,0.977340757089667,0.1954298706949164,-0.16024247909648442
2,5.0,8.0,1,7.2893873825595845,65.61474532316505,5,0.3062582906803092,1035091.7146978593,146981.88202826754,1031821.1674905833,7.020056848177679,0.40382423095554243,0.9984483260650707,168.81466489907882,0.9998830328624849,0.11161290322580646,0.03989247311827957,2.797843665768194,0.30473118279569894,0.18989247311827956,1.6047565118912799,0.3466666666666667,0.0664516129032258,5.216828478964401,0.15471627808827657,0.1428424664346297,0.15500858875810342,0.2801870507110934,0.18563474677560995,0.1650090800614213,0.20768526683530936,0.3684680230376691,-1.391595122719094,-1.4111430424967633,-1.39111389009636,-1.18503191713551,-0.9221962410698483,-0.9455529747198574,-0.8972259876949944,-0.7151538120814177,0.7533404941695301,6.389389389389389,3195.2475057592137,4.275275275275274,0.6291390728476821,0.9404754308903811,0.8997714592190829,0.9730146986493236,0.1975334274488209,-0.14521295119209826
2,5.0,9.0,1,6.126406415555729,41.65745117606931,7,0.26932096470092914,986506.8453849016,139369.1734027395,945032.8788553252,6.780788432492412,0.6731218810671109,0.9986583484743884,458.9258488700671,0.9997636252425458,0.10838709677419356,0.19322580645161289,0.5609348914858098,0.17301075268817204,0.14978494623655914,1.1550610193826274,0.17838709677419354,0.08827956989247313,2.0207064555420216,0.10823922982197033,0.11974639405446798,0.192910963195995,0.23433501770552678,0.11935214082975794,0.12931656051308818,0.15093542834417528,0.20817956628611453,-2.6485915750044593,-2.6144144960639926,-2.3971106317345567,-2.2740783057503493,-2.309211819477857,-2.28308337839056,-2.2263949477091822,-2.076290864045257,0.7236991096177836,6.345345345345345,10256.779307444209,4.42942942942943,0.6688741721854304,0.9299494642710062,0.8917760902484767,0.9683023944440747,0.2014595065314516,-0.14692149693327394
2,5.0,10.0,1,8.91983092006567,104.2495135092396,5,0.3772351101600344,1172829.694864137,138998.10206229336,947748.8857135215,6.818430407695629,0.38614988274650397,0.9974868539437007,117.7753912966164,0.999700161039888,0.11806451612903228,0.12655913978494623,0.9328802039082414,0.1535483870967742,0.11322580645161291,1.3561253561253561,0.15139784946236562,0.07225806451612904,2.0952380952380953,0.12555470167417512,0.15295678307645996,0.15300428165072663,0.18778286309671272,0.14875454494844498,0.17656495314614348,0.16809370821345937,0.20675052359023266,-1.8310502480877306,-1.773671486893822,-1.7735720269546338,-1.7007471969661443,-1.5433558408636197,-1.492934008154839,-1.5082928512108085,-1.4382058728347347,0.7016916336810709,6.3013013013013,6498.495354469902,4.341341341341341,0.6026490066225165,0.9445205034684817,0.8889255915300479,0.9653668216097291,0.2055683890111205,-0.16179102560718137
2,5.0,11.0,1,5.740853427995428,38.67257767759014,7,0.2043285068007209,127595.31167891884,175688.20667781445,419284.6387548149,2.3865269427202898,0.47873949046312614,0.9959553245693509,1339.4397793075525,0.9992631733471905,0.10838709677419356,0.1064516129032258,1.0181818181818183,0.3124731182795698,0.13301075268817203,2.3492320129345186,0.2209677419354839,0.10161290322580645,2.174603174603175,0.12742156424541606,0.18892231554764158,0.22968173043545692,0.3202003040555489,0.14067115738898264,0.19575179537243817,0.22632933694062315,0.30572871292775466,-2.4768967061416394,-2.3023209865457424,-2.1866215189184164,-1.929675956597296,-2.180983027856964,-2.041187956810073,-1.963581927677882,-1.762065717743388,0.7557631424000563,6.235235235235235,8373.806535266507,4.825825825825825,0.5695364238410596,0.9351639138125075,0.8877663991476971,0.9484380756202719,0.205366469153195,-0.197045626589721
2,5.0,12.0,1,7.766429170325851,83.41090614026555,3,0.2153047972513613,1608200.714347832,21588.693115258073,559822.7604800735,25.93129456661793,0.5576153711682006,0.996384827193183,45312.54365110042,0.9990659461178902,0.14483870967741935,0.10989247311827957,1.318003913894325,0.17956989247311828,0.10978494623655914,1.6356513222331048,0.3065591397849462,0.08193548387096775,3.741469816272965,0.30262575132077885,0.3441376211223492,0.4462631981851374,0.5510789898878647,0.2846889255510776,0.35211185328383676,0.453877031728762,0.5533125737628312,-2.465998578931453,-2.3192076526342196,-1.9580794228689813,-1.5874382730444274,-2.37696174056863,-2.1529169502913956,-1.8147536751427744,-1.4843317265524014,0.768136424817379,6.433433433433433,11351.54708920999,4.6056056056056045,0.6026490066225165,0.9213625581054131,0.8668773075787376,0.9477776406718992,0.22207771676400492,-0.17800798524437383
2,5.0,13.0,1,5.744159502063107,36.859685296872335,5,0.39580111220944536,1814092.458623714,36065.340976035826,541269.9607487398,15.008036693965959,0.5698251568928235,0.9966530708474717,433.22635440930117,0.9988534094918492,0.10838709677419356,0.0732258064516129,1.4801762114537447,0.26602150537634406,0.1395698924731183,1.9060092449922954,0.31870967741935485,0.07580645161290323,4.2042553191489365,0.13692437245609765,0.14291622656219088,0.18387696787249339,0.3146338613864323,0.13509232050257616,0.168206746031251,0.21229412974963624,0.37156364656404045,-2.6131104113737806,-2.594969038997617,-2.4709533257047576,-2.075064264658614,-2.0450177347160476,-1.9667208377334426,-1.8624790975818015,-1.4858967244499388,0.7088971753195439,6.41141141141141,7566.218500481063,4.693693693693693,0.6192052980132451,0.8726604462229094,0.8704401465087412,0.9444626011783885,0.21110498680868875,-0.17079291831681653
2,5.0,14.0,1,6.0632435696206315,42.749152742257536,5,0.3513695274671972,822354.7046209408,17533.14347439808,1300277.8883674475,74.16113888910537,0.6511547210147219,0.9966364139729795,459.5916177612429,0.9994539551088599,0.1470967741935484,0.07333333333333333,2.0058651026392966,0.26440860215053763,0.2332258064516129,1.1337021668971876,0.4263440860215054,0.10290322580645161,4.143155694879833,0.1943554731673954,0.2518462607652522,0.2805276880413808,0.4410122518264644,0.23666821799166468,0.2583434999385675,0.3029292723819216,0.46382542527861426,-2.035264655026202,-1.8900281839890833,-1.8175715443091642,-1.4121463853582055,-1.5801399288020057,-1.535270870183445,-1.4429758014403822,-1.1099116718245654,0.7328540594066978,6.455455455455454,4556.786265841069,4.363363363363364,0.6655629139072847,0.9171691401970613,0.8900577060930804,0.9685135436064697,0.21595351541713045,-0.13875248816344504
2,5.0,15.0,1,7.615508727214246,72.41565428371776,3,0.33098569960911384,621246.5729145654,27138.259796807084,1086775.047833578,40.04586351411674,0.5686823639566534,0.9968258173527149,203.01361962729226,0.9996431313917761,0.11806451612903228,0.12333333333333334,0.9572798605056672,0.3095698924731182,0.10290322580645161,3.008359456635318,0.2040860215053763,0.05870967741935483,3.476190476190476,0.15707850878518703,0.1655133414205176,0.17887137034419676,0.2277923443364563,0.15040543121376757,0.17637647982638194,0.18711544458942764,0.2271347904276974,-1.838508957214396,-1.8201116147402943,-1.7909762135399772,-1.6842739289051432,-1.6018187613353987,-1.5528531553303224,-1.5326059976073845,-1.4571538450922246,0.6913720459760908,6.323323323323323,5043.159487171349,4.627627627627627,0.609271523178808,0.9266015129564913,0.8724433436732368,0.9544123975869196,0.21302366274381276,-0.16063410373312362
2,5.0,16.0,1,10.666668184987087,137.58356874248196,4,0.15016154495887368,476026.2921991525,114339.22074578678,1001649.7296092574,8.760333707680674,0.4782326060635185,0.9984702610445446,4816.295395192645,0.9997074710568826,0.13860215053763442,0.11989247311827955,1.156053811659193,0.14043010752688173,0.12655913978494623,1.1096006796941378,0.28591397849462363,0.11634408602150537,2.457486136783734,0.44092078044976674,0.45022732486076944,0.49117965745766434,0.6173603013378853,0.48641727797787865,0.4871513170778989,0.5162634988533391,0.623712667334433,-1.707253411866511,-1.6788341304073404,-1.5537784905175465,-1.1684621932147727,-1.418469290560164,-1.4164419405797175,-1.3360367126408217,-1.039271772444699,0.7464871320835275,6.3013013013013,8809.37190447399,4.583583583583584,0.5993377483443708,0.9631341069136499,0.8815418446425556,0.9647748710542646,0.21423368933330478,-0.13610788952538228
2,5.0,17.0,1,9.719340709227206,110.05257490203769,4,0.3813641120541795,1184178.9861657973,2249.0753120874147,1558833.5813613315,693.0997699292448,0.7130571908940835,0.9984293699074278,2929.9116279375826,0.9995184809869962,0.10193548387096774,0.11989247311827958,0.8502242152466366,0.2596774193548387,0.0929032258064516,2.795138888888889,0.17870967741935484,0.04559139784946237,3.9198113207547167,0.05720527605711731,0.05920310651824055,0.07431200872022203,0.11345534649133644,0.06501468345277296,0.0689532056652953,0.08051833313488078,0.11509166212431979,-2.7683220574094927,-2.7624558407325877,-2.71809166880122,-2.6031553389719377,-2.3612669454012036,-2.3513203696105798,-2.322113116052706,-2.2347995962674787,0.6946018843449124,6.367367367367366,2544.1632550623526,4.451451451451451,0.6026490066225165,0.9252288509534682,0.8960844370073772,0.9573504853816518,0.18954539591363426,-0.1461909169088742
2,5.0,18.0,1,8.152165622015353,90.64879275353621,5,0.34134591568710637,1358519.1316879173,138932.71773317287,912448.8889992473,6.56755949129024,0.534002231998305,0.9971000463825503,996.8640118020994,0.9982725737017814,0.10193548387096774,0.0996774193548387,1.022653721682848,0.26408602150537636,0.09623655913978495,2.7441340782122907,0.17172043010752688,0.07860215053763439,2.18467852257182,0.22148645311420118,0.16968551035019916,0.1840551414754697,0.24201561119987886,0.18649585153920448,0.15160621108453184,0.1584811739979277,0.21709814417453693,-3.5744135814401408,-3.8122488690696485,-3.7462731325395473,-3.4801574162513518,-3.390662557829789,-3.536081604271816,-3.5074269509660825,-3.263113057291043,0.6954687901161143,6.41141141141141,11942.0002813353,4.67167167167167,0.5927152317880795,0.8703554777853856,0.8546265993997552,0.912522559800286,0.2165249898413739,-0.16073642306196095
2,5.0,19.0,1,4.931699392024149,27.690133489886215,5,0.1564161128241447,879388.2400830189,30672.266275711358,293657.5298889132,9.574040837062427,0.4165714632155395,0.9940963684009958,360.43763216699847,0.9977269661124586,0.19516129032258064,0.05311827956989247,3.674089068825911,0.17763440860215055,0.1232258064516129,1.4415357766143109,0.2181720430107527,0.12247311827956989,1.781387181738367,0.24307429947478665,0.2385177804225487,0.28448251304657324,0.518920377535068,0.2696718690575599,0.24531799290126993,0.2874673976461998,0.4931304346328829,-3.0484528498034713,-3.0668038365388144,-2.8816848478970822,-1.9375066074094134,-2.738017886287966,-2.829321159010483,-2.671302017752587,-1.900266301120411,0.7325721720770074,6.367367367367366,19828.83949127067,4.75975975975976,0.6291390728476821,0.9534051402781526,0.8868478670242341,0.9589897299793422,0.20260481974750297,-0.2058480397561818
3,1.0,0.0,1,2.3780620981619736,7.823117748912907,4,0.33341462739274086,-312.5696007859777,0.0812223495497143,11.068577247844233,136.27501924294145,0.41228111227625674,0.7890004489242856,8.363503361102778,0.8282138326121318,0.10193548387096774,0.26591397849462367,0.3833400727860897,0.25311827956989247,0.341505376344086,0.741183879093199,0.4006451612903225,0.2934408602150538,1.365335287651154,0.1309598201315568,0.1936823384632074,0.3485734112499485,0.45466554455813063,0.06647793928945336,0.1261086848566365,0.2961647181878905,0.47177707860938184,-2.456553313710689,-2.2792528691268488,-1.8414156011468195,-1.541520397594431,-2.266431329225883,-2.121658114294365,-1.7087912545947948,-1.2824345864346132,0.8442297818413359,2.2272272272272264,12.708787092020595,1.4344344344344344,0.652317880794702,0.958353285146215,0.8821796685820372,0.9650060190223184,0.20471763327148518,-0.38695669102525276
3,1.0,1.0,1,2.228248291281345,6.491653600418491,3,0.5175545907766824,-291.28495012423286,3.0157131785702096,25.747879207507438,8.537907182444604,0.5686037438058472,0.8363709687605397,94.3166979359322,0.8726141151140016,0.10516129032258063,0.2231182795698925,0.4713253012048192,0.26924731182795697,0.2859139784946237,0.9417074088003007,0.31666666666666665,0.26107526881720433,1.2129324546952223,0.06422777096691222,0.08873621438824698,0.11788886467593221,0.20655302156370803,0.08544104958529374,0.09671765130307018,0.11088712883047333,0.1983444834074947,-1.9269246946230232,-1.8764573657259702,-1.8164267727994265,-1.6338511971045593,-1.4312617673488919,-1.4136141691301485,-1.3914392929900317,-1.2545707315672758,0.8326356617145215,2.271271271271271,17.22805447131392,1.5005005005005003,0.6589403973509934,0.9073443519394198,0.8888359291105716,0.9654026228833844,0.20258408301735592,-0.3223473756273182
3,1.0,2.0,1,4.548895885436761,31.880848186406574,5,0.557070257370972,-288.02335546755535,2.4390167569456955,25.665704163048662,10.522971640091978,0.7073706857134994,0.880256772831671,5.570424064945128,0.8996481328043978,0.10193548387096774,0.34516129032258064,0.2953271028037383,0.2796774193548387,0.42720430107526874,0.6546690158570351,0.39752688172043016,0.34010752688172047,1.1688270629149542,0.43480157817670184,0.31259439863852617,0.4275817658574356,0.540086262391682,0.519911445807108,0.30084487838133256,0.4214522354387187,0.6381014128205313,-1.482815190067846,-1.8034294295237523,-1.501756586510375,-1.2065976299907282,-1.046082427762914,-1.5234145463752853,-1.2606187855207827,-0.7885540060773069,0.8548748758420747,2.095095095095095,13.369837418249451,1.39039039039039,0.5993377483443708,0.9647610722421996,0.884777170210955,0.9682109177328149,0.20323037879172032,-0.3167714965470193
3,1.0,3.0,1,2.1734880404531736,6.480090290460669,2,0.606257851628577,-292.83914124953026,0.9039251591631079,28.556933802287933,31.59214400971774,0.7309235707588377,0.8965904585544301,8.946944671814471,0.9063219672510877,0.10193548387096774,0.15301075268817205,0.6661981728742093,0.2565591397849462,0.1693548387096774,1.5149206349206348,0.23537634408602154,0.1546236559139785,1.5222531293463144,0.04115763364790113,0.06238506734331603,0.09153046864196375,0.15545128755371054,0.04417969077912765,0.054008016984376093,0.07584521868867139,0.14845747848308483,-2.9661708784176275,-2.9005039889888398,-2.810342932692649,-2.612604411498638,-2.811468566240445,-2.7825593351661047,-2.71832696264378,-2.5047438404122735,0.783520752137848,2.183183183183184,16.37624074521689,1.4124124124124113,0.6026490066225165,0.9276433008656035,0.8860039688583916,0.9665079290456743,0.18004608308076464,-0.31499853193621785
3,1.0,4.0,1,2.886920804462964,10.985962156983419,3,0.3354271448575624,-342.2272288666122,8.210835438216773,26.808195827166102,3.264977848951787,0.7702163973999421,0.8475433859575642,3.3618966594591457,0.9102980232765934,0.10193548387096774,0.12655913978494623,0.8054375531011044,0.2595698924731183,0.24924731182795695,1.0414150129421917,0.3183870967741936,0.25698924731182793,1.2389121338912137,0.056234427820075185,0.058890304737534115,0.06843703014524097,0.16902447366295242,0.05141681651659745,0.0609946279098722,0.07800003800162492,0.13882612067618427,-2.178072256516334,-2.1719428828655474,-2.1499104434928364,-1.917769404936216,-1.7299620671400624,-1.7124947003502133,-1.681481379739931,-1.5705508703740603,0.8428794358225832,2.2052052052052047,20.0586777950823,1.4784784784784788,0.6291390728476821,0.9353755246524847,0.890915864562901,0.965957363032202,0.18957352148255577,-0.2910959666288906
3,1.0,5.0,1,2.5070785441657333,8.507084024079974,3,0.4024829749854797,-339.01740767047204,6.9827736379224286,13.865780462615872,1.9857124377214284,0.4937236282230141,0.8339868932439146,36.28951698488818,0.8713638123826123,0.10193548387096774,0.30290322580645157,0.3365282215122471,0.2631182795698925,0.36516129032258066,0.7205535924617197,0.3388172043010753,0.2774193548387097,1.2213178294573643,0.23440595437332395,0.2847042554795092,0.30217120425284466,0.4376966334713538,0.26873650599636445,0.2972888725160198,0.29482948563285866,0.38743436145593385,-2.1008600156803636,-1.9628368815477828,-1.9149059781095246,-1.5430118169943765,-1.7823268631436726,-1.7127354637758645,-1.718729789138289,-1.4930216016094717,0.8357972929713979,2.2052052052052047,15.566543592710588,1.4344344344344344,0.5894039735099338,0.9338416217729568,0.8840955090363188,0.9521100554953466,0.19410172766542283,-0.34999650030690255
3,1.0,6.0,1,4.81163680641646,37.048236061450176,3,0.3762407922149229,-311.72700831383275,0.8318140947809958,21.43518016177315,25.76919566074041,0.5786081302981356,0.8891117525692283,5.109097970282311,0.9092306401672898,0.10193548387096774,0.42817204301075273,0.23807132094424907,0.2563440860215054,0.39182795698924733,0.6542261251372118,0.4344086021505376,0.2782795698924731,1.5610510046367851,0.5857872001510243,0.4855915919741788,0.5215942596295401,0.48224829057978313,0.7388608413637858,0.5861586171366716,0.6080502049478269,0.5562198825681446,-1.130113202025528,-1.4034808517623667,-1.3052533463827745,-1.4126025134916385,-0.5811961871900013,-0.9210531085331026,-0.8723307819627584,-0.9876853151749307,0.8197566005338217,2.183183183183184,11.781772746104188,1.4564564564564557,0.609271523178808,0.9506116099877526,0.8787520875849234,0.9602594973570164,0.2132603555849597,-0.33837269963297206
3,1.0,7.0,1,3.3801881958827553,16.14993550148782,5,0.4857492072430667,-305.42664845447183,5.050578182837032,23.400881386951273,4.633307423390173,0.6891705230294036,0.9100577412139698,10.317455326427368,0.9321092640713995,0.10516129032258063,0.2225806451612903,0.472463768115942,0.28913978494623654,0.2747311827956989,1.0524461839530332,0.39193548387096777,0.2633333333333333,1.4883625969783587,0.3429654399338473,0.3735306598758133,0.40284285373089,0.49227927770669017,0.32664662597249133,0.36167454659197645,0.41830103091457177,0.5221688438728073,-2.408086520292894,-2.2960624372300105,-2.1886307993942236,-1.8608388382260923,-2.129808820844956,-2.019015918947076,-1.8399070134962288,-1.511374339905903,0.827486976650502,2.0290290290290294,17.22805447131392,1.39039039039039,0.6158940397350994,0.95458394341928,0.8749144737277667,0.93209766334666,0.20749062603077734,-0.303190148382401
3,1.0,8.0,1,4.406533339856535,30.97009526694594,4,0.4266209843119467,-282.47545125274064,3.0914646984192338,27.345443853614753,8.845465344500736,0.5660379239075561,0.90331082380646,5.897558347865719,0.9241069912471742,0.10193548387096774,0.21956989247311828,0.46425073457394705,0.25311827956989247,0.2783870967741936,0.9092313634607955,0.43021505376344094,0.27322580645161293,1.574576938213302,0.07445858225229075,0.10060157403181993,0.19662847649125512,0.30492263237500344,0.07930384212779167,0.11986856624830282,0.16275509889068965,0.25564835705552375,-2.726855754381624,-2.649832548068243,-2.366915428935784,-2.0478561880688395,-2.233384832412083,-2.1349846829087924,-2.03095239093137,-1.8056159517111292,0.812780321800166,2.293293293293294,12.708787092020595,1.4344344344344344,0.5993377483443708,0.955307670732716,0.8979101985517712,0.9650923306155458,0.1841287014114949,-0.32933895088138926
3,1.0,9.0,1,4.276727539377775,24.503509553385435,4,0.04371130380717403,-355.3404971807958,1.3577541956296482,11.555951625108314,8.51107782417813,0.7111988518119343,0.882684887052212,8.940865637135524,0.9188544817859453,0.10193548387096774,0.3252688172043011,0.31338842975206604,0.2595698924731183,0.3643010752688173,0.7125147579693033,0.4802150537634408,0.31268817204301075,1.5357634112792296,0.39385604212219355,0.5029432708683165,0.5787006266892032,0.5766137850797277,0.39882306019968217,0.4740284001469052,0.5476512518801333,0.543869965301984,-1.846739786065226,-1.5143835481471122,-1.2835734884851215,-1.2899314722237167,-1.689128318517823,-1.477823690880562,-1.2709653842496715,-1.2815896743990989,0.8475107391681884,2.1391391391391394,12.708787092020595,1.28028028028028,0.6225165562913907,0.9307756694905509,0.8540310917482018,0.9348878881581781,0.21612022606296122,-0.27241760807305043
3,1.0,10.0,1,2.980798336281729,12.350373198950185,3,0.5717339109284092,-314.6616611465051,4.5762306975212965,15.526085534905922,3.3927672272544274,0.7388904039471734,0.8325013491496,210.69265831362677,0.8787853502390768,0.10193548387096774,0.4088172043010753,0.2493424513413992,0.27311827956989243,0.371505376344086,0.7351664254703328,0.3636559139784946,0.33010752688172046,1.1016286644951139,0.350440700589951,0.3737932769824605,0.3507558899068525,0.41011872459246956,0.4037181643716652,0.4715044517068907,0.45649186831952493,0.48730399939303637,-1.828331437714558,-1.7626003341666079,-1.827444266154631,-1.6603541529253372,-1.3076806577385975,-1.1590213971143368,-1.1919448634105372,-1.1243720724566102,0.8381527448173578,2.1611611611611603,18.124175473742394,1.4564564564564557,0.6192052980132451,0.9304415743154606,0.867768098622077,0.9599644578908915,0.21256127011470646,-0.31683535279172964
3,1.0,11.0,1,2.5034772007999577,7.384770139626024,4,0.41593618820077427,-310.0818688216464,6.087373616474811,21.154807798296705,3.475194579981674,0.5638534348806499,0.856603494847334,7.592522185646552,0.8889831408717247,0.10193548387096774,0.3021505376344086,0.3373665480427046,0.2629032258064516,0.357741935483871,0.7348963029756536,0.3783870967741936,0.3270967741935484,1.1568047337278107,0.26180101206650214,0.4131387440483521,0.40973876428652817,0.5419770584830593,0.30228854142563655,0.43870317177499524,0.44181253365590867,0.5920864933759885,-1.9397620852143183,-1.542092622970129,-1.5510267341519182,-1.2035447767275114,-1.5676163163257488,-1.2611202745979087,-1.2541341682956832,-0.9164990208703845,0.8515137235883907,2.183183183183184,20.0586777950823,1.4344344344344344,0.5927152317880795,0.9559431085515443,0.883267348512444,0.9648950091508958,0.19628365117817909,-0.3348770734125142
3,1.0,12.0,1,2.7710506898301226,10.32446165457219,4,0.4374202672163905,-303.0514766373053,4.505320887746947,18.471796797515786,4.099995817779207,0.7233158408851128,0.8876680797927069,20.3610730626657,0.9200569025907585,0.10193548387096774,0.24602150537634407,0.4143356643356643,0.2595698924731183,0.26548387096774195,0.9777237748076144,0.3060215053763441,0.22763440860215053,1.344355219650449,0.14298712875452954,0.18066281919513016,0.2824979496698938,0.3195854868915252,0.15568498221547092,0.21480474426713983,0.2905018707266839,0.3575658867550352,-2.337745732622501,-2.234974598715116,-1.9571903906991244,-1.8560236115498836,-1.777705088371689,-1.6532284420858634,-1.4938481586042915,-1.3526448872790078,0.8544478998003615,2.1171171171171164,14.796880626863963,1.3243243243243243,0.6688741721854304,0.9317526034326467,0.8874437078200074,0.9626002104117451,0.18743458988525166,-0.33771897072301243
3,1.0,13.0,1,3.3320321978364915,18.584288439088404,4,0.4301167510721964,-300.4698913456955,0.12720949162378242,22.40920967409974,176.15988703401302,0.6536165923746715,0.8418397071360961,7.001306246636589,0.8840703713343772,0.10516129032258063,0.21623655913978493,0.48632521133764295,0.28612903225806446,0.2518279569892473,1.1362083689154567,0.4339784946236559,0.24064516129032257,1.8033958891867738,0.16559054104160353,0.2122043127637847,0.1738289337553233,0.2588966456701135,0.10109983750000195,0.12663902341934347,0.13263288616657712,0.23632961112523312,-2.0888339900852024,-1.9721425627122309,-2.0682102608844697,-1.8552544677799605,-1.8596415936768764,-1.8068062128575362,-1.794406130026818,-1.5798786987213551,0.8528136811525826,2.2272272272272264,12.708787092020595,1.39039039039039,0.6192052980132451,0.9676378017070317,0.9094205960754904,0.9769368690782029,0.17932118353003754,-0.3418645974082579
3,1.0,14.0,1,3.1009250701815363,13.008926319059753,2,0.3466259871343571,-279.2059137836454,1.3311417997705084,20.998386289635658,15.774717834911218,0.5598229617431971,0.8945637513984064,20.07367167024505,0.9081249652659872,0.11483870967741935,0.07311827956989247,1.5705882352941176,0.2918279569892473,0.3317204301075269,0.8797406807131279,0.3863440860215054,0.2544086021505376,1.5185967878275572,0.04589455984566692,0.07028285928344345,0.09073756498995368,0.346343364450308,0.05262706790880588,0.09129520825891513,0.10347809485251683,0.27978781595247376,-2.619736510090151,-2.552772298623314,-2.496608758319188,-1.7947787331924512,-2.0510181618682366,-1.9673034435590695,-1.9409280629449093,-1.5592257492723818,0.8505015034821803,2.271271271271271,19.06690840512252,1.5005005005005003,0.6324503311258278,0.9353606963763796,0.9010999361175429,0.9720648442162853,0.1883339801814309,-0.31645421640894544
3,1.0,15.0,1,3.2428520303146096,12.07187906003445,4,0.6649848085666721,-354.9497134912866,4.768244222348366,38.455669984012225,8.06495393079358,0.7611709350413093,0.9199636211215025,15.262232174504371,0.9387953962634672,0.10193548387096774,0.16655913978494624,0.6120077469335055,0.2595698924731183,0.2063440860215054,1.2579468473163105,0.323763440860215,0.2181720430107527,1.4839822572695909,0.2475522617659014,0.13726810518169136,0.10341240107559856,0.12034665321797906,0.061397852762994684,0.07192187918886248,0.08267962802188253,0.13229665874100616,-1.6279043464278016,-1.8665017249871405,-1.9397478058312765,-1.9031109189548767,-1.4072866098509158,-1.3915074839300572,-1.3753779279414902,-1.3009849775768108,0.8299199918025845,2.2052052052052047,14.065272421052393,1.5225225225225214,0.6258278145695364,0.9536529900764891,0.9138981345836915,0.9809360078878314,0.17708112180386268,-0.25307680946801836
3,1.0,16.0,1,3.2441333839738387,12.612958370316191,5,0.529169246172916,-316.321162906721,5.588044775577032,22.447390453319265,4.017038401593929,0.7737504198815985,0.906633991027847,7.796176718690373,0.9189549989680862,0.10193548387096774,0.27161290322580645,0.3752969121140142,0.27655913978494623,0.34408602150537637,0.80375,0.4398924731182796,0.35720430107526885,1.2314870559903672,0.4219554002332489,0.44732383042444934,0.4855696645105335,0.6082547921126332,0.3968147750406954,0.5033330120826355,0.5420660595418504,0.6957925225034844,-1.5551584799554317,-1.486907813223276,-1.384012062227691,-1.0539426927849043,-1.3451124516125472,-1.1075751230438688,-1.0211998235994821,-0.6783874155435656,0.8846030067880067,2.183183183183184,15.566543592710588,1.4344344344344344,0.6059602649006622,0.9627001618519281,0.8842144088417535,0.9706991038565874,0.20178139805312822,-0.2946159021994735
3,1.0,17.0,1,3.598002272803511,19.713048971665902,4,0.5251848581593517,-295.89640816170686,2.3374301272374143,28.688215426784442,12.273400215257242,0.603043099197595,0.9084042575669388,13.689547228969218,0.9294062119484877,0.10193548387096774,0.3821505376344086,0.2667416994935284,0.26322580645161286,0.37516129032258067,0.701633705932932,0.30096774193548387,0.2544086021505376,1.1830092983939138,0.5638048256930905,0.5210814189588323,0.46739238717598247,0.4707191736944536,0.6277348493197779,0.6181411139351023,0.5398209801333463,0.5409948952489273,-1.2428382397400353,-1.3645688015365367,-1.5175434002591595,-1.508064484067165,-0.8443370159884385,-0.8660966297800554,-1.0437350360212958,-1.0410724714919484,0.8743621080115845,2.2052052052052047,11.483124145435111,1.3683683683683687,0.6059602649006622,0.9387628072300483,0.8728165870179001,0.9632311536353498,0.20869042351105435,-0.2894974912295419
3,1.0,18.0,1,3.394614896756819,13.791274041316012,3,0.47325105542681456,-306.2401588788182,1.4976227819941026,22.00726413563279,14.694797915887643,0.6362132857758911,0.8672261874174555,11.727299188284286,0.9066943318336892,0.10193548387096774,0.4516129032258065,0.22571428571428567,0.2595698924731183,0.41161290322580646,0.6306165099268548,0.3702150537634409,0.3136559139784946,1.1803222488858416,0.3748406497629455,0.3722184518468199,0.4259744991307851,0.41349870629478264,0.4460623452822386,0.40343831016981374,0.4935955640974502,0.4585712568495722,-1.5371145935269657,-1.5435619396035527,-1.41138891085628,-1.442063847137353,-1.0501688466237091,-1.1309765574034911,-0.960054182718225,-1.026454139523904,0.8237059868308981,2.2052052052052047,12.080421346773264,1.4564564564564557,0.6125827814569537,0.9563505057457828,0.8853265769487982,0.9729786204922543,0.20530511072772534,-0.3186664036818398
3,1.0,19.0,1,2.29505647358429,8.568147028332744,3,0.32128172090045093,-327.4944095489777,1.9425588321318128,17.67173020139394,9.097140281718286,0.4725735144142048,0.8087422733384411,8.185253285880385,0.844519261291031,0.10516129032258063,0.12301075268817203,0.8548951048951049,0.2855913978494623,0.18247311827956988,1.565114908662345,0.3013978494623656,0.19473118279569893,1.5477636664826062,0.0727514583116071,0.09373426604943258,0.08282554915670937,0.1490661567214388,0.06728744331217516,0.08043468199779565,0.07766678375250533,0.11456070681663306,-1.8641038597912691,-1.8219208515310275,-1.8438513052884078,-1.7106838030656575,-1.576651697980347,-1.5544276847526854,-1.5591065233048016,-1.4967412575783725,0.8300878014670907,2.2052052052052047,13.369837418249451,1.4344344344344344,0.6059602649006622,0.9422701789155365,0.89349310400622,0.971426963931161,0.20087555860938722,-0.34965678446523063
3,2.0,0.0,1,11.511663434492238,149.41883095953972,5,0.4629829367627325,737.1466160096905,10.536032914191644,184.2751335520179,17.48999220606137,0.7848622665337696,0.8738014881650717,134.28518790890288,0.9971676136900594,0.10193548387096774,0.3488172043010753,0.29223181257706526,0.27956989247311825,0.341505376344086,0.818639798488665,0.3263440860215054,0.267741935483871,1.2188755020080322,0.38597794328296103,0.3728085674149331,0.4085994569050524,0.436373109357344,0.43612139941275047,0.42636826727854193,0.44670916854130305,0.493153897884514,-1.9939274310038153,-2.036692637082661,-1.9204680885445582,-1.830278091494809,-1.5483042386640735,-1.575084499180999,-1.519232222448771,-1.391703759352622,0.8337999387393045,2.2272272272272264,12.080421346773264,1.4124124124124113,0.6258278145695364,0.9479862126224137,0.8724571275808773,0.9442087408162647,0.21559209115689063,-0.12873478934308413
3,2.0,1.0,1,4.368055574161815,23.002942702597576,5,0.5455403982774798,369.975198682164,1.0624338897976642,53.79429258311836,50.63307289017602,0.8373849884882202,0.95059674971446,21.46125270794264,0.9807678751303324,0.10516129032258063,0.31268817204301075,0.33631361760660244,0.2696774193548387,0.29215053763440857,0.9230769230769231,0.30354838709677423,0.17483870967741935,1.7361623616236164,0.24419625664263558,0.29555796706123594,0.30618560860972294,0.3208949727820867,0.16854273516393148,0.35776587752246797,0.308804199296694,0.3209593590970771,-2.8625407386652313,-2.66801274145306,-2.6277614762855483,-2.5720510427856906,-2.865378044327358,-2.2132749711770128,-2.3820072966191557,-2.3401180384572524,0.8540396542165547,2.183183183183184,10.375666787451848,1.3683683683683687,0.5993377483443708,0.9195792541818397,0.8772595283796666,0.9540293391466124,0.20688408949260695,-0.1962752815827885
3,2.0,2.0,1,12.074982952838836,174.85448309565516,4,0.2745629724191073,411.120518190688,0.5263241777335201,62.989954035047965,119.6790052592644,0.5917849820764352,0.8746000661068212,126.20999299262851,0.9868042657469925,0.10193548387096774,0.1929032258064516,0.5284280936454849,0.2627956989247312,0.3123655913978495,0.8413080895008607,0.4043010752688172,0.19150537634408601,2.111173498034812,0.07455113836436764,0.0806358597096524,0.1019682345264738,0.21150237606992076,0.054241774347659,0.07782304362830893,0.10656391726015842,0.2236296160711634,-2.3166130954186004,-2.301381626955236,-2.2479817461993354,-1.9737923909425676,-1.7996766312212884,-1.7548040008726071,-1.7001131959362328,-1.477349706543965,0.8369830815444776,2.2492492492492495,14.796880626863963,1.4784784784784788,0.5894039735099338,0.939113039735355,0.9014261487465057,0.9773718976988359,0.17862815774533342,-0.1645296444507143
3,2.0,3.0,1,8.906386017384277,111.26675876301675,3,0.36004792014833464,293.4729490214286,8.554117680615738,39.58887521107577,4.628048933765206,0.4244737560649411,0.8497263724119078,81.7575808804275,0.9689239219388397,0.10193548387096774,0.3253763440860215,0.3132848645076008,0.25655913978494627,0.38182795698924726,0.6719234018586315,0.3559139784946237,0.25494623655913984,1.3960354280894136,0.4269439381034234,0.4961761475310621,0.5113461367438206,0.5432014782827138,0.5278410401142464,0.5930271563383078,0.5987387220268949,0.6190517602605958,-2.0373506707255022,-1.7912136909570822,-1.7372807692893064,-1.6240274494733349,-1.3861830938355986,-1.1948070956241903,-1.178038853422948,-1.1184030261354483,0.8679950183393501,2.1611611611611603,13.369837418249451,1.39039039039039,0.6291390728476821,0.9605533963564574,0.8729429358064013,0.9372677664187195,0.21456660606526226,-0.22993827263104943
3,2.0,4.0,1,15.483643772625845,254.9395874445819,3,0.3180880449881591,600.7303907302135,20.991748354616544,121.23432315390836,5.775332340397759,0.7813430128741187,0.8704070951203189,63.472182268912505,0.9962237206496373,0.10193548387096774,0.31881720430107524,0.3197301854974705,0.27311827956989243,0.38827956989247314,0.7034062586541123,0.3582795698924731,0.24526881720430108,1.4607628233231038,0.45900876121627054,0.48110184055602967,0.49419794869757483,0.553942678517438,0.5346961306209694,0.5960096202924754,0.5815264576584859,0.6250420466923202,-1.5944851779676896,-1.529369359045911,-1.4907706742174798,-1.3146826355763612,-1.1638800707469177,-1.0105145962842874,-1.0467418135081263,-0.9378948208732196,0.8533930484407268,2.2492492492492495,14.065272421052393,1.4784784784784788,0.6026490066225165,0.9785390172125635,0.8889317995005392,0.9666504089256173,0.20771243047719468,-0.11315790370244977
3,2.0,5.0,1,9.036077691817523,100.0359936514748,4,0.5638300966383292,474.3286426603655,9.778849011543482,54.4620435201169,5.569371554446435,0.758639375627931,0.901042834149126,375.8206858533761,0.9843209891944368,0.10193548387096774,0.3321505376344086,0.30689543541599223,0.2565591397849462,0.3118279569892473,0.8227586206896551,0.3391397849462366,0.31344086021505374,1.081989708404803,0.4508236566391812,0.3821849598697878,0.3709217673592458,0.43387879316532824,0.3816910588944026,0.3819889430652396,0.3817914564847668,0.4336821958666303,-1.570397289999998,-1.7666730850135628,-1.7988807487433207,-1.6188519767330631,-1.526237722397907,-1.5255024232162007,-1.5259899003473674,-1.3979024692549016,0.8523421129289516,2.3373373373373365,16.37624074521689,1.4124124124124113,0.6754966887417219,0.9589713272284704,0.8792298509554102,0.9605225245542925,0.2134943847077195,-0.17219667555778945
3,2.0,6.0,1,5.610335413299932,38.17600620677372,7,0.5495093998075933,394.8118475147303,0.37017055319892117,62.95792275441248,170.07814968085896,0.6597396273499498,0.9298277537746302,41.709181738502735,0.9671420147759475,0.10193548387096774,0.08333333333333333,1.2232258064516128,0.2563440860215054,0.15946236559139787,1.6075522589345919,0.3791397849462365,0.24451612903225808,1.5505716798592786,0.037403196114918026,0.043555069161851714,0.05487480722436427,0.10829758666934386,0.04280614864027566,0.055483578886407994,0.07098311523360444,0.11276758416251054,-2.2516000171234207,-2.237210235854761,-2.210732356110597,-2.0857716969565105,-1.6703737029463679,-1.64825065433506,-1.6212028229209312,-1.5482858500514574,0.8028749463768889,2.293293293293294,14.796880626863963,1.4564564564564557,0.6258278145695364,0.9565676104985714,0.9110251671275916,0.9837800802599015,0.1719867873800468,-0.24024150346712536
3,2.0,7.0,1,3.630890875776119,17.178914333543705,5,0.3778882588193221,251.97854746366346,1.5348638367885192,45.21044108021796,29.455668963322687,0.7448449025934674,0.9096356476671609,39.528690884841836,0.9269742333720052,0.11161290322580646,0.14989247311827958,0.7446197991391679,0.2756989247311828,0.23236559139784943,1.186487737158723,0.3286021505376344,0.22107526881720432,1.4863813229571983,0.045279911848965945,0.056201164534574514,0.09127943657938366,0.14563169747038432,0.04703861886480762,0.06775114419165433,0.0760976697454566,0.11672422738753849,-2.3064147652853184,-2.2800311804397517,-2.195289018219694,-2.063984713846649,-1.914217280240575,-1.8726119490246969,-1.855846250265713,-1.774239523891845,0.8186092411572374,2.2492492492492495,17.22805447131392,1.5445445445445445,0.6192052980132451,0.9536134858317168,0.8967210268921242,0.9732198719968064,0.19087199343006203,-0.27831138487032026
3,2.0,8.0,1,6.262078244832174,50.622436914454475,6,0.49312221987017213,351.6924869432945,5.388210402765679,54.4497336078759,10.10534658778873,0.6477071024183657,0.9311017990374405,24.4790095078584,0.9726731628289232,0.10838709677419356,0.35935483870967744,0.3016157989228007,0.28215053763440856,0.41107526881720424,0.68637195919435,0.4208602150537635,0.251505376344086,1.673364685763147,0.29503219810002046,0.32194366902792687,0.31051883917036993,0.35605297420459564,0.3191573661566843,0.40518164384722705,0.3882278872599895,0.42770840642806857,-1.743066684935717,-1.6765267829846984,-1.7047752224908646,-1.5921898908039231,-1.2590219901443742,-1.0999449113673063,-1.1312959920691639,-1.0582881642039554,0.8336305151708719,2.2492492492492495,21.102034285685964,1.4564564564564557,0.6125827814569537,0.9567517362018177,0.8948770917127503,0.9754174222307685,0.20250816600189114,-0.23282946470707067
3,2.0,9.0,1,9.850690676303605,115.56255371188689,4,0.26030000292672695,431.0173146303734,6.705361064240253,69.2288406096891,10.324401616325643,0.7140445283760328,0.8884112442209515,79.52708349370123,0.989525424668753,0.10193548387096774,0.1064516129032258,0.9575757575757575,0.2694623655913978,0.19548387096774195,1.378437843784378,0.2336559139784946,0.16462365591397848,1.419333768778576,0.03187908699554918,0.04431600461201792,0.05964265348467659,0.1438691914911112,0.031476751921113925,0.05063728437980343,0.06266764325284845,0.1182609670057393,-3.257020549640079,-3.215179395599403,-3.1636164041746553,-2.880255553864486,-2.814419648000492,-2.7587412952868617,-2.7237824252215797,-2.5622344778923436,0.8259573901430561,2.271271271271271,12.708787092020595,1.3683683683683687,0.609271523178808,0.9176801775122216,0.8787754563774977,0.9614753494885702,0.20045130635885103,-0.14852179700218018
3,2.0,10.0,1,6.8521166886247515,53.99682640646516,5,0.42076847193296085,348.4949868952672,2.7165087303843176,64.02815312592888,23.57001559014703,0.8296526244629112,0.931991300306347,29.788638531923375,0.9815502893869031,0.10516129032258063,0.32870967741935486,0.31992149165848865,0.28215053763440856,0.38107526881720427,0.7404063205417607,0.39215053763440866,0.28086021505376346,1.39624808575804,0.3848643343640901,0.36951275657670635,0.38340217679041744,0.4471686528333034,0.44011519942504645,0.44762155523617664,0.4168826006604804,0.49703990426560174,-1.7182926828642793,-1.7611750993068602,-1.722377008973771,-1.5442545632800044,-1.3484509940790772,-1.3303723590723127,-1.4044053991048044,-1.2113510500350904,0.8669688599036035,2.2052052052052047,15.566543592710588,1.3683683683683687,0.6655629139072847,0.9650661796772918,0.8878208268805369,0.9672397072849461,0.20066215220661968,-0.20360192721225273
3,2.0,11.0,1,9.137563917812962,112.29070361819997,4,0.5388663292447003,401.6346433552254,3.0267557350665437,40.07635373175256,13.240696389023766,0.8561353576266257,0.9233060529466488,32.78657531056044,0.9689144182757606,0.10193548387096774,0.11655913978494623,0.8745387453874539,0.24989247311827958,0.2424731182795699,1.0305986696230598,0.3632258064516129,0.2572043010752688,1.4122073578595318,0.036269513227505434,0.041462146919231314,0.06305235959918994,0.18086796206428915,0.04505996864714894,0.05383390607088716,0.07153389652657902,0.1346135996791494,-2.4495645990872927,-2.4363662082074136,-2.3814892261118192,-2.0820310965001356,-1.8879169796675208,-1.8705709004405886,-1.8355780093436331,-1.7108694006937135,0.8032363053569337,2.359359359359359,14.796880626863963,1.5005005005005003,0.5728476821192053,0.9500543590467198,0.8898906733090045,0.9721976960478493,0.19219661635446314,-0.21333612023105725
3,2.0,12.0,1,14.862738111540473,237.71455801176833,4,0.35652910477271593,799.5019009575442,26.494498020940064,169.4729164061431,6.396532452594471,0.751012371309607,0.8739343804376175,17.60526126083573,0.9977268284213334,0.10193548387096774,0.3381720430107527,0.3014308426073132,0.25311827956989247,0.4172043010752688,0.6067010309278351,0.44225806451612903,0.32784946236559137,1.3489668743850445,0.434408853703991,0.5335751995061991,0.5593452115763548,0.6005849054220995,0.5122019305083075,0.6505118450643885,0.6699276368982111,0.6916329435020473,-1.764771108258076,-1.4553498891860308,-1.374941677249363,-1.246264591886557,-1.2545603462190822,-0.8988432059855787,-0.8489080298366847,-0.7930844858934387,0.866457360616274,2.271271271271271,12.080421346773264,1.3683683683683687,0.6589403973509934,0.9865924061421083,0.8770214797650321,0.9645218959249471,0.20727339671411368,-0.09059654549113642
3,2.0,13.0,1,7.197979017808901,68.01823337334659,5,0.47613585884733545,349.2400216433339,2.7208623608504836,77.78470519688385,28.588254340278354,0.7326936178053127,0.9145294252739424,30.024843583469355,0.9728268699813869,0.10838709677419356,0.10333333333333335,1.048907388137357,0.2789247311827957,0.20591397849462365,1.3545691906005224,0.3540860215053763,0.22806451612903222,1.5525695426685526,0.05216670273461181,0.05683580878080665,0.06394464641769687,0.15169825153078956,0.07076086010052689,0.07463676452165355,0.08771496808967032,0.1558382495245725,-1.893267355556763,-1.8839409623160976,-1.8697412815571413,-1.6944562009713737,-1.3518861930013737,-1.3462474059041352,-1.3272208259058198,-1.2281129432958018,0.8083211193463492,2.271271271271271,17.22805447131392,1.5665665665665658,0.5761589403973509,0.9557971789139383,0.9056947500877028,0.9830325871959775,0.17650367818722973,-0.1977674190520816
3,2.0,14.0,1,5.598067005204305,44.74859588253258,5,0.491248589068635,352.73273945279516,0.9874774878737681,43.46471995954509,44.01590972279593,0.6324850249602928,0.9169247323398667,119.7827295918166,0.9570695064619495,0.10838709677419356,0.09322580645161291,1.1626297577854672,0.2661290322580645,0.2850537634408602,0.9336099585062241,0.361505376344086,0.27763440860215055,1.3020914020139427,0.05873638743466105,0.0604690788773988,0.07819707471972652,0.2228044257290776,0.0744560730405354,0.08019423004321492,0.10754506265711347,0.23514300999427573,-2.2735572789441445,-2.2693720823751793,-2.226551332215119,-1.8772622583709746,-1.5907066182777085,-1.5808446073509397,-1.5338374916570783,-1.314538446635346,0.829138011998929,2.271271271271271,17.22805447131392,1.5445445445445445,0.5761589403973509,0.9470716127132114,0.9137802816699354,0.984956302022887,0.1706804823491451,-0.2577481700102186
3,2.0,15.0,1,11.799433755247685,164.55946723910574,4,0.4339742075940265,579.6366530624703,13.158257129018947,132.59755883064332,10.077136928584213,0.7877175162085989,0.870213801060776,55.46236627162521,0.994422067516756,0.10193548387096774,0.39225806451612905,0.2598684210526316,0.24989247311827958,0.41849462365591394,0.5971223021582734,0.4070967741935484,0.30731182795698925,1.3247025892232331,0.546924188703577,0.4480252452305816,0.4467163048312156,0.47057964962728227,0.43706824764935953,0.5035456861078768,0.4990095524203336,0.5474757492959249,-1.2851136951679791,-1.5656327242706776,-1.5693454301610466,-1.501658940515549,-1.2073720172480407,-1.0647916802214166,-1.0745207474803982,-0.9705707932529553,0.8407023871782171,2.3373373373373365,10.915359353313933,1.5005005005005003,0.5827814569536424,0.9243293612730973,0.8851637745851624,0.9463313026619963,0.20258327872648108,-0.1303013612746132
3,2.0,16.0,1,16.495694339541572,279.01761300275723,2,0.36993019889420253,757.8027069781833,4.644918115197014,210.9424449254779,45.4135981935455,0.8160016064425509,0.868951813730075,222.43736531592114,0.9975864252953481,0.10838709677419356,0.3821505376344086,0.28362408553742263,0.2724731182795699,0.3586021505376344,0.7598200899550225,0.5226881720430108,0.2450537634408602,2.1329530495831506,0.4435301582836777,0.4295322505227936,0.488197448140239,0.47083825163907866,0.5123329077829283,0.4860442276963514,0.5081786207319833,0.5203749200184943,-1.7430234387681667,-1.7868689079955427,-1.603112652361295,-1.657486643746671,-1.2949691926638247,-1.3647771238759612,-1.3060006398012531,-1.2736141366055251,0.8400792370627524,2.2052052052052047,15.971392168963739,1.39039039039039,0.6291390728476821,0.9564622185943346,0.8917378455207198,0.9701802801802053,0.19512079240153596,-0.09554800648265377
3,2.0,17.0,1,8.344089577486448,91.48440826063477,4,0.38784862162216793,419.90892768911397,1.171222190406502,58.82081376994973,50.22173781520865,0.5339380330504997,0.8808072543045444,31.486150114248634,0.9835215403588788,0.10516129032258063,0.4124731182795699,0.2549530761209593,0.2627956989247312,0.41795698924731184,0.6287625418060201,0.4111827956989247,0.31010752688172044,1.3259361997226073,0.29445439222371345,0.4113464420648764,0.41654565118079867,0.5048718867435719,0.3618563406677588,0.40962534648416554,0.43950227146262477,0.536735450166769,-2.2832449270465927,-1.9049657954492785,-1.8881404227054828,-1.6023042881578637,-1.775914012632792,-1.6429758480701844,-1.5598302288233432,-1.2892363554403345,0.8446043160638183,2.293293293293294,12.394604219396928,1.4344344344344344,0.5827814569536424,0.9491106314450879,0.8962482659578495,0.9743162611091921,0.19703217346358093,-0.18008214446333104
3,2.0,18.0,1,12.125275868254446,172.51151762320282,3,0.412477335906412,416.71612925028984,16.899473626621205,167.44187733126537,9.90811199394397,0.5680923566822891,0.8271512093783101,127.66182676062775,0.9957316181574837,0.1309677419354839,0.3591397849462366,0.3646706586826348,0.28215053763440856,0.3620430107526882,0.7793287793287792,0.378494623655914,0.2550537634408602,1.4839797639123105,0.14334831898061287,0.2541896866600795,0.3260304415150981,0.3916793011827071,0.14986141561210636,0.24136019471175937,0.36661706734958255,0.48924551736713423,-2.3848118911367915,-2.0762432890682048,-1.8762475495599151,-1.6934892772728836,-1.8746723436161288,-1.6729049685048532,-1.3966963605270797,-1.1262837854362338,0.8248756443072376,2.2272272272272264,17.676114972528158,1.5005005005005003,0.5695364238410596,0.9485212262131811,0.8775101141485859,0.9652201783003206,0.2058015261491014,-0.13250440469466931
3,2.0,19.0,1,6.467169901964297,60.992208986323,4,0.4414918004312802,277.32045131105554,3.5996677615812223,18.463030375165022,5.129092904689289,0.7518831851021021,0.9026349429213821,21.774315204621672,0.9422389182656256,0.10516129032258063,0.3854838709677419,0.27280334728033473,0.2595698924731183,0.4208602150537635,0.6167603474706183,0.43053763440860215,0.2804301075268817,1.535276073619632,0.42775586335661525,0.35115330636629194,0.4012533856639287,0.4487385319171301,0.6246666646596775,0.389451273865957,0.49585529703243536,0.5716196187861319,-1.6777952768171849,-1.9023906899993348,-1.7554994052641186,-1.6162749921143094,-0.8581967775991688,-1.3960149552408336,-1.152722976599338,-0.9794884390194203,0.8598261978199129,2.183183183183184,12.080421346773264,1.3683683683683687,0.6291390728476821,0.886771569457294,0.8642016723078625,0.9379277068903124,0.20884401169162506,-0.28011105284294
3,3.0,0.0,1,10.358144508394924,115.53073134500829,5,0.4761118984202233,1318.978808005497,4.915040186033931,362.2206821758405,73.6963826267564,0.7327044794997615,0.9404564100434298,30.10199790675578,0.9990877534760446,0.10516129032258063,0.20290322580645165,0.518282988871224,0.2724731182795699,0.22225806451612903,1.2259313014029996,0.3526881720430108,0.24075268817204304,1.464939705225547,0.15137314782156489,0.15352232001264438,0.14163872430087593,0.199525517920077,0.13620505896579949,0.15083416934988395,0.1407425216417826,0.18113765791862027,-2.3440060793239823,-2.338069815737139,-2.370893689411545,-2.2110036319526394,-1.763587908656942,-1.7337200303421076,-1.754323887844589,-1.6718501773351413,0.8431109947734209,2.7557557557557555,16.37624074521689,1.5225225225225214,0.5827814569536424,0.9357517996011829,0.8925186934444841,0.9707819158837621,0.17892964767054909,-0.1209168839721973
3,3.0,1.0,1,5.6472734328489445,35.36302142574988,4,0.6482903341721962,803.904072864146,15.744953968129208,131.52527538324645,8.353487450612985,0.8525347971695454,0.952370172864272,119.76595790674666,0.9942719019399131,0.10193548387096774,0.26290322580645165,0.3877300613496932,0.26602150537634406,0.2588172043010753,1.027835479850436,0.3066666666666667,0.20806451612903226,1.4739018087855298,0.16813506354689603,0.13404267518653568,0.16374986169080144,0.23209166267161147,0.20650200390542953,0.17557780184401114,0.17536655452057545,0.19856511487526562,-2.290763079311382,-2.3846456089374657,-2.3028389080512026,-2.1146414404093967,-1.7816657443740174,-1.8511008176270103,-1.8515751378163596,-1.7994866883102836,0.8134858579166407,2.447447447447446,14.796880626863963,1.4344344344344344,0.6390728476821192,0.9273437952711631,0.8916539472072638,0.964932539456766,0.1912977197640511,-0.15765167616945186
3,3.0,2.0,1,7.645454443233099,67.28556740354693,4,0.5932977268409384,726.9290898667755,0.35876330523683353,127.44005217917568,355.22042059192086,0.8662026189211416,0.9359626366395685,64.04914924775804,0.9944084192396757,0.10516129032258063,0.24612903225806454,0.4272608125819134,0.2789247311827957,0.19580645161290322,1.4244920373421197,0.2993548387096775,0.2738709677419355,1.093050647820966,0.09839678659414189,0.1288999312168882,0.18565250028223515,0.2520878950138217,0.07455664919308659,0.1150575092551892,0.18589487009584102,0.24700648082187812,-2.4454897261862434,-2.362753633765375,-2.2088191507019195,-2.0286211735258024,-1.9128676775898168,-1.8291534382905295,-1.6827344297151239,-1.5564182972567067,0.8302035001100938,2.5795795795795793,15.566543592710588,1.39039039039039,0.6192052980132451,0.9435527326918495,0.8980430658561286,0.9749765002513022,0.19261087459679188,-0.14454929504278877
3,3.0,3.0,1,9.539609816515721,111.17137993219231,3,0.3909824637193554,518.4229383044149,4.7139018743910635,74.45661570865619,15.795113621934357,0.620734019521707,0.9065063474620018,59.24686527805906,0.9871272001831709,0.11806451612903228,0.3758064516129032,0.31416309012875543,0.2918279569892473,0.4048387096774193,0.7208499335989377,0.5219354838709677,0.2978494623655914,1.7523465703971117,0.4385335218528382,0.47471900522505567,0.4901550036920174,0.5114096004676076,0.5394761919150329,0.5803180066559162,0.5902894141992115,0.6029489623189798,-1.708376874479238,-1.5982751223871985,-1.5513079322844572,-1.4866364638690583,-1.1047724538584462,-1.006795083092432,-0.982874199553667,-0.9525046078073158,0.82308660926996,2.1611611611611603,12.708787092020595,1.3683683683683687,0.6258278145695364,0.9367785546488261,0.8705874706878824,0.9576386682035843,0.21236310236446188,-0.16954145265350506
3,3.0,4.0,1,15.85673018505349,262.5610866815655,4,0.3665765023020966,1212.4725341026804,1.0807133492749583,235.85592545405117,218.2409661287935,0.8492385225517378,0.8896336863743777,21.57629300238858,0.9979477232562682,0.12451612903225809,0.06322580645161291,1.9693877551020411,0.2918279569892473,0.25193548387096776,1.158344003414426,0.4575268817204301,0.3136559139784946,1.4586904353788137,0.043605431984876174,0.06150257365105078,0.13362351367656247,0.2431569510066907,0.04752825108908507,0.07131925027147706,0.09576214087804708,0.1938740695604172,-2.274735755704685,-2.2321683160365042,-2.060632334447292,-1.8001126340299423,-1.9094871219691056,-1.8617916321978873,-1.812789249827688,-1.6160973641683483,0.8216710038434969,2.271271271271271,16.37624074521689,1.4784784784784788,0.5629139072847682,0.9296244711133839,0.8828407200792076,0.9719735061928121,0.19757904284927322,-0.08623559411318005
3,3.0,5.0,1,11.172087925955527,146.60612248199683,5,0.4859724902660604,862.44863833534,9.288612428595462,159.34146475902753,17.154496000768294,0.6947868695447108,0.8762493744721097,36.01815096668465,0.9956357581671692,0.10516129032258063,0.362258064516129,0.29029385574354405,0.2724731182795699,0.4246236559139785,0.64168143833882,0.393010752688172,0.270752688172043,1.4515488482922954,0.35660609780013713,0.40146886193897313,0.32213193297214415,0.3802593071508307,0.6666534954175494,0.20732341496692996,0.21679642204545355,0.37176124293885976,-1.5073151622891978,-1.4022126358626021,-1.5880797315131518,-1.4519014554306175,-0.6192670439919523,-1.4725772699189943,-1.4549790020188096,-1.167096557660777,0.7788891198199045,2.6676676676676663,15.566543592710588,1.6546546546546546,0.5596026490066225,0.9019439282979335,0.8605200394900692,0.9559891446161688,0.21327786819085015,-0.12279236218312031
3,3.0,6.0,1,6.953948702484421,55.554070002678316,7,0.56106873791965,590.5077470649962,4.318254635410324,81.20255127452,18.804484248947972,0.7262926020739345,0.9494379997819739,207.71819599997627,0.9895437600819252,0.1309677419354839,0.11333333333333333,1.1555977229601522,0.28537634408602147,0.16946236559139788,1.6840101522842634,0.34548387096774197,0.20827956989247315,1.6587506453278265,0.03445787832893731,0.040456073906681426,0.05176426471218139,0.09424054780178412,0.04829159107003614,0.060316888086779805,0.07255789579929225,0.11609126360147369,-1.9082262888087054,-1.8963718971359134,-1.8740232222416748,-1.7900762268457826,-1.2871018703228592,-1.2708387143643647,-1.2542838286729314,-1.195408779767312,0.806400350423715,2.359359359359359,13.039312255135023,1.4784784784784788,0.5662251655629139,0.9122652776862306,0.9034388358023885,0.9772216612091396,0.17123404972298223,-0.18169931728108546
3,3.0,7.0,1,5.941361061276484,49.86264760157309,5,0.42433304018203377,429.59485184785217,3.460046917158804,51.46890640943944,14.875204770836694,0.5264302612944876,0.9037841721293551,33.70242459868221,0.9606320715644427,0.10516129032258063,0.3456989247311828,0.304199066874028,0.28537634408602147,0.30569892473118276,0.9335209285965529,0.38064516129032266,0.22752688172043012,1.67296786389414,0.4586910914594173,0.44354508661451264,0.4998103658708856,0.44763504064125176,0.49755506913398667,0.4966962771169211,0.49907726224092613,0.4628114075527572,-1.9452210585339804,-1.99964899628287,-1.7974568572898604,-1.984951538739268,-1.6036625297252858,-1.6064035516641906,-1.5988041185867805,-1.714554499771117,0.848766806910618,2.3373373373373365,12.080421346773264,1.3023023023023015,0.6324503311258278,0.958446233811855,0.8815511113450688,0.9501558860145803,0.20542007039794036,-0.24679536834808785
3,3.0,8.0,1,8.255697802145024,90.02629939234164,5,0.5222300717738224,530.856972286404,14.633019070556799,61.49917861469743,4.202767611944165,0.7925119550795892,0.9290901282305624,11.494972390818607,0.9811727928108456,0.10193548387096774,0.10956989247311828,0.9303238469087339,0.2631182795698925,0.2887096774193548,0.9113594040968344,0.32344086021505375,0.25075268817204305,1.2898799313893652,0.05657959466634561,0.15433542826432164,0.13481929560674566,0.25899905496003006,0.06890472260775458,0.07854213705997766,0.09656081309004819,0.25974839519837184,-2.8530637755032098,-2.55743350706115,-2.6164536117869464,-2.240912897320143,-2.359072137284732,-2.334654275373349,-2.289001206771872,-1.875540535828706,0.8058876276729275,2.2272272272272264,15.566543592710588,1.4784784784784788,0.6158940397350994,0.9620978643070004,0.8957083732926097,0.971769045737158,0.19248192616549667,-0.1920640864936094
3,3.0,9.0,1,9.921447788514334,110.62621492420782,6,0.4931792261996619,1090.1644816764342,9.04419715564984,199.77696049187097,22.08896567088565,0.9044680868862892,0.9136735670947571,62.40718543362889,0.9975661827419379,0.1309677419354839,0.2196774193548387,0.5961820851688695,0.3305376344086022,0.1529032258064516,2.1617440225035165,0.36043010752688176,0.2009677419354839,1.7934724451578385,0.05341336218546255,0.10118954045186564,0.11743051686230141,0.13903887763295336,0.06386511119582536,0.09164061642155072,0.10293666241699805,0.13854357428898925,-2.6625845821298406,-2.528198451411888,-2.482515392237295,-2.421734808680917,-2.2490689397458765,-2.182338143964163,-2.1551993347026532,-2.0696535437174868,0.8290930010956108,2.293293293293294,10.915359353313933,1.5005005005005003,0.5728476821192053,0.8825978924324253,0.8773401070751513,0.9655212277136246,0.18920701363072062,-0.08407012398774796
3,3.0,10.0,1,8.55760725432976,84.7924110588226,5,0.5441701313255735,723.0585630212274,2.5333979047276096,157.1407026943114,62.027643743238634,0.6937435540695913,0.9294245791782175,193.55773695417207,0.9937114802623617,0.10516129032258063,0.15333333333333332,0.6858345021037868,0.2724731182795699,0.20602150537634406,1.3225469728601253,0.2996774193548387,0.2378494623655914,1.2599457504520795,0.05333299303239418,0.058913221039827386,0.07252217755054256,0.14756010982477383,0.07392169474592604,0.08197349522532285,0.09770592208680742,0.14759560741821923,-1.9568876190563822,-1.9453525396473759,-1.9172210020443055,-1.76210753601426,-1.3711809272322582,-1.3592591759239825,-1.3359652454548678,-1.2620969941375206,0.7765726119973784,2.469469469469469,20.0586777950823,1.5445445445445445,0.5860927152317881,0.9598118724072439,0.9042570571509958,0.9858265993324979,0.18105289341098615,-0.1767435040282943
3,3.0,11.0,1,11.674888243530278,160.41408981861318,4,0.42750199143190104,640.8981043765208,1.8858244424939559,77.23544643096054,40.95579879578747,0.8429928954372314,0.8887623251231829,23.08680141533388,0.9927615064151345,0.10193548387096774,0.302258064516129,0.33724653148345785,0.2627956989247312,0.3970967741935484,0.6617925805578121,0.4301075268817204,0.3098924731182796,1.387925052047189,0.3878506182003209,0.43933202890784107,0.4684133298600271,0.5392792710306644,0.4580448063806972,0.503163210293354,0.5533928306853456,0.5857340197147595,-1.7926781776032283,-1.6419149745819737,-1.556750445884702,-1.3492196861566974,-1.289586740178995,-1.1822271353466558,-1.062705349810934,-0.9857492305136413,0.860172008967788,2.183183183183184,10.11916262438234,1.39039039039039,0.5993377483443708,0.9538795229220146,0.8721721302747203,0.955478377839774,0.20926943856942298,-0.1325573238546846
3,3.0,12.0,1,13.344894738290643,196.52777214633167,5,0.4451893040672782,1294.9735265193137,0.4691867146966429,288.1119518477577,614.0667304146479,0.8161265239960019,0.9387094934132274,55.60753471447126,0.9988410262249082,0.10516129032258063,0.2324731182795699,0.4523589269195189,0.29193548387096774,0.268494623655914,1.0873047657188626,0.3546236559139785,0.2937634408602151,1.207174231332357,0.15293272049176437,0.2448020108106734,0.2578487986008093,0.35259673637635586,0.23089102594369507,0.2621749602071051,0.2914087389224045,0.4056876093752061,-2.2122741540713675,-1.972340371428515,-1.9382662522646537,-1.6908143450040027,-1.4945106997191127,-1.433720647771867,-1.3769143998187163,-1.1548509466480046,0.847900075875242,2.271271271271271,13.369837418249451,1.3683683683683687,0.5927152317880795,0.9425420722640693,0.8875962823407565,0.9675347655713852,0.19340084796173787,-0.08740403107255056
3,3.0,13.0,1,11.3456497965747,147.96593466613538,4,0.32891608326704325,619.9709397168651,5.356333217324177,107.25498806405982,20.023957381359555,0.6562279205271011,0.9121082121821753,247.7765818508687,0.9927492522800696,0.1438709677419355,0.12645161290322582,1.1377551020408163,0.3079569892473118,0.2521505376344086,1.2213219616204691,0.42000000000000004,0.24451612903225808,1.7176781002638524,0.0693969494710894,0.07439063760020201,0.1098153985497006,0.2296596094244099,0.08797424346490694,0.09365330405033859,0.12019577568187309,0.22365827137552688,-2.1282180801528363,-2.1167978969103873,-2.0357841750071914,-1.7617096206198566,-1.6215655982429649,-1.6114683293778185,-1.564276286190845,-1.3803218062619282,0.785917831118564,2.3373373373373365,18.124175473742394,1.39039039039039,0.5629139072847682,0.967681201734607,0.9027407680732457,0.9829867607600589,0.19801009238544678,-0.13468276024173176
3,3.0,14.0,1,8.170450365582903,84.11578251123498,4,0.4367458326655992,588.9954662551779,7.561395502412796,80.21689401102219,10.608741995498775,0.6054059112453423,0.9111826983701158,28.881661399797157,0.9895999188952576,0.10516129032258063,0.3291397849462365,0.31950343025155176,0.2595698924731183,0.321505376344086,0.8073578595317726,0.4180645161290323,0.26053763440860217,1.6046223689640942,0.24595098772213309,0.28729259983474503,0.40653721654135805,0.410961957920991,0.3147749133852448,0.34460443131284857,0.4334208656227581,0.4376422647121838,-2.777768175324712,-2.6254738117313883,-2.1862001093949632,-2.1699002328773114,-2.097769547125996,-2.0064485264331897,-1.7345431119654984,-1.7216195885437102,0.8185376061805179,2.469469469469469,12.080421346773264,1.3683683683683687,0.6456953642384106,0.9404775124025997,0.887203049071415,0.9589184755847614,0.19181466103078704,-0.1755945991149456
3,3.0,15.0,1,10.508853719724716,131.89357362383475,4,0.4467177392880466,1050.0332481528742,4.873830497102595,239.01640882683714,49.04077172337612,0.6468003059758112,0.858502782725887,105.02857494036552,0.9973550166099248,0.10193548387096774,0.34204301075268817,0.2980194907261867,0.2563440860215054,0.3487096774193549,0.7351218008017267,0.3856989247311828,0.2349462365591398,1.6416475972540046,0.4972288591440344,0.4796550943089362,0.5326492757183184,0.554773973656102,0.5163076269492851,0.5089987763945877,0.5836206663408321,0.5973872493726218,-1.6140729969960534,-1.6704909911307186,-1.5003609453505082,-1.4293328480590184,-1.3356030082098467,-1.3557846842735843,-1.1497338423677965,-1.1117206531292285,0.8460573533020899,2.7337337337337337,9.862658461312831,1.4344344344344344,0.6192052980132451,0.9709471582744801,0.8725933759594645,0.9406236347453181,0.22171601951360523,-0.11901276978774997
3,3.0,16.0,1,16.023083582732482,267.22791830248167,3,0.33737118994047477,1116.6836794561032,12.752979412603803,253.504658349239,19.878073205285634,0.7547494689781403,0.8918222383573938,87.96641891521936,0.998724828873725,0.10193548387096774,0.22946236559139782,0.4442361761949391,0.2796774193548387,0.3911827956989247,0.7149532710280374,0.44064516129032255,0.28139784946236557,1.5659151700420328,0.49856004898936596,0.5209045735683345,0.5148906031434923,0.6493003518554621,0.5475221836747961,0.5923411454993402,0.5509681746427892,0.6808209428219874,-1.836523713197288,-1.754686896711708,-1.7767130621048515,-1.2844373862299823,-1.5101503848007374,-1.360566537805994,-1.4986493467419026,-1.065264104950693,0.8614955718134921,2.183183183183184,10.375666787451848,1.3243243243243243,0.609271523178808,0.9690335310957157,0.8776454535480424,0.9403384858773072,0.21637079566042974,-0.0881338828890113
3,3.0,17.0,1,6.0501721144932326,42.83581573670314,5,0.5769935973775555,646.7607499198823,7.152222817693874,95.99189424908968,13.421267303308207,0.6910256181385495,0.9407658982954582,212.75582218700183,0.990698433673256,0.10516129032258063,0.3186021505376344,0.33007087411407354,0.2595698924731183,0.3516129032258064,0.7382262996941897,0.4610752688172043,0.2611827956989247,1.7653355290242898,0.5355314411115182,0.5026383056100194,0.4723111588342714,0.5287040503636349,0.6926765133228173,0.601177134023767,0.5651637501972604,0.5985420708778497,-1.728710464320905,-1.8511357748345902,-1.9640107046461885,-1.7541214024867053,-0.930719761176209,-1.2078228272963627,-1.3168882565499413,-1.2158030352797131,0.8262074880575856,2.403403403403404,14.065272421052393,1.3243243243243243,0.6688741721854304,0.9303643877258235,0.8651384742675022,0.9299043226539511,0.21702229658277006,-0.18289909393178755
3,3.0,18.0,1,6.927941809023803,53.09452438923776,6,0.5348497636539766,833.0285103618817,2.3150363481030123,147.30570571273324,63.62997532779065,0.691899564640148,0.9420966694889251,38.49090048406218,0.9961161294719514,0.1086021505376344,0.199247311827957,0.5450620615218564,0.25344086021505374,0.271505376344086,0.9334653465346534,0.23645161290322578,0.17838709677419357,1.3254972875226037,0.4185460626624856,0.39170937972067965,0.463912099581701,0.5300637193912889,0.4297787468884007,0.40698443480819124,0.4811577939124529,0.5565180567419896,-2.511597780131543,-2.62751917815556,-2.3156385986675643,-2.0298958238801874,-2.26768532032664,-2.3583349174947035,-2.0633584733825243,-1.763661889254939,0.8527763962697062,2.447447447447446,12.080421346773264,1.3023023023023015,0.6026490066225165,0.9712448552593214,0.8823132563886554,0.9425929423267223,0.18926833329094514,-0.11801099611083242
3,3.0,19.0,1,6.736428075579641,56.418693885665505,5,0.5735762327796194,544.1549134213482,11.408892072427017,75.87630226271085,6.650628455508709,0.7919206343284849,0.9332323016017018,33.61921048604645,0.9847303818641095,0.10516129032258063,0.09666666666666666,1.0878754171301446,0.26301075268817203,0.2953763440860215,0.890425919184565,0.30806451612903224,0.24086021505376345,1.279017857142857,0.04272405070812694,0.0533770124013157,0.06667058933821109,0.21851492804413059,0.05327116372753752,0.06278336206408744,0.07859344333935342,0.1556850410682508,-3.1631049496052692,-3.1279046127696817,-3.0839789515868667,-2.582243188053347,-2.580725012317324,-2.5547953403471415,-2.5116980239555806,-2.3015510347904446,0.8217068707947762,2.293293293293294,11.483124145435111,1.3463463463463456,0.5860927152317881,0.9351740914026689,0.897498052884132,0.9576255787590673,0.18658540780657046,-0.18938322429091697
3,4.0,0.0,1,3.7128343903914787,19.500171632030582,5,0.7285729520777564,280.2149193231338,2.8546438700567913,31.825118267232316,11.14854241576522,0.8040813025760625,0.9189320106243856,14.14744862950479,0.9261638093614526,0.10193548387096774,0.18645161290322582,0.546712802768166,0.2664516129032258,0.14924731182795697,1.7853025936599423,0.30774193548387097,0.2241935483870968,1.3726618705035971,0.0271610862696025,0.04196517734957995,0.059037888524565575,0.10337403538380796,0.03778274918189462,0.05124914549176633,0.06650151633456602,0.10568757842071151,-2.5966900007325853,-2.557175097766887,-2.5116048211591333,-2.3932633078874805,-1.9136849328107775,-1.8869025822599539,-1.856568234952533,-1.778633884340251,0.8092010953655888,2.183183183183184,17.22805447131392,1.4124124124124113,0.5662251655629139,0.9366237235586691,0.9016207524353511,0.9745427043347046,0.17585659554570504,-0.2524469946030785
3,4.0,1.0,1,3.2669038383383335,14.87532164179311,4,0.678618459638013,224.6680890949891,5.980769537134097,19.850476088143832,3.31905049423722,0.8161882164656676,0.927599683786999,4.8064925046535505,0.9272297829754301,0.10193548387096774,0.46215053763440866,0.2205677059097254,0.2595698924731183,0.4048387096774193,0.6411686586985392,0.30397849462365595,0.2775268817204301,1.0953118946144906,0.26955568497733845,0.29866383135595803,0.38324005015478346,0.35837225164242736,0.4734332987323437,0.4620081911359459,0.5201431602729721,0.46010908812423623,-2.1211561121735967,-2.036628214104957,-1.7910251479162715,-1.863239390297156,-1.1247910994704597,-1.1491960975532922,-1.0250148766445302,-1.1532527425318033,0.8314128026057559,2.293293293293294,16.37624074521689,1.4124124124124113,0.6357615894039735,0.944009297508423,0.8832093663122413,0.9494072295613435,0.20773346969237277,-0.2843470494209279
3,4.0,2.0,1,2.6187721037296208,7.492227230769949,3,0.7740387641988883,276.636723391649,3.7422294496337116,27.213000837250554,7.271868602261723,0.8846708849571168,0.9693313051473023,9.709315379493582,0.973054504903764,0.10193548387096774,0.2523655913978494,0.4039198977417981,0.2696774193548387,0.2289247311827957,1.1780178487552841,0.2943010752688172,0.19419354838709676,1.5155038759689923,0.2503550104899515,0.28180593461394504,0.3475482347904428,0.3504603744719887,0.24261736995829428,0.28387568022565274,0.37674514913986695,0.3799395073290095,-3.1566418898437174,-3.0242067959615033,-2.7473758939001875,-2.735113313296731,-2.800064761207298,-2.6475316344834567,-2.3041906110902897,-2.2923809795443435,0.8387958473175201,2.1611611611611603,9.375015015145289,1.2582582582582587,0.6357615894039735,0.9359852308388787,0.881105752022603,0.9470411262669891,0.20074375033247566,-0.20835647553683173
3,4.0,3.0,1,2.581885401464619,7.143224417177326,4,0.7949995698451129,291.2274765552425,0.7015042368230427,34.648775301831726,49.39211124190547,0.8815454036421948,0.9693016848367021,13.338002556791427,0.970373435051288,0.10193548387096774,0.38225806451612904,0.26666666666666666,0.2664516129032258,0.36537634408602154,0.7292525014714536,0.317741935483871,0.20161290322580644,1.576,0.27088144872639797,0.31511374220478217,0.3273160658166458,0.376457965549255,0.30285947567873667,0.3311949882376465,0.3490867713656613,0.4165152113134553,-2.7964326216888864,-2.626785822551753,-2.579985510381647,-2.3915086004690025,-2.2603715459075597,-2.1684979793992523,-2.110486608553341,-1.8918602029354494,0.847779784028567,2.183183183183184,12.080421346773264,1.4344344344344344,0.5894039735099338,0.9318485747329875,0.8795874418501594,0.9622557379479175,0.20316490523019207,-0.22891422608645784
3,4.0,4.0,1,4.6479992600590805,31.404266132649553,6,0.6065842541713887,263.7219943134568,0.8572518493397622,21.001992061894164,24.49920881252046,0.8380275671808423,0.942669826901198,43.015563455139606,0.953099074305064,0.11483870967741935,0.34946236559139787,0.3286153846153846,0.28215053763440856,0.2759139784946237,1.0226032735775523,0.3002150537634409,0.22440860215053765,1.3378054623862004,0.25388981433017854,0.30585126547030356,0.3083698376191903,0.3242046781607809,0.2393845012682055,0.27582401910862464,0.3214265095094761,0.33419725840343006,-2.2134755762830762,-2.059322201599365,-2.051850385712463,-2.004873366143052,-1.9007465552703513,-1.809685712930992,-1.6957269825531718,-1.6638134112298442,0.827497170918705,2.2052052052052047,10.915359353313933,1.3243243243243243,0.6125827814569537,0.9212321795664455,0.8649094980964604,0.9546581187593521,0.20901035771764728,-0.2394815329542206
3,4.0,5.0,1,3.672842224279659,16.882134445232353,6,0.6650032635342403,244.35586926216592,5.375237056397702,28.38322933493374,5.280367923708876,0.7633474355067688,0.9388389335385063,21.078065792630913,0.937398345470617,0.10193548387096774,0.4348387096774194,0.23442136498516317,0.25311827956989247,0.44430107526881724,0.5696999031945789,0.3498924731182796,0.28741935483870973,1.2173587729143283,0.4241641791987002,0.47196415247835066,0.5007849225563643,0.4982851053027956,0.5049429019293711,0.5870336798018425,0.604886055352676,0.610483370097591,-1.6751190539480834,-1.536067881501864,-1.4522276281463917,-1.459499651458547,-1.1379441506556751,-0.9492493094609611,-0.9082136260770597,-0.895347571639747,0.8449890907070161,2.1391391391391394,14.065272421052393,1.39039039039039,0.6158940397350994,0.9700702619977783,0.8705684852850256,0.9629563244237441,0.2217958118128805,-0.25237182174792544
3,4.0,6.0,1,6.311147506252979,62.72303048898151,4,0.5768785006996131,269.6976746072852,5.775094239144029,30.110518114905958,5.213857448561543,0.8343745920122225,0.928225984661523,5.240753055038005,0.9478720675849096,0.10193548387096774,0.10666666666666666,0.9556451612903226,0.2756989247311828,0.2458064516129032,1.1216097987751532,0.34548387096774197,0.22763440860215053,1.5177137458667929,0.050427284097982326,0.06361399269445188,0.07344941276854546,0.18397603876103039,0.06819486724934562,0.08185839648706275,0.09752166215282594,0.16733708267813277,-2.276522272547513,-2.2449082262309648,-2.2213286177569938,-1.9563501473694935,-1.6540743067821748,-1.629819779888382,-1.6020154628832135,-1.4780840857644693,0.8406941952043072,2.2272272272272264,12.080421346773264,1.4784784784784788,0.5629139072847682,0.9602003334906012,0.9110835219208907,0.9828342741084953,0.1839834377061102,-0.24713851470824122
3,4.0,7.0,1,4.147188615473483,22.24997983159245,5,0.7871995027306236,275.92766758141346,1.654508384245164,49.201220419657034,29.737667628746465,0.8740174127631581,0.963853212616839,16.657516225177176,0.9663034326888879,0.10193548387096774,0.3158064516129032,0.32277834525025534,0.2661290322580645,0.34892473118279577,0.7627118644067795,0.33956989247311825,0.2870967741935484,1.1827715355805242,0.15414671131853114,0.14183876877808074,0.2939807090130976,0.3660027127834825,0.19635763518101332,0.16498133423466316,0.2519262268361185,0.3310511421571266,-2.608266802843143,-2.6462194813621327,-2.1770757452731937,-1.9549892392298507,-1.9957533381235657,-2.073672771061565,-1.8577551350105668,-1.661257512692939,0.8200499144460599,2.183183183183184,12.708787092020595,1.3683683683683687,0.6423841059602649,0.9623340557817738,0.9047279536699907,0.9697356291661118,0.18772434591213835,-0.2060046009703697
3,4.0,8.0,1,5.0752222683647465,34.32284341511812,4,0.7561574206333431,343.0797801076586,4.8857516677111335,35.00119990957462,7.163933472282252,0.8876549007454074,0.9680423237818817,8.498936043135473,0.9707624925853489,0.10838709677419356,0.27602150537634407,0.39267627580833664,0.2724731182795699,0.3781720430107527,0.7205004264998578,0.4248387096774193,0.3373118279569892,1.2594835830411222,0.27914386848471656,0.38583616108031155,0.3723454402140262,0.4772065149706687,0.3585605383518015,0.4156490939267969,0.4162463087656368,0.5541248128715728,-2.3966332963818964,-2.0419129996086403,-2.086765653844055,-1.7381336144274182,-1.6755305179577449,-1.5264071434053803,-1.5248471338517393,-1.1646889970164316,0.878308420090882,2.2052052052052047,15.566543592710588,1.3463463463463456,0.6490066225165563,0.9642432190607256,0.8832415175245891,0.9688145002377213,0.22642721095606377,-0.21161536308810147
3,4.0,9.0,1,4.795669030555814,28.263398644929136,5,0.6483564624794982,291.3333369659216,4.92378501124996,32.15951333721831,6.531461723803868,0.8054165312478971,0.9567438428127734,6.555506647551892,0.9579106601075285,0.11483870967741935,0.22612903225806452,0.5078459343794579,0.26602150537634406,0.2782795698924731,0.9559505409582689,0.4362365591397849,0.20666666666666664,2.110822060353798,0.20758281811038962,0.23063791091555771,0.23622851946810644,0.3489949670932836,0.1745225184106395,0.25922695773977855,0.20753125989116375,0.33617358521266627,-2.6530176291193786,-2.5758290357231095,-2.5571116436897254,-2.1795688791457346,-2.4624991099984133,-2.209815528540426,-2.364030044117348,-1.98027443760171,0.8330465691686667,2.1611611611611603,11.483124145435111,1.3243243243243243,0.5827814569536424,0.9625941227015148,0.899547917435947,0.9609260275571252,0.1922104990948202,-0.2512677828082173
3,4.0,10.0,1,2.9226492598666742,9.937081936296813,2,0.6466534023930062,250.17442578121947,4.2960095164692484,22.281592513803357,5.186578946900443,0.7693563362651918,0.923278927969698,18.023368545325788,0.9333356050646201,0.10516129032258063,0.35612903225806447,0.29528985507246375,0.26602150537634406,0.41494623655913976,0.6410987302409951,0.34612903225806446,0.27064516129032257,1.2789034564958282,0.1873436761745879,0.2291434924277283,0.26744412296398057,0.3815232512240157,0.20288158893293254,0.25545757194028973,0.2471100760157432,0.40255598235554396,-2.574920893541648,-2.442477181407887,-2.321120722456855,-1.9596582908461109,-2.0642905945863177,-1.9281350300975606,-1.9497524674646411,-1.5471955600226954,0.8542949817068257,2.1611611611611603,14.796880626863963,1.3683683683683687,0.5827814569536424,0.9326179937415263,0.8907258802207587,0.9705958780765926,0.19533321346607832,-0.293194894654901
3,4.0,11.0,1,4.613853310537941,26.813748592754173,5,0.6360386764255082,257.7734489596616,2.2873668154810916,22.0486129020935,9.639299107107188,0.8493325049891939,0.9393291956297709,18.896458883035237,0.9394314021361081,0.11161290322580646,0.408494623655914,0.2732297973150829,0.2595698924731183,0.4241935483870968,0.6119138149556401,0.46795698924731177,0.2910752688172043,1.6076837827853712,0.5290559817963087,0.48936182576090687,0.5268677788968367,0.5423740481928307,0.7102253700003707,0.5893573029867559,0.6234480586888075,0.6407868577218457,-1.4027853479214554,-1.521021015712624,-1.4093032754181605,-1.3631152646811036,-0.6960094304617841,-0.9863223349533552,-0.9044397786363061,-0.8627937323972281,0.8356987069384455,2.0730730730730733,10.375666787451848,1.3243243243243243,0.6456953642384106,0.8967079287576867,0.8617494862932714,0.9379540780147044,0.21573318786444196,-0.22256330799358715
3,4.0,12.0,1,3.791507242156091,18.524812248103473,3,0.779139212031845,294.856172215266,1.0128872481059399,33.81765832729193,33.38738679011869,0.8985211198513035,0.9697875114887009,12.173062988162071,0.9716205901497985,0.10193548387096774,0.3223655913978495,0.31621080720480316,0.2532258064516129,0.3753763440860215,0.6745918075050129,0.3802150537634409,0.2817204301075269,1.349618320610687,0.4750322043112584,0.4892434456002651,0.5149495302427701,0.5178441188654336,0.6468145873980855,0.6256811949821508,0.6557432833255401,0.6525666602705305,-2.1010097161425003,-2.0441339301002808,-1.9412538409949542,-1.9296692088129501,-1.0983491816186817,-1.1640705943289826,-1.0705823896875115,-1.080461170657193,0.8565531647899665,2.0510510510510502,13.369837418249451,1.3243243243243243,0.6192052980132451,0.9571143379028826,0.8672092007130116,0.9477163831444877,0.23114033891522823,-0.21460545010084958
3,4.0,13.0,1,2.6052455068248137,7.712210363925356,2,0.6566223021995997,235.43991431932045,5.108334148169762,23.855847477120726,4.669985710638743,0.8011888311847374,0.9525134417030263,9.451292297203768,0.9564365580591834,0.10193548387096774,0.3321505376344086,0.30689543541599223,0.25989247311827957,0.39182795698924733,0.6632821075740943,0.26236559139784943,0.21516129032258063,1.219390304847576,0.3826188440790424,0.41054197507312135,0.4766291339568714,0.4597205011182002,0.4096209786382199,0.407431995610578,0.5104340848688326,0.5094336722988003,-2.1980801959914493,-2.0986646555922572,-1.863372609894786,-1.9235729101914998,-1.7671567881358203,-1.7737089793154608,-1.465397141260912,-1.4683916342901375,0.8509557245424033,2.0730730730730733,9.375015015145289,1.3243243243243243,0.6357615894039735,0.9559490067217609,0.8760365817592847,0.948354689040331,0.2099431446450888,-0.2250256669546939
3,4.0,14.0,1,3.507463339411228,15.366650965105205,4,0.7011971764840448,291.1983238847213,3.5205942209695107,36.474586662637115,10.360349524346105,0.868648353667589,0.9564337466989313,7.904094592520772,0.9634744635638167,0.10838709677419356,0.23279569892473115,0.4655889145496537,0.2595698924731183,0.2824731182795699,0.918918918918919,0.31419354838709673,0.2378494623655914,1.3209764918625677,0.058851461264649164,0.10072766404137264,0.13025400834881617,0.18163904310069293,0.06804143703069991,0.1010118827741839,0.14658207268655232,0.22187034737875008,-2.6867246399382236,-2.567179402181753,-2.4828896715886364,-2.3361992892421246,-1.8300956603205392,-1.7653512906977757,-1.6758646867731382,-1.5280204045679102,0.8281181242230049,2.271271271271271,14.065272421052393,1.4124124124124113,0.6225165562913907,0.8828947356223721,0.8732504140196996,0.9652130399145453,0.1903897244089665,-0.21676487548596615
3,4.0,15.0,1,3.070167723111776,13.18933455462184,6,0.589185913320263,230.23018091810297,0.16477513124957624,21.01791044023919,127.5551127214972,0.7880190998381723,0.9359074085478379,21.078548095061368,0.932035399381137,0.10193548387096774,0.23215053763440857,0.4390921723019917,0.33333333333333337,0.27741935483870966,1.2015503875968994,0.3558064516129032,0.2865591397849463,1.241651031894934,0.38035870133858707,0.5620299354317063,0.5787617793623898,0.6196437618741701,0.32663378192419346,0.5696695843566814,0.5885386432229556,0.6371222806887832,-2.900323434144668,-2.0499841512587325,-1.9716682624478268,-1.780314051278634,-2.948792254534207,-1.884494592208139,-1.8018635763632735,-1.5891070554529803,0.8709997314406056,1.984984984984985,9.862658461312831,1.2142142142142145,0.6225165562913907,0.920185803181515,0.8478866552070441,0.8987746363319872,0.21578651313542607,-0.2973881785490725
3,4.0,16.0,1,3.8884269570680123,19.270788284144132,5,0.7142268328964709,255.00803245870856,1.421160406704013,28.186022952869976,19.833104567161165,0.8355215148549375,0.9334878087141638,6.000511668437217,0.9452227907405959,0.10193548387096774,0.29655913978494625,0.3437273386511965,0.3129032258064516,0.40559139784946235,0.7714740190880169,0.31451612903225806,0.27817204301075266,1.1306532663316584,0.3161546458568999,0.4080637022580392,0.38376925281637453,0.48534012434296525,0.3480597471223668,0.38373859426704265,0.3755941591507593,0.47415074660797474,-2.0614164576935643,-1.7843613598874193,-1.8575957214374896,-1.5514155815584105,-1.7023967968150153,-1.6092294324360754,-1.6304968111454414,-1.3731382295091659,0.8342778735349992,2.2052052052052047,12.708787092020595,1.4344344344344344,0.5662251655629139,0.9042685300348403,0.8641823828932488,0.9529537770603752,0.21725874644512902,-0.23085493529641904
3,4.0,17.0,1,5.1900008081906845,34.94346046478857,5,0.6024355639065208,276.06209558891226,1.1796088604817707,41.84236165529439,35.471386369720314,0.8241524583173192,0.9379591733341712,5.428094145018321,0.942365101677658,0.10838709677419356,0.18956989247311826,0.5717526942711288,0.28215053763440856,0.33182795698924733,0.850291639662994,0.46645161290322584,0.26440860215053763,1.764131760878406,0.049107930013517515,0.08469061370807605,0.1679141295831875,0.27306908515766337,0.059586496607465206,0.09023149913074673,0.1183024742912927,0.2918693800695314,-2.3669962229950254,-2.278422471496347,-2.071259372803605,-1.8095037114302457,-1.7319766021088567,-1.6755371452630992,-1.6238383212872052,-1.3041770035542295,0.8202385424721454,2.293293293293294,17.22805447131392,1.5005005005005003,0.6125827814569537,0.9518111174809114,0.8909574803498898,0.9752601838477355,0.19513375566868815,-0.24602670873862464
3,4.0,18.0,1,3.4145859899639524,14.937022201840623,5,0.7671332028481856,276.5379433663594,1.6494200912027155,23.785702851693454,14.420645764263439,0.8570854015820376,0.9276904069947605,3.4358697047500613,0.933030992449556,0.10193548387096774,0.10333333333333335,0.9864724245577522,0.2563440860215054,0.1264516129032258,2.027210884353742,0.29516129032258065,0.20817204301075268,1.4178719008264464,0.028618610159058772,0.03420068964815578,0.04618962721570624,0.07680956768411171,0.04043759692126692,0.04815661608809,0.063317669973989,0.1021097540553904,-3.0355592161005545,-3.0181152615268427,-2.980649925763728,-2.8849628522235005,-2.0972646811784457,-2.080393630145208,-2.0472569183041434,-1.9624711163675577,0.7975100648195379,2.271271271271271,14.796880626863963,1.39039039039039,0.5993377483443708,0.9112138191469529,0.8779002994635812,0.963626568558617,0.18051370022909077,-0.2486607780085441
3,4.0,19.0,1,2.7861526018493517,8.450510200183395,2,0.7508018651675388,275.5283008958098,3.735408439958988,20.35766986027948,5.449918044438266,0.8893152279712067,0.9556380241880713,11.661443351381553,0.9620020055389937,0.10193548387096774,0.3258064516129032,0.31287128712871287,0.2532258064516129,0.34182795698924734,0.7407989933941491,0.32387096774193547,0.1981720430107527,1.6342919153553987,0.3500321872727487,0.3007655642954318,0.3258936097599198,0.36033722389072825,0.39050091449157937,0.2776925304744505,0.30939990325868233,0.3376467467389125,-2.6124076179920315,-2.8104243484492564,-2.7094275050498347,-2.5709887113364283,-2.1593415558264057,-2.559000615610908,-2.446667308954741,-2.3465940120491258,0.8468764216895853,2.1391391391391394,9.862658461312831,1.3463463463463456,0.609271523178808,0.9014377049211793,0.8667902530810917,0.941548207820214,0.20163916515271002,-0.24572031215293344
3,5.0,0.0,1,9.174060686900328,87.91218814314618,5,0.46472733055324955,925.057623769174,0.09533887552044823,257.73407948399995,2703.347171623828,0.6466646077214451,0.9298899917952993,19.113851527349258,0.9982953754510734,0.10516129032258063,0.342258064516129,0.3072573044297832,0.2563440860215054,0.36806451612903224,0.696465089103126,0.41494623655913976,0.2640860215053763,1.571254071661238,0.1767032785819185,0.17350211798906914,0.2793304864090279,0.35381593500004216,0.3237597547908244,0.12060933616635212,0.32333498698904845,0.4120301175677437,-2.2812613860277784,-2.2901314372024784,-1.996893089299261,-1.7905024001696368,-1.4229856851158522,-1.8504671011893636,-1.423879507253336,-1.2372418410583514,0.8448489498028486,2.2492492492492495,14.796880626863963,1.4564564564564557,0.6192052980132451,0.947856692024356,0.8950148582604425,0.9767688741802346,0.18707333468612725,-0.12263389954517888
3,5.0,1.0,1,6.8295457941383155,57.20826740191811,5,0.5427928082059172,530.3688610669032,2.3891687564780213,85.26041316382464,35.68622473094398,0.8551092489275872,0.9455780391962496,23.99131325089541,0.9905267353639086,0.11483870967741935,0.3193548387096774,0.35959595959595964,0.2886021505376344,0.3779569892473118,0.7635846372688477,0.3598924731182796,0.26365591397849464,1.3650081566068515,0.13662006936149493,0.26785504858754927,0.3152852015067406,0.4302097174123691,0.12430803318684283,0.33747075666833143,0.3544321362740722,0.463687803451529,-2.3979604819565896,-2.0334670731258546,-1.901734068550144,-1.582541511750865,-2.0069146784156446,-1.5183874167086377,-1.4795152527663096,-1.2291226370198225,0.8338970874738183,2.1611611611611603,14.065272421052393,1.39039039039039,0.5927152317880795,0.9363771426686825,0.8868534967498688,0.9591591638002813,0.20826460748973202,-0.18065397366659883
3,5.0,2.0,1,6.878064164539665,55.82047654298927,6,0.4997532567652665,529.8094205561857,1.7307522661326797,62.19281433106692,35.93397827525896,0.6905461303045253,0.9309938831025093,21.14517708460567,0.9850582028862064,0.10193548387096774,0.10655913978494622,0.9566094853683149,0.2726881720430107,0.2756989247311828,0.9890795631825272,0.2964516129032258,0.22107526881720432,1.340953307392996,0.04460789154772028,0.0573130681451774,0.06274081098758134,0.18094838371538322,0.05074839552898388,0.06520940753952881,0.07384060414523544,0.1392489076979457,-2.5084378165892054,-2.475079632905718,-2.4608287768601684,-2.1504678862746385,-1.9851367966791347,-1.954894986263287,-1.9368448656201847,-1.8000587600405145,0.8060117483724963,2.271271271271271,14.796880626863963,1.5005005005005003,0.6158940397350994,0.9408850491263013,0.8976584244894398,0.9749419498083729,0.17349512893862684,-0.1609267846161917
3,5.0,3.0,1,5.959080539662691,46.65617828689491,6,0.3804962174339549,425.1977616289985,1.431085236213334,36.55172652805579,25.541264491535127,0.6425682840944964,0.9023082221179295,220.28338242715398,0.9741688392454381,0.10193548387096774,0.3790322580645161,0.26893617021276595,0.2563440860215054,0.3849462365591398,0.6659217877094972,0.3790322580645161,0.25784946236559136,1.4699749791492913,0.3901130724352116,0.33981491770414,0.3628419925737995,0.41588187477959676,0.5580393585557196,0.41254165169510176,0.4293647244781841,0.4862413971554827,-1.8750520342887902,-2.029689973039247,-1.958894942638323,-1.7958277665217255,-1.0980597296072039,-1.4595515858316466,-1.4177543373459291,-1.2764431481484046,0.8354569016111512,2.183183183183184,17.22805447131392,1.4124124124124113,0.5695364238410596,0.9041457012834392,0.8771667429225897,0.9500993365809492,0.19702138103150393,-0.2280265305345405
3,5.0,4.0,1,15.213451501352415,247.26186436753886,4,0.3108823825678755,673.0058822029981,7.182319080873095,185.79054712615005,25.867765694359132,0.6196004506492618,0.8736943631814909,13.056349389100468,0.9967171068958796,0.12129032258064518,0.21623655913978496,0.5609149676777723,0.2756989247311828,0.4108602150537634,0.6710285265637268,0.5211827956989248,0.30795698924731185,1.6923882681564246,0.14023950831776422,0.1950362389370668,0.25163570146875397,0.3967871240544632,0.21897846479621158,0.22961291850850957,0.3156368918403511,0.54764234989024,-1.8227325373086685,-1.7065609002024869,-1.5865673869522656,-1.2788395681664293,-1.1594711819925005,-1.1436837266409328,-1.0159762134124577,-0.6715508287735743,0.8012547639086627,2.271271271271271,23.354381399064817,1.5005005005005003,0.6456953642384106,0.9331504131828612,0.8902656278398181,0.9716382516894562,0.18944336452851532,-0.1079615879150147
3,5.0,5.0,1,8.045177815804255,78.54275196055794,5,0.43925337282660337,518.801930691415,6.505862496283713,56.626424049905395,8.703907296265731,0.5640770220002616,0.8948763654420312,12.36951653353195,0.9842370346914066,0.10526881720430108,0.3052688172043011,0.3448397323001057,0.29268817204301073,0.3974193548387097,0.7364718614718614,0.36096774193548387,0.2936559139784946,1.229220065909923,0.3554987488929989,0.44765816988171314,0.537722097169492,0.5697916303153889,0.4056681858461952,0.4408017789136951,0.5722370427933635,0.6131508471866594,-1.9215847386653884,-1.64681081605162,-1.3782846217529954,-1.2826690967816585,-1.5695579246009645,-1.4767743849930217,-1.129669863442092,-1.0216214898201934,0.869462467595319,2.3373373373373365,14.065272421052393,1.4564564564564557,0.652317880794702,0.9603315209907485,0.8757502560795875,0.9430578938469654,0.2086290279181955,-0.20131516382769815
3,5.0,6.0,1,4.7320052411614615,26.1987443867512,4,0.5767959133580977,449.7234870534177,3.290534498476781,28.64304095068248,8.704677299065429,0.8748907624350528,0.9430709023008951,13.982444760110628,0.9739077130546221,0.1341935483870968,0.3390322580645161,0.39581351094196016,0.28537634408602147,0.3517204301075269,0.8113726689085905,0.39849462365591404,0.2745161290322581,1.4516255385820604,0.2428867551637894,0.26300524462465047,0.29943250479160555,0.34294619020439626,0.25143881718956346,0.3177272085163495,0.3398178728480894,0.41158656191579435,-2.1926245210570032,-2.1343607228479864,-2.028866195547427,-1.9028491508208014,-1.7115398802224706,-1.5599754818046614,-1.5094665135965735,-1.3453717457788175,0.7871650838818888,2.2272272272272264,12.708787092020595,1.4344344344344344,0.5860927152317881,0.907435429440634,0.8665372816440845,0.9682843499194237,0.22188093553718674,-0.22054310159765392
3,5.0,7.0,1,5.982676125813668,45.28364655038222,6,0.7153040781191432,467.3499039591966,2.799615937876376,54.850524263849344,19.592160310908834,0.89408573434141,0.9415804395362802,32.663553378620314,0.9697833331512269,0.10193548387096774,0.1298924731182796,0.7847682119205296,0.2627956989247312,0.20892473118279567,1.2578486875965005,0.36161290322580647,0.28096774193548385,1.2870264064293917,0.04977407066697592,0.06580270818502068,0.0914240869827294,0.18794938513009576,0.06161631446067025,0.09546971062215963,0.1245005693137299,0.1911849847868973,-2.333782260951614,-2.294415465380067,-2.2314886208335443,-1.9944197074357497,-1.572252557508974,-1.515531528024457,-1.4668906122371483,-1.355161535539252,0.8582197836019166,2.3153153153153148,12.708787092020595,1.4784784784784788,0.6192052980132451,0.9164902230159649,0.88978991727206,0.9662104082627656,0.19055272552890432,-0.21234635104256616
3,5.0,8.0,1,14.186060726303428,222.75979047672166,3,0.3633240429076363,674.9649815134575,11.9248934587089,113.61741571076874,9.527751011292475,0.691028909954707,0.9384468798611546,66.02156593737392,0.9936044789444729,0.10193548387096774,0.08645161290322581,1.1791044776119401,0.2563440860215054,0.18913978494623654,1.3553155201819218,0.3067741935483871,0.20408602150537636,1.5031612223393043,0.038438978225969644,0.04045865903051952,0.05638577659467125,0.15411303153969863,0.05097494461488106,0.05613425605066198,0.07282525604149069,0.1384106881231869,-2.4403742304058307,-2.435248422602208,-2.3948265186480624,-2.1468016204090072,-1.7381699690271497,-1.7287205238859005,-1.6981504195746737,-1.5780285873815152,0.8436413613025728,2.359359359359359,15.566543592710588,1.4564564564564557,0.6225165562913907,0.959822070823023,0.8935712212842846,0.9775174794337859,0.18806167157004935,-0.12999923799575444
3,5.0,9.0,1,9.092969718500154,96.2936120179464,4,0.5151193219757872,678.6845175065439,1.2324243643363872,98.37850517180642,79.8251868582454,0.8614752557639445,0.920942364900392,132.35665407487917,0.9897479970443037,0.10193548387096774,0.07989247311827956,1.2759084791386273,0.26322580645161286,0.13591397849462364,1.9367088607594936,0.31408602150537634,0.22107526881720432,1.4207198443579765,0.03638851478183557,0.05634330750359365,0.06297142593577053,0.1681489732574225,0.038099816772087076,0.05957192523563224,0.06833402290997387,0.14219535774441883,-2.9928524010864415,-2.930875400784318,-2.910289323855259,-2.583621491569385,-2.5160922933160865,-2.459926583434345,-2.4370071092351493,-2.2438041775885997,0.8363639512711696,2.425425425425425,15.566543592710588,1.39039039039039,0.5960264900662252,0.9019900784659154,0.8856238165987559,0.9696494789131129,0.1715236657794069,-0.13017898616934387
3,5.0,10.0,1,8.038359833279147,86.86273389529931,4,0.6114309454119332,505.20273437650485,17.264871849430683,87.35825049150712,5.059884096063406,0.8901141289533703,0.9428333595129146,16.313476282135902,0.9883361910809365,0.10193548387096774,0.15978494623655914,0.6379542395693135,0.26322580645161286,0.18236559139784947,1.4433962264150941,0.2864516129032258,0.22107526881720432,1.2957198443579765,0.0726758939769412,0.12899341561641228,0.10471341803782803,0.1594651626547204,0.06355146723010197,0.07000496238243316,0.08217284046508422,0.11796598854294259,-2.5617599518303202,-2.4061811519422616,-2.4732553550427334,-2.3220020599527116,-2.1718584295164702,-2.1568911597136373,-2.12867080626296,-2.0456575410898177,0.8013765140006217,2.2492492492492495,22.199661191199525,1.4564564564564557,0.6026490066225165,0.9271679323507084,0.8760173644877782,0.9618019655241319,0.19884287347680987,-0.16552183755961775
3,5.0,11.0,1,10.126287834866625,121.98915773139682,4,0.41890115314342435,540.3947996959962,3.368032446647446,72.88369479139406,21.639843423700626,0.5923767195207271,0.8707562822309516,67.28516792511725,0.9858630103788508,0.11161290322580646,0.30946236559139784,0.36066712995135514,0.25935483870967746,0.2759139784946237,0.9399844115354639,0.37118279569892476,0.25731182795698926,1.442540743836189,0.32643825750010025,0.34854065600649137,0.3788203682097487,0.40283708539530366,0.3373594765041781,0.4098796496555966,0.45142587301051146,0.4763877469219805,-2.0205595247043466,-1.9542564540234784,-1.8634229683351087,-1.7913772988745826,-1.562618498635786,-1.391603657145502,-1.2936306312575774,-1.2347663080663298,0.8400345864460905,2.271271271271271,13.369837418249451,1.4344344344344344,0.5993377483443708,0.9555570238800729,0.8753871668958865,0.9615166114384146,0.21787649465910802,-0.1558359450178529
3,5.0,12.0,1,15.14420843309542,245.3557281204404,3,0.33583146704100886,727.051611663235,17.014014112291022,215.02887893543794,12.638339048990199,0.7009443751308799,0.8425186935515956,147.31017814131187,0.9970143818745945,0.1341935483870968,0.23612903225806453,0.5683060109289618,0.2918279569892473,0.2921505376344086,0.9988958410011041,0.3750537634408602,0.2509677419354839,1.4944301628106256,0.13594512994180846,0.09789755340055792,0.12623771464331798,0.23597607941822363,0.07098228974939598,0.0797782977546424,0.10736321140090259,0.1902009838749584,-2.3994950030164737,-2.505153767235312,-2.426452659651596,-2.1217073627483427,-2.1524049408550923,-2.132025812576487,-2.068115400783309,-1.87619179287438,0.8073375110729394,2.271271271271271,12.708787092020595,1.4784784784784788,0.5728476821192053,0.9188585605651914,0.8727436746976693,0.9625544436095081,0.19986359289181463,-0.10095668325305818
3,5.0,13.0,1,7.3769416171618305,71.19745052905469,5,0.5025687688720977,494.75800020217474,5.134218709293184,36.655289891163655,7.1394095122624615,0.7772768256018804,0.9007078861121908,12.149794350406768,0.9764326652801731,0.10193548387096774,0.3987096774193548,0.255663430420712,0.26602150537634406,0.397741935483871,0.6688294133549607,0.42290322580645157,0.28795698924731183,1.4686333084391334,0.1981578783281496,0.2528646663728119,0.37031358764958844,0.43123239619117737,0.2539513522843999,0.31378165320852935,0.41855582448866996,0.49711256587491626,-1.901251918488224,-1.771536376097687,-1.4930526436189535,-1.3486077479451986,-1.3434143414959756,-1.2356775544062741,-1.0470100663716952,-0.9055524639450714,0.8199499342020369,2.183183183183184,21.102034285685964,1.5005005005005003,0.6158940397350994,0.9705370293974346,0.8959189815423555,0.976524108486921,0.1969817478744205,-0.20247623114832589
3,5.0,14.0,1,5.497791447415015,40.81742038190274,5,0.2871245156039959,380.62525723456804,4.608124085645665,23.93316148474309,5.193688589961159,0.5686679063639519,0.8902349455770903,19.61145227228011,0.9622250319919535,0.10516129032258063,0.3319354838709677,0.31681243926141883,0.2627956989247312,0.4139784946236559,0.6348051948051949,0.48408602150537633,0.30795698924731185,1.5719273743016757,0.42908814644122223,0.48996170271125455,0.46082996383373537,0.5306273829565255,0.46337773248104525,0.5086196827494729,0.4884965144924045,0.5713389888568011,-1.7331756726265355,-1.5483755740196838,-1.636813781790451,-1.4249225973954096,-1.3692930166580515,-1.2538496399808796,-1.3051977025479355,-1.0938094905859055,0.8301330052384746,2.271271271271271,18.124175473742394,1.39039039039039,0.6423841059602649,0.929377964494738,0.8871476541330036,0.9597402848626836,0.18573554076838764,-0.23035528755275794
3,5.0,15.0,1,11.25151003313799,151.80374371083093,5,0.4695425069089679,708.3956934277451,1.643433367925955,148.15638133974704,90.15052525477397,0.7494714002341769,0.8701830862940237,17.176861260198468,0.9946646492567544,0.10193548387096774,0.10655913978494622,0.9566094853683149,0.2532258064516129,0.25559139784946233,0.9907446360959193,0.21236559139784944,0.1911827956989247,1.1107986501687288,0.043550477167806856,0.0641996595571406,0.07025796774498232,0.19426157088079113,0.0553077927142053,0.06994652975999142,0.08442129642382266,0.1505973197073983,-2.216632000515681,-2.168776219968951,-2.1547357092283623,-1.8673495499712096,-1.7284955206406158,-1.7017111445059006,-1.6752267836232864,-1.5541450609867566,0.8514804294870807,2.469469469469469,24.569164629827903,1.5445445445445445,0.6324503311258278,0.9506055040177998,0.8930062133354997,0.9755023633579697,0.19933656158559293,-0.15097222361457574
3,5.0,16.0,1,15.685609303674413,259.5041245460997,2,0.35597632760941433,806.9099810180148,17.46704352909239,164.0487680780709,9.391902402077262,0.8358236706541268,0.8781104256499052,49.574976407354484,0.9979091362707284,0.10516129032258063,0.2653763440860215,0.3962722852512155,0.2859139784946237,0.3473118279569892,0.8232198142414862,0.37602150537634405,0.2748387096774193,1.368153364632238,0.4378867840025798,0.5670465488853575,0.5369599731124015,0.5665936172457459,0.48621416284777974,0.6545213652456127,0.6017659557264106,0.6454595681407757,-2.1839203265095577,-1.6821092538163507,-1.7990015141576023,-1.6838689822591557,-1.6856685744777504,-1.1334732015713582,-1.3065572563073327,-1.1632038510041713,0.8764056887515579,2.1611611611611603,11.483124145435111,1.3023023023023015,0.6357615894039735,0.9583964223487573,0.8754105267400986,0.938233408584154,0.20853621640616252,-0.10126830065785371
3,5.0,17.0,1,6.571071215365967,56.19831315186636,5,0.6155747180057145,479.8996071252193,13.036435710044797,47.229899965934905,3.6229151139481672,0.8323975939856786,0.9228917538422079,20.570424130209805,0.9747957112188214,0.10193548387096774,0.3959139784946236,0.2574687669744704,0.26623655913978495,0.32870967741935486,0.8099443899247628,0.31569892473118283,0.27462365591397847,1.149569303054033,0.11183347977168533,0.2265308006900258,0.2630777650125435,0.2763579938710531,0.14938814816570364,0.2099267424660087,0.2519331335111777,0.2750819038950699,-2.1806172361317606,-1.8990135624553706,-1.8092838343977447,-1.7766783541312783,-1.5999956903731989,-1.4861229647900045,-1.40710920017402,-1.3635665046757195,0.8273476450755896,2.271271271271271,14.796880626863963,1.588588588588589,0.5827814569536424,0.9863119769798039,0.9035792383316271,0.9829381933021413,0.2030115237865137,-0.20922054930129036
3,5.0,18.0,1,6.319743699696853,46.31632539698466,6,0.4623422295038869,498.37091658978966,19.79184264084868,55.102268728226036,2.7840898762250483,0.7888019832138883,0.9269139249635885,14.079256771017542,0.9883203940222532,0.11161290322580646,0.26591397849462367,0.41973311767084515,0.29258064516129034,0.24182795698924728,1.20987105380169,0.3446236559139785,0.23311827956989245,1.4783210332103323,0.3301407984281702,0.35251862510168097,0.34007714987903503,0.4403693692698564,0.3654996057892415,0.35073556813729767,0.3431267632082043,0.3966383437376662,-2.1080856587793884,-2.03766134367797,-2.0768153859444274,-1.7611899696049385,-1.8355161780885387,-1.878226364262276,-1.9002375161397196,-1.7454363959621813,0.8367462841777727,2.2492492492492495,9.862658461312831,1.3243243243243243,0.5993377483443708,0.9560469879571875,0.8944732369876799,0.9575672872083631,0.19419066167783006,-0.18405963134944886
3,5.0,19.0,1,6.213912224400167,55.25101521302573,3,0.46872500587088084,391.5074726504108,9.486176518208019,27.80742439431463,2.9313627403981277,0.7075024029353045,0.9003330395352036,22.028432634367842,0.9658318011985062,0.10193548387096774,0.33946236559139786,0.3002850807728856,0.25311827956989247,0.41129032258064513,0.6154248366013072,0.40204301075268817,0.2579569892473118,1.5585660691954983,0.34638140910319504,0.3276610043124202,0.38766810486128,0.4704298755893929,0.39058014529832413,0.35530984673833454,0.4120033258929145,0.5035148651661402,-1.963802196822602,-2.020047800245679,-1.8397559947125481,-1.5910976036686237,-1.580782550550147,-1.6722706635254267,-1.5252126674885083,-1.2878396259949492,0.848052495554535,2.1391391391391394,13.369837418249451,1.4124124124124113,0.6258278145695364,0.9328237190625116,0.8780447281904099,0.9512252840447116,0.19868285024517596,-0.22153447477748828
4,1.0,0.0,1,9.903032232810805,120.43413829879847,5,0.1934926994630044,-729.6301469710256,3.322649261520322,195.73814636732837,58.91026435867799,0.7269022993402403,0.8173826880656521,7.222841961156613,0.9977431304832701,0.10193548387096774,0.08666666666666666,1.1761786600496278,0.28537634408602147,0.12978494623655915,2.198840099420049,0.3253763440860215,0.22784946236559142,1.4280320906087776,0.020858685418968834,0.025857148747549918,0.035933675563991095,0.08221443517825558,0.028451136954091447,0.039099976352753654,0.05598776708820612,0.1061377280592992,-1.5674936474138237,-1.5594916773225767,-1.5433603063574721,-1.4692700850456615,-0.9902783775890577,-0.9794242499131187,-0.9622108964250223,-0.9110941447354453,0.8193095531310961,2.6896896896896894,27.19157943036019,1.588588588588589,0.6192052980132451,0.9309116082949063,0.9013341623502062,0.9757710615009546,0.16807893845553046,-0.1373307894390926
4,1.0,1.0,1,12.00204037014658,169.65717213923764,4,0.1489634786067351,-480.8311501678341,1.6973108174726252,151.88719539883738,89.48696599071022,0.2417121890159586,0.5523508006581057,106.83928873650962,0.9832003079258103,0.10193548387096774,0.2096774193548387,0.48615384615384616,0.3101075268817205,0.2290322580645161,1.353990610328639,0.2360215053763441,0.20440860215053763,1.1546554445028931,0.05979961922547557,0.0905391372337254,0.11379740820961196,0.2531083760760585,0.0690949814708282,0.08356595263994786,0.1150122895374788,0.16727290288664373,-2.430242555264907,-2.3507866368037384,-2.2906683460188324,-1.930575487680188,-2.2068322065612844,-2.17252687508215,-2.097979216983266,-1.9740885918625577,0.8305874030546935,2.7557557557557555,15.566543592710588,1.4124124124124113,0.6390728476821192,0.9182478798314583,0.8894458990546318,0.9679977880276261,0.1842456916886845,-0.13743899931665732
4,1.0,2.0,1,11.410433937427001,155.35112812161287,4,0.2678862839253241,-371.75815255939074,38.07835719570456,135.62098896593815,3.5616292023553187,0.3960261622123097,0.5438636767499168,19.28133962136502,0.9840755835132265,0.10193548387096774,0.13333333333333336,0.7645161290322579,0.2563440860215054,0.14612903225806453,1.754231052244297,0.2812903225806452,0.17795698924731185,1.5806646525679757,0.041642005295994065,0.0433351073985107,0.054024912487107904,0.13600526694261877,0.055609973837822534,0.057446045331675105,0.06986312103397264,0.10132364289113464,-2.2117731378125014,-2.207865665061594,-2.1831949012404888,-1.9939942613803825,-1.640991987817465,-1.637801591342487,-1.616225419236563,-1.5615589542486181,0.8259177033140517,2.711711711711711,24.569164629827903,1.5445445445445445,0.5960264900662252,0.9628294532092317,0.9123261964106227,0.9812191593602693,0.16760579861913041,-0.15464748616326135
4,1.0,3.0,1,6.738501952945956,50.60665838954031,5,0.18476658017695113,-328.858297052655,10.249807192308689,126.35027812313078,12.327088281030521,0.39249703965694094,0.5657519365656042,12.14786288355389,0.9857290313805075,0.10193548387096774,0.20290322580645165,0.5023847376788552,0.2597849462365591,0.19580645161290322,1.326743547501373,0.29752688172043007,0.2238709677419355,1.3290105667627279,0.10007267275924613,0.15194405123041946,0.1731764082900816,0.1930786206254258,0.0840807268646639,0.08582325602611443,0.1231605039690877,0.1721020955474855,-2.211638396803576,-2.084160622932968,-2.031980524933533,-1.9830693566093718,-1.8615799154351185,-1.8580382743929857,-1.7821513781271945,-1.6826789829237456,0.8023813452428671,2.7997997997997994,27.19157943036019,1.6546546546546546,0.6026490066225165,0.9556981668864502,0.9083541943033964,0.978979059820855,0.17354843547756701,-0.16617688318670848
4,1.0,4.0,1,8.500194803401907,83.78778002064337,5,0.14485517037224316,-339.5253077672349,39.25723747092411,113.63221781346704,2.894554612958408,0.3881202240244308,0.675926126624832,11.237809231959538,0.974892818517299,0.10838709677419356,0.056666666666666664,1.9127134724857688,0.28215053763440856,0.302258064516129,0.9334756314478833,0.3772043010752688,0.2774193548387097,1.3596899224806198,0.04067331802941129,0.05459408939136561,0.06543895112450708,0.23872179061227783,0.048430123220464104,0.0673809599271589,0.08301028901277502,0.1629210962341287,-1.9463067103611573,-1.9180638904496752,-1.8960615553110396,-1.5445008621458063,-1.4922080504786903,-1.4624902212502766,-1.437981027281182,-1.312668580170604,0.8687917470838695,2.931931931931931,23.354381399064817,1.588588588588589,0.6291390728476821,0.9368696282209424,0.8860876869056128,0.9688116431468361,0.19458594054952913,-0.14049913813316348
4,1.0,5.0,1,9.353609617657936,99.5410833881253,4,0.10049820263546239,-317.9591237097718,12.933668798936495,72.96734729874329,5.641658869812966,0.31385200227345655,0.6569727090154127,29.126153009310272,0.9731812131312811,0.11483870967741935,0.12,0.956989247311828,0.2661290322580645,0.22602150537634408,1.1774500475737393,0.31956989247311823,0.2805376344086022,1.1391337677270983,0.040163274130988434,0.059138160253765594,0.07879776594019132,0.1837072477475624,0.05614005028311511,0.07088192309541233,0.09758820595799948,0.15502503462252118,-1.9888667216991265,-1.9495490767908694,-1.9088126322918755,-1.69143089273771,-1.5064809091912834,-1.4829516239788816,-1.4403261207990743,-1.348652047867442,0.8162981552569145,2.557557557557556,14.065272421052393,1.5445445445445445,0.6158940397350994,0.9336779356598717,0.8855411652045195,0.9689162469642092,0.17822941320229166,-0.1688929819664037
4,1.0,6.0,1,7.064841674655835,59.495650863152,6,0.17380590453441092,-362.57434363717726,1.921900810765781,95.12155466786152,49.49347756919898,0.4781272109454112,0.5344604547152664,2457.5447942210944,0.9741077686541285,0.11806451612903228,0.2529032258064516,0.4668367346938777,0.2759139784946236,0.2489247311827957,1.1084233261339091,0.27666666666666667,0.2010752688172043,1.3759358288770054,0.1440082744977964,0.2575680154874616,0.24148927449813815,0.27091964875127234,0.21228565888256765,0.23232233644691783,0.1997662889213522,0.23058119372095034,-1.9794208086744312,-1.716821875009805,-1.7540028354599553,-1.6859471598404836,-1.5617513877069813,-1.5220259347632519,-1.5865727504644616,-1.5254779882889224,0.7942534125302856,2.6896896896896894,21.102034285685964,1.6766766766766759,0.6258278145695364,0.96284997036634,0.8941521993757556,0.9747379407294331,0.20147252300438895,-0.16205350935702312
4,1.0,7.0,1,9.78045689952831,121.48557221431665,3,0.22468281626133513,-271.5361951115288,12.539992882599075,59.668709161511075,4.75827296874382,0.4178862030463466,0.5534015128977546,8.609743094082974,0.9745068560003023,0.10516129032258063,0.39279569892473115,0.2677251574048727,0.2532258064516129,0.3817204301075269,0.6633802816901408,0.27677419354838706,0.2541935483870968,1.0888324873096444,0.2891613462067992,0.3570429203411931,0.3694272259244403,0.42251451482402946,0.3652051715568931,0.388460990010692,0.36371489917053956,0.41726890762946006,-2.0964357126165747,-1.8962364754414758,-1.8597121525699885,-1.703144853167795,-1.648791615634453,-1.588387849309855,-1.6526623916797742,-1.5135632746512893,0.8552796664626334,2.6676676676676663,25.847135074695583,1.6106106106106102,0.6192052980132451,0.9321107177155846,0.8772080735133362,0.9558218067157737,0.21120762160656686,-0.16586224930737484
4,1.0,8.0,1,9.341233610940368,103.84184160245034,4,0.14465834717762238,-64.37786183320142,22.25496464033461,250.1374462762494,11.239624520584657,0.4306890196197205,0.5557564479480701,40.49531319709603,0.9941185617486191,0.10516129032258063,0.40956989247311826,0.2567603045418745,0.26602150537634406,0.41860215053763444,0.6354996146930386,0.3454838709677419,0.2717204301075269,1.2714681440443212,0.22633196678673598,0.2606478059624172,0.3111763333732613,0.33997155032670834,0.27553327253766424,0.3890687159584457,0.39491006802499307,0.43103019071929,-1.5386747783288195,-1.4704272690999434,-1.3699358860060125,-1.3126678173244644,-1.001724350798726,-0.8447382339183747,-0.8366613624971773,-0.7867178591102726,0.8343101937040535,2.9759759759759756,28.60595535175739,1.6766766766766759,0.6324503311258278,0.9645409139349321,0.9030684588669556,0.9819195779153768,0.18580977081826677,-0.13588311561669908
4,1.0,9.0,1,7.518478780115962,63.535316970577966,6,0.17906263563786418,-418.79476877493266,14.118843099126627,206.96341643262483,14.65866678874187,0.37771056653310153,0.569507940732292,40.04687930576906,0.967711100286052,0.10516129032258063,0.34903225806451615,0.3012939001848428,0.2929032258064516,0.29838709677419356,0.9816216216216216,0.3550537634408602,0.24666666666666667,1.4394071490845683,0.3540450576444408,0.44483877538383454,0.46332556723313933,0.475821829003634,0.37917286050378785,0.4190363123531403,0.44335959389805196,0.4574767984800936,-1.714723103375389,-1.4737061604887027,-1.4246319495604645,-1.3914599318875982,-1.5340893182192579,-1.4355850941303037,-1.375481268075972,-1.3405970766889779,0.8317601699474316,3.042042042042041,20.0586777950823,1.5665665665665658,0.6125827814569537,0.9636493431221674,0.8877785155741641,0.9646064016879093,0.19871580530581115,-0.13688825384550513
4,1.0,10.0,1,8.171912936598234,79.22577881955577,5,0.16977018245214281,-515.9481527284006,1.3549161823180529,91.38207665975371,67.44481898755762,0.34263535454133465,0.585714621192834,42.73726478863915,0.9473328096564041,0.10193548387096774,0.36892473118279573,0.27630428446517047,0.27634408602150534,0.37827956989247313,0.7305287094940306,0.29440860215053766,0.2241935483870968,1.313189448441247,0.5671432948727858,0.5885545655799359,0.628803248401404,0.5752992139781019,0.6155383870055714,0.6652298627314451,0.6532571684628865,0.6223659857000586,-1.1763086070096376,-1.1181224642942742,-1.0087447615513319,-1.1541445103743824,-0.8993544295567939,-0.7831133087405888,-0.8111205148184386,-0.8833829231135426,0.8618392474574428,2.9099099099099095,14.065272421052393,1.5225225225225214,0.609271523178808,0.9869563996991341,0.8843442372358612,0.9672626241457329,0.21211030192005068,-0.18038042368367568
4,1.0,11.0,1,11.52093002215588,155.31799187695162,4,0.14359159892619755,-301.34812102795263,18.761710634060698,85.5405853750075,4.559316953738429,0.3142570989014235,0.4782653469732402,24.19418759047891,0.9737572246682401,0.10838709677419356,0.25591397849462366,0.42352941176470593,0.2694623655913978,0.3581720430107527,0.7523266286400478,0.34064516129032263,0.2717204301075269,1.253660466956866,0.27881284528812994,0.22207903834431203,0.24837448249049685,0.32339315177455,0.4190154461988674,0.19850080504512813,0.3144311093295971,0.4079418483703704,-1.4938230262630667,-1.6113379689884377,-1.5568711919601104,-1.4014821021185078,-0.8639457499399499,-1.1918592646416117,-1.0194665684493902,-0.8804126038655518,0.8423925250379012,2.425425425425425,23.354381399064817,1.5665665665665658,0.5960264900662252,0.9324398939652484,0.8851226884627649,0.9698037105397168,0.1929908531331858,-0.1533641281187238
4,1.0,12.0,1,9.649900089245515,104.60829295519588,5,0.2961615191994985,-698.5499763560376,33.657598362113895,340.59843126954996,10.119510833932193,0.5097665106310536,0.743662391270298,443.5529716187305,0.9895314166841317,0.10193548387096774,0.25290322580645164,0.40306122448979587,0.2595698924731183,0.26268817204301076,0.9881293491608678,0.3335483870967742,0.19827956989247314,1.6822125813449023,0.15742239736616653,0.14850098989275684,0.16802451010613928,0.2261244202719239,0.15558332143178283,0.17710600529724546,0.20162529167810953,0.2656441286507604,-2.066696669436726,-2.088579334077168,-2.040691526384975,-1.898182527262692,-1.5426391310230252,-1.503319994892511,-1.4585264568254803,-1.341572391915195,0.8494167003925324,2.9979979979979983,15.566543592710588,1.5005005005005003,0.6026490066225165,0.9468374129366521,0.9131902671675298,0.9779434829063066,0.18854395579595584,-0.1238090175600981
4,1.0,13.0,1,9.034033519026854,94.47959315793334,5,0.21440163428542014,-299.77947927729195,4.513510178207969,192.72197156113415,42.69891147950217,0.44326055297485867,0.6269016373198385,10.904629702097884,0.9926980107617976,0.10838709677419356,0.09333333333333334,1.1612903225806452,0.2724731182795699,0.1461290322580645,1.8646063281824872,0.31666666666666665,0.2109677419354839,1.5010193679918449,0.04368546727090364,0.040925712429702776,0.054535248653347364,0.10979430531121841,0.06360661688501928,0.05608161692148957,0.0757085869710447,0.11654354062257233,-2.0409515189486234,-2.046841344568026,-2.0177960852132752,-1.89986307074815,-1.4032282265339178,-1.4145047824599808,-1.385092871962222,-1.3238998299926037,0.8059098210762399,2.8218218218218207,20.0586777950823,1.588588588588589,0.5761589403973509,0.9362027656719565,0.8951994113084888,0.9689857139204006,0.18178424369887522,-0.14630180899011228
4,1.0,14.0,1,7.754228536619161,74.04429783015702,5,0.13012624606208156,-397.49240121017124,39.337857450693605,127.35571870848436,3.2374848800068246,0.4970586369608997,0.6110753154225218,16.094926929824016,0.9911030919862976,0.10193548387096774,0.36870967741935484,0.2764654418197725,0.26924731182795697,0.36193548387096774,0.7439096850861556,0.43204301075268814,0.27129032258064517,1.592548553309552,0.4134438817388338,0.3308110918794324,0.3605594842893818,0.4223459802045365,0.5166004474429056,0.4173010923016564,0.4708684884130689,0.5137735122038316,-1.4240296045744925,-1.6246438943328285,-1.5524213223377568,-1.4024172620153899,-0.9062574671477175,-1.0924197869175136,-0.9919938505159829,-0.9115572882915347,0.851980330079646,2.8658658658658656,25.847135074695583,1.5665665665665658,0.6225165562913907,0.9620361553583815,0.8937682813751759,0.972318964295289,0.19682567329747067,-0.15239396668361693
4,1.0,15.0,1,7.703085912544753,63.864384304921174,5,0.19953965214344127,-477.093196378923,0.19877098669615878,185.01579047140245,930.7987727314423,0.36268266007258165,0.6344072514745411,62.43526570092979,0.9772375330428846,0.10516129032258063,0.28258064516129033,0.37214611872146114,0.2532258064516129,0.34548387096774197,0.7329598506069094,0.31053763440860216,0.24075268817204304,1.2898615453327378,0.23921407731044664,0.29394720713350153,0.3016030547723805,0.3857106843667597,0.2536920455541031,0.2604807404220956,0.2652644065587398,0.33795103839801466,-2.1364728350615625,-1.982768827722074,-1.9612693361804707,-1.7250745532715641,-1.8537670512478728,-1.836904496330307,-1.825022266460648,-1.6444747024595725,0.8458189038064576,2.8878878878878886,21.102034285685964,1.5445445445445445,0.6423841059602649,0.9301407775542001,0.8691896803265936,0.9402328342426317,0.21756205018367675,-0.1565388151861064
4,1.0,16.0,1,11.74876180602042,154.70922317865322,6,0.23452117176978304,-722.5197380496661,12.227022484812624,289.5450161359906,23.680746191122083,0.652040107494632,0.7972433430127592,14.215485579502587,0.996393692407155,0.10516129032258063,0.35236559139784945,0.2984436985047299,0.2627956989247312,0.3288172043010753,0.7992151733158928,0.37172043010752687,0.2349462365591398,1.5821510297482837,0.13285358628124536,0.1728258557246815,0.27065408413924824,0.31595026891683115,0.1732229010038672,0.21291875554931747,0.3275713540934924,0.3702432829441075,-1.4406192374012907,-1.3742119739775172,-1.211686677689292,-1.1364346162852375,-0.9989826852953738,-0.9510187644065903,-0.812485705243702,-0.7609258372675815,0.8330434978778359,2.843843843843844,19.06690840512252,1.588588588588589,0.5529801324503312,0.9743829569903132,0.9071597532540311,0.9846616604094762,0.18442762061481363,-0.11602721529883778
4,1.0,17.0,1,9.607220166771814,107.20694484173433,4,0.25774035625555713,-737.7633330184947,8.02904534753269,382.10454760955116,47.59028390927835,0.48492088979170955,0.6761251766569677,9.433819615352945,0.9959149288739967,0.10193548387096774,0.40516129032258064,0.2515923566878981,0.26634408602150533,0.4632258064516129,0.5749767873723305,0.41526881720430103,0.35,1.1864823348694316,0.39289870098641405,0.5090128684654149,0.5444736794367134,0.5834335588367469,0.3624525817344863,0.5228047527407397,0.6418233641488004,0.6561406635644473,-1.648480953698022,-1.3331925597271308,-1.2369047217932456,-1.1311157550200255,-1.4269957731354799,-1.0680862023594817,-0.8016918126436325,-0.7696459990092108,0.8190416230216881,2.8218218218218207,13.369837418249451,1.5665665665665658,0.6324503311258278,0.9584921237213991,0.8764010635479829,0.9686816444183581,0.20988458891932044,-0.10727012399394639
4,1.0,18.0,1,7.983808276072142,69.3942300066729,4,0.09913961848967989,-324.4547325844664,0.3623979921109665,83.35647676950484,230.01362751474912,0.4908777141638835,0.7075758188624548,168.58120089763963,0.9871917613500069,0.11806451612903228,0.06999999999999999,1.6866359447004613,0.26602150537634406,0.18225806451612903,1.4595870206489674,0.3335483870967742,0.2577419354838709,1.2941176470588238,0.029926210705829445,0.042361881032015575,0.06569208943999451,0.17585523731480487,0.0455121576992363,0.05520655579502906,0.0873141520278445,0.19383901152453992,-1.89543576047947,-1.8711375941936488,-1.8255524935508436,-1.610303744153303,-1.3332587302618977,-1.3197172891632931,-1.2748683858164065,-1.1260711014303175,0.8320004867392857,2.623623623623624,20.0586777950823,1.6106106106106102,0.5695364238410596,0.9488014261428518,0.9060554427214769,0.984374934009083,0.15728565655855578,-0.1865760488900791
4,1.0,19.0,1,10.047306190527935,128.78859720144817,4,0.1414849611321899,-253.2211204890221,13.388075689230401,72.12056486164585,5.386925390604183,0.4546718958259993,0.5748731886787091,101.43902750017709,0.9439836572931767,0.12451612903225809,0.21989247311827959,0.5662591687041566,0.28215053763440856,0.2386021505376344,1.1825146462370435,0.34591397849462363,0.17817204301075268,1.9414604707302354,0.21472994300643777,0.2447313336093693,0.2317006235513992,0.3160227942540883,0.25200567711667976,0.2940517797308336,0.2679611276590261,0.3438918908776583,-2.027083773770544,-1.949638655953893,-1.9832759259401551,-1.7656080007744661,-1.567895176775718,-1.4797609764560824,-1.5344504390507092,-1.375289501892148,0.8272174328370825,2.8878878878878886,16.37624074521689,1.4784784784784788,0.5960264900662252,0.9269107143341477,0.8930069047223458,0.9604086161509459,0.19660826295173617,-0.16028876957518154
4,2.0,0.0,1,8.069024368142788,76.06468914126371,5,0.19900236792842652,327.816997920519,45.83947691936398,240.30733208038882,5.2423663669442035,0.5535901681912467,0.7922153607561214,6927.296190279392,0.9911988098681911,0.10193548387096774,0.34967741935483876,0.29151291512915123,0.27634408602150534,0.38236559139784954,0.7227221597300335,0.2768817204301075,0.18236559139784947,1.5182783018867922,0.32663195011437485,0.2930093650512001,0.27996002677272025,0.3242333043512388,0.4022300408227383,0.3381485803766886,0.34157663459417936,0.3901489273888825,-2.0999363052643405,-2.2047902362802114,-2.245485334919522,-2.1074166175873463,-1.4906999564864845,-1.650504290632004,-1.6419555166523274,-1.5208274578666878,0.8191738873020847,3.1081081081081083,15.566543592710588,1.6106106106106102,0.6059602649006622,0.9843949693292118,0.9121408046690253,0.9757212745986457,0.20367690130285618,-0.14575016766477422
4,2.0,1.0,1,5.886614898445387,39.59305283656604,6,0.2277904724086759,-113.44873109382752,5.8348621231517175,238.5296295071685,40.880079849826174,0.33720844793738936,0.7380146829653581,360.040809967784,0.9784865044203775,0.11161290322580646,0.35634408602150536,0.3132166566083283,0.2661290322580645,0.36193548387096774,0.7352941176470588,0.2829032258064516,0.19483870967741934,1.4519867549668874,0.2935959219846116,0.292472308398403,0.28874442109048465,0.3831373276492782,0.33989218810809224,0.3299467693050265,0.3117262442100068,0.372732927951093,-1.997811458341626,-2.0009891977787797,-2.0115321946426845,-1.744575595469116,-1.6759355749576912,-1.7011858157208475,-1.7474455715532073,-1.5925568249727902,0.796116450436447,2.931931931931931,14.065272421052393,1.5445445445445445,0.5761589403973509,0.9168219232794903,0.8987808147784062,0.9667915268422538,0.1803335306722489,-0.17549413020192967
4,2.0,2.0,1,9.709933650816929,101.35522457668564,4,0.1279873467946412,188.84618726385665,37.573625786532205,188.3699321666935,5.013355198587525,0.2901858290415854,0.5258723151202256,83.31594763328842,0.9836273115644134,0.10516129032258063,0.12301075268817203,0.8548951048951049,0.26924731182795697,0.1561290322580645,1.7245179063360883,0.2779569892473118,0.17806451612903226,1.5609903381642511,0.02924311117242684,0.06103653251573544,0.07521876943840816,0.14104075667959523,0.03762342850256688,0.06344073703393045,0.0876348636753732,0.15871989740304782,-3.1279914978059833,-3.025546124723808,-2.979847848435943,-2.767754976545237,-2.2953616332525613,-2.23378484384202,-2.176079500956946,-2.0065347884718046,0.8209202505481394,3.064064064064064,14.065272421052393,1.4784784784784788,0.6026490066225165,0.9214951534091641,0.9017133573675525,0.9646956884093307,0.17950570884335154,-0.14392359803069185
4,2.0,3.0,1,7.205156638740585,60.788828495014464,5,0.14966136067476132,295.92607704674,35.871643050327535,95.55554470509915,2.6638184532288007,0.26260531372262175,0.602742100509593,17.817721301548147,0.9705532937762805,0.10193548387096774,0.3260215053763441,0.312664907651715,0.27290322580645154,0.27548387096774196,0.9906323185011706,0.2936559139784946,0.17440860215053763,1.6837237977805177,0.15552745470763166,0.20309397277926314,0.2355938595026245,0.26850012497444353,0.11350416768717869,0.19835475178898357,0.2388980319153257,0.24743889431554955,-2.391998582750093,-2.257264724973453,-2.1652076374870806,-2.071999467711782,-2.1577947435489904,-1.9512623068602992,-1.8525770411725704,-1.8317879665702714,0.8406887952310607,2.9979979979979983,25.847135074695583,1.6106106106106102,0.6192052980132451,0.965583090265114,0.8977743675206434,0.9653505878800211,0.20162908312824668,-0.20641827322071069
4,2.0,4.0,1,8.633581143919699,84.19365692116018,6,0.1486553330142628,244.81291173067552,28.03815315630448,174.379643525921,6.219369819181942,0.42648967076374134,0.5867532749718418,16.416193351179906,0.9750809580795097,0.11505376344086023,0.2527956989247312,0.45512547851977886,0.26924731182795697,0.3052688172043011,0.882000704473406,0.31451612903225806,0.2676344086021506,1.175170751305745,0.24949829812772914,0.30506546277461694,0.4008227847917852,0.5032213714396112,0.24142517873775007,0.3449855727650703,0.4177692211562527,0.5268835973776763,-2.287959672688297,-2.1185590816962363,-1.8266358380935253,-1.514466210488367,-2.0551102496898483,-1.774547250151682,-1.5773637718368518,-1.2817540749739522,0.8572043066407664,3.1961961961961953,20.0586777950823,1.5665665665665658,0.6158940397350994,0.9667709788927947,0.8936238356472385,0.9597533361754258,0.18644657573896847,-0.14063023869130606
4,2.0,5.0,1,8.435144934544763,82.5758386462392,7,0.2808781202748589,619.024303372325,48.46584062351236,128.454456162937,2.6504122183866454,0.5197984588097386,0.6197066742992152,20.6000311003919,0.968612046829738,0.11806451612903228,0.3125806451612903,0.37770897832817346,0.2627956989247312,0.3347311827956989,0.7850947638933505,0.3535483870967742,0.28086021505376346,1.2588055130168454,0.423137097928803,0.3777259680684287,0.3364504762806114,0.3621701306571491,0.5480640474454507,0.5072990470260476,0.4073566157898182,0.4258085183401684,-1.4859934047942946,-1.6029720477863951,-1.7092973260390212,-1.6430437385056584,-0.8737906445645576,-0.9526072905755768,-1.1458398955843876,-1.1101642655935056,0.8537845460592872,2.843843843843844,16.37624074521689,1.5445445445445445,0.5960264900662252,0.967627752450291,0.881800203963142,0.9617364774135229,0.2086769544514136,-0.12391443055904025
4,2.0,6.0,1,6.83262828405395,58.70561994755182,4,0.3113075014788219,373.6215860551629,24.214935235137006,91.15974098157314,3.7646080857278563,0.3309911287758751,0.5603371506269271,3.5612918779139826,0.9709647601772461,0.10838709677419356,0.11322580645161291,0.9572649572649573,0.26602150537634406,0.14634408602150537,1.8177810433504775,0.2738709677419354,0.16150537634408602,1.6957390146471367,0.049164392083125626,0.04881982171863062,0.05662572376927539,0.11251712500631408,0.05882366784595922,0.05844897054364939,0.07266848057909486,0.11840870593560433,-2.0144714635181145,-2.0152014815787234,-1.9986636418121924,-1.8802502884306067,-1.5450102155066592,-1.5456253087044094,-1.5222829364902863,-1.4471969902960746,0.81259945767909,2.557557557557556,31.659241119835205,1.6546546546546546,0.6456953642384106,0.9208004991679661,0.8923169128170508,0.9715270210954567,0.17520380641883293,-0.18788540402524073
4,2.0,7.0,1,8.327383599501045,81.38075470303225,5,0.1657477064744517,307.1282044725546,12.41467247970808,209.65915256326744,16.888013188101226,0.27891985908705963,0.5075693812593511,45.369009434461994,0.973699265052628,0.10193548387096774,0.2656989247311828,0.3836503439902873,0.2693548387096774,0.24494623655913977,1.0996488147497805,0.327741935483871,0.200752688172043,1.6325656132833424,0.4070311796058585,0.3216313694768115,0.2988941792426184,0.3706932142728324,0.5027672045575966,0.2863773334421919,0.26860109804265625,0.32256459469115395,-1.8830062034639279,-2.1541981560875905,-2.2264013964398686,-1.9983994784389325,-1.411628492989371,-2.0259526294112735,-2.0764188106810435,-1.923218116461791,0.8325045212785267,3.284284284284284,20.0586777950823,1.6106106106106102,0.5695364238410596,0.9802232096522595,0.9087540176522836,0.973121928493619,0.1936487303689631,-0.17209850322664258
4,2.0,8.0,1,7.547418012964677,70.8376807783999,4,0.1935916038747134,232.06923536630308,9.710327274925197,125.8220979469575,12.957554816083865,0.34995797626056036,0.5941722128043738,12.806858576991017,0.9560989354992361,0.10516129032258063,0.0832258064516129,1.2635658914728682,0.26924731182795697,0.295483870967742,0.9112081513828236,0.2864516129032258,0.14161290322580644,2.0227790432801824,0.03287628508152871,0.03419521988713794,0.06912574096982955,0.20674525517237888,0.039308343502014766,0.039019309425265346,0.05299935272127299,0.12714185512900425,-2.410431673531776,-2.407144397889867,-2.320084559430847,-1.977085591653653,-2.0896212342822564,-2.090249918564171,-2.05984162353014,-1.898572660334618,0.8302055709660403,2.8878878878878886,20.0586777950823,1.588588588588589,0.6390728476821192,0.950982265261143,0.9014707563913797,0.9785023505880721,0.1821400010137817,-0.20314395524573306
4,2.0,9.0,1,7.24092223167546,57.97747722017684,6,0.24659440152951229,174.63380259885992,31.79057006019721,106.45653832107423,3.3486828993469717,0.6252953152937286,0.5561901761521131,11.037659021380968,0.9613850932258841,0.10193548387096774,0.22236559139784945,0.4584139264990329,0.27311827956989243,0.28752688172043006,0.949887808526552,0.33623655913978495,0.23053763440860217,1.458488805970149,0.13905307809345038,0.22860360543943586,0.2854599565052232,0.43158008832926953,0.12621326213702272,0.21540336802904117,0.29081310879765476,0.4605320635089557,-2.2377658308032,-2.005006870725281,-1.8572263322950848,-1.477432143050278,-1.9500169163223335,-1.7509726784990653,-1.5826818773432594,-1.203922600775389,0.8145085681437183,2.6896896896896894,19.06690840512252,1.4124124124124113,0.6258278145695364,0.9762377266059652,0.8954702163451057,0.968171408780281,0.19720193728219076,-0.18336733650105946
4,2.0,10.0,1,10.276931174535505,112.03218518032963,4,0.3082882960212132,739.5911860572425,43.15366740515402,348.87850932224904,8.084562223802584,0.6313759040188323,0.6699547898701462,12.174833479241375,0.9983069694303337,0.10516129032258063,0.11666666666666667,0.9013824884792626,0.2724731182795699,0.09333333333333334,2.919354838709677,0.28086021505376346,0.13516129032258065,2.0779634049323787,0.023248590017475097,0.030227493672500827,0.033548391201374886,0.051640845046414335,0.044179432257209564,0.05570908463273233,0.06158798551753401,0.09298992494844292,-1.6519124265623586,-1.6401094871924273,-1.6344930817905807,-1.603894559967959,-0.8392826473897668,-0.8291587418202683,-0.8239966228359589,-0.7964233483656418,0.8463163101777772,2.7997997997997994,21.102034285685964,1.5005005005005003,0.5960264900662252,0.9641710868728711,0.9336737391620078,0.9904259579564791,0.14205836962147578,-0.08361178988639426
4,2.0,11.0,1,8.26965700695278,79.54918929130429,6,0.1837223617812106,68.65999281658512,2.599102648751029,289.5627842898506,111.40875272048099,0.36653095330953267,0.7093607101560759,78.11336636368456,0.9847248424832807,0.11161290322580646,0.3288172043010753,0.3394375408763898,0.28881720430107527,0.3580645161290323,0.8066066066066065,0.5491397849462365,0.3167741935483871,1.7335369993211132,0.35442905093417787,0.41391784866409037,0.429871086946949,0.4963924537827627,0.45898970530827304,0.5158609189211671,0.5050301862677513,0.5679368300700569,-1.5196392752879142,-1.3796058465829055,-1.3420527821246304,-1.1854650641738487,-1.0225471741389724,-0.9150566155667827,-0.9355274553590563,-0.8166295129617356,0.8285656048690062,2.953953953953954,14.796880626863963,1.5225225225225214,0.6291390728476821,0.9345630145678517,0.8677649733175613,0.95681653315845,0.20997333087309836,-0.14475295307177885
4,2.0,12.0,1,9.042814299336218,85.6264511761375,5,0.29116091988125226,-90.44843117537016,19.98776024587903,325.57559712935586,16.288748370217284,0.5673774443220483,0.6291884452672372,85.73977402883577,0.9748146361060525,0.10193548387096774,0.24591397849462365,0.41451683428071706,0.2765591397849462,0.2619354838709677,1.0558292282430213,0.2378494623655914,0.1975268817204301,1.2041371801850844,0.2987239818097605,0.3493669032815369,0.34592262301315335,0.429391612514559,0.36379236883057586,0.3804506682836235,0.37296144614734905,0.4384422208539144,-2.431932339657047,-2.2563093961835765,-2.2682537039229755,-1.9787943046826946,-1.9312796868327131,-1.8807115487364885,-1.9034459232918182,-1.7046716806182314,0.8395910571997802,2.9759759759759756,19.06690840512252,1.4784784784784788,0.6589403973509934,0.9619797833360223,0.8920072217752668,0.949291766725772,0.18887877522501526,-0.11212631533020802
4,2.0,13.0,1,5.511799423251706,33.50186956952152,5,0.2995106808672914,192.73902545490273,64.39978237866033,128.15905016421175,1.990054087615657,0.49407608631781175,0.7000317623450896,17.615043526759415,0.9749812407573252,0.10193548387096774,0.22602150537634405,0.4509990485252141,0.2960215053763441,0.2488172043010753,1.18971477960242,0.32817204301075276,0.22344086021505377,1.4687199230028876,0.12000168461560203,0.2527915774667766,0.26710721273966503,0.41597349938662015,0.11551364258097245,0.23276478801600198,0.26169446678434716,0.3390173160231902,-2.6813105621427678,-2.2767064441313236,-2.2330874241969365,-1.7794993436798785,-2.600772364576487,-2.2560032947038855,-2.170937529216739,-1.9435749161431881,0.8517102234178628,2.8878878878878886,20.0586777950823,1.5225225225225214,0.6125827814569537,0.9429458217356579,0.8747708823690794,0.9453763039957341,0.2067587025264925,-0.17539211277610767
4,2.0,14.0,1,5.919210439670685,39.710256104055574,5,0.2469012062542736,336.2535175717552,0.2670938783031161,111.21684044545862,416.39606700099006,0.34219665339118044,0.5368407953401726,6.880426863268956,0.9507377688981573,0.10193548387096774,0.29569892473118276,0.34472727272727277,0.2764516129032258,0.22236559139784945,1.243230174081238,0.28731182795698923,0.18096774193548387,1.5876411170528817,0.21062093570561782,0.2735604354823817,0.25132665408823046,0.2643300569308737,0.14895505659512115,0.3075399450101729,0.26550776296171846,0.2932663065652529,-2.502465571434574,-2.3029366779042433,-2.373421537432918,-2.3321985440738313,-2.228279549187347,-1.813058865010973,-1.9231111629443531,-1.8504313409134332,0.8502754222117176,2.953953953953954,22.199661191199525,1.5225225225225214,0.6059602649006622,0.9214882316937338,0.8816707733780714,0.9491529834554069,0.20432010080507676,-0.2007073545737541
4,2.0,15.0,1,5.649226588851716,34.94647683327907,6,0.18185284750059905,375.39546435229425,19.533194886865893,124.66496236499843,6.382210544001845,0.3881948190103166,0.695034176060962,15.780097435644235,0.9672822772622152,0.11806451612903227,0.21591397849462365,0.5468127490039841,0.2756989247311828,0.36161290322580647,0.7624145108534046,0.44333333333333336,0.2738709677419355,1.618767177071064,0.3618046300767922,0.307332214082905,0.375052875857682,0.4742188643641645,0.3674625560119488,0.30842065149066955,0.3557613678972802,0.46018950942501546,-1.5573859356507969,-1.6903147824395277,-1.5250562876721765,-1.2830618717404412,-1.3195462722845601,-1.4427145143548377,-1.3439563041407974,-1.1261071219552594,0.8273929309804032,2.8218218218218207,16.37624074521689,1.5665665665665658,0.5860927152317881,0.9628635562878617,0.8809672553493317,0.9655740909246919,0.21622615404039516,-0.20797102705855722
4,2.0,16.0,1,11.713353488096681,161.2119912438897,4,0.4779970992326229,742.4856959696328,19.599161123242197,359.49597988766436,18.342416679321357,0.7704842443240058,0.7396827724261695,2.5252490453771763,0.9965916630480439,0.10193548387096774,0.1696774193548387,0.6007604562737642,0.2595698924731183,0.2724731182795699,0.9526440410418312,0.31978494623655906,0.21129032258064515,1.5134860050890582,0.04087131558304216,0.05586712644807257,0.10489583313730665,0.1866402244326387,0.05791688118234442,0.07420108406812559,0.09940772227516428,0.19433568472601956,-2.031146525921465,-1.9993899017721233,-1.895561824392917,-1.722451751583439,-1.4160894399850332,-1.3916118888172875,-1.3537226055157154,-1.2110319209032352,0.8158648028524076,2.5795795795795793,22.199661191199525,1.5665665665665658,0.6490066225165563,0.9406600343788778,0.8897997068430047,0.9733669349592291,0.18668884677549338,-0.13337691364119086
4,2.0,17.0,1,7.496430368806403,64.65392422606446,6,0.20558123589212418,138.68470994835002,71.84260182527399,208.62114339535958,2.903863976178649,0.4569699303050654,0.6544414544764701,37.809820100030265,0.9810445081990798,0.10516129032258063,0.31924731182795696,0.3294038396766588,0.2826881720430108,0.27838709677419354,1.0154499806875243,0.375483870967742,0.21387096774193548,1.7556561085972853,0.25887898842551166,0.36367345597070033,0.403048017422379,0.4843406884586112,0.2761806314820199,0.35572347355444905,0.3805216485226593,0.46889268496410746,-2.552856395294999,-2.191882650810384,-2.056253516776918,-1.776233773841051,-2.3110495534830036,-2.057080873381719,-1.9779039216723204,-1.6957481060204131,0.8287639178649273,3.0860860860860853,15.566543592710588,1.6106106106106102,0.5894039735099338,0.9907389175279481,0.8922010699215895,0.9598812680390443,0.21261431174360726,-0.17018777342315033
4,2.0,18.0,1,7.333776264250191,68.9396406422444,5,0.20183499579841635,194.6415700015582,4.279904820567871,101.69829479853821,23.761812251012763,0.4293087384885377,0.6248383910542971,32.49174621749384,0.9656676689247432,0.10838709677419356,0.3290322580645161,0.32941176470588246,0.2596774193548387,0.35784946236559134,0.7256610576923077,0.30333333333333334,0.21774193548387094,1.3930864197530866,0.6033532546425436,0.5005332140044789,0.4640432129074037,0.49103789145337445,0.7542936160968189,0.5596522403730723,0.49068071201079,0.5497964546339379,-1.241723895316996,-1.5636075433542191,-1.6778414475339902,-1.5933331595188573,-0.6482833773485006,-1.16183441506053,-1.3438121668685867,-1.187838387622785,0.820259194189338,2.6456456456456454,14.796880626863963,1.5225225225225214,0.6622516556291391,0.9429361529889373,0.876294440406043,0.9383456434593316,0.20423496354261078,-0.1822341270063623
4,2.0,19.0,1,4.109326524564005,22.705849984063555,4,0.3422695854090413,281.02278571848314,9.727189677066697,34.23571543423306,3.519589580426181,0.5614206894312106,0.5784088327104708,18.108093744009484,0.9364320723418782,0.10193548387096774,0.3120430107526882,0.32667126119917295,0.2665591397849462,0.3480645161290323,0.7658325610132838,0.34946236559139787,0.228494623655914,1.5294117647058822,0.3244301262444975,0.2681480843813126,0.3920154405225012,0.4755994013331075,0.399470891126588,0.3424847239664799,0.43492543756900637,0.545085356369006,-2.0598372915393366,-2.2314432988192348,-1.8537671926221941,-1.598916634388806,-1.5172398909569627,-1.6612157362082596,-1.427663796503958,-1.149344193476736,0.8660796321964939,2.2492492492492495,12.080421346773264,1.39039039039039,0.6589403973509934,0.9355798647016021,0.8682331433053603,0.939953752938681,0.21647619655563313,-0.2218464488552368
4,3.0,0.0,1,5.193772358112485,30.81025953176961,4,0.13272185392644298,399.12924901626195,18.068420139334897,68.62913961277256,3.798292218331094,0.360303936260986,0.6878512193048334,12.038032763903479,0.9688783318508374,0.10838709677419356,0.31924731182795696,0.3395082519366791,0.2886021505376344,0.29559139784946237,0.9763550381957075,0.3373118279569893,0.19451612903225807,1.7341072415699283,0.2945317217291899,0.4061776204660614,0.439631036118104,0.4209772404591895,0.3626654171491781,0.4573254589664511,0.42589269364889115,0.42359347511955825,-2.2470876737953445,-1.891468391385708,-1.7849111438474985,-1.8443280100422292,-1.8142742421734073,-1.5448093798338498,-1.6342877449036437,-1.6408328360804596,0.8440230078307053,2.7557557557557555,16.37624074521689,1.39039039039039,0.5794701986754967,0.9274838945143855,0.8723875587358066,0.9539072896201033,0.2153828098550199,-0.17784122305191197
4,3.0,1.0,1,4.647765580564697,21.745453365892025,3,0.24045288113677443,13.41801501072706,17.943944172125853,206.15003505384172,11.48855753653511,0.32308505900229423,0.6683356110233426,18.43940372225447,0.9732302150062131,0.11161290322580646,0.18634408602150537,0.5989613387189845,0.2661290322580645,0.27548387096774196,0.9660421545667446,0.2703225806451613,0.21419354838709675,1.2620481927710845,0.0715141132545694,0.1464272717394509,0.17094018967480795,0.29258426947387156,0.08439326795815437,0.14807319305554756,0.17123392846777163,0.25305367101369985,-2.145611271802826,-1.9724966132538126,-1.9158504177890234,-1.634746620207538,-1.8346238849439473,-1.7070268419268153,-1.660619102781674,-1.4966748582914924,0.8306041042701713,2.9759759759759756,18.124175473742394,1.6546546546546546,0.6026490066225165,0.9115411971190819,0.8909173094635215,0.9639188390338659,0.181895526643485,-0.1699625036109787
4,3.0,2.0,1,4.444002961587995,21.651814549376592,5,0.1890717190421375,421.2273673821603,24.702162171488467,63.09971380324999,2.5544206764248534,0.5373508848302605,0.6761238159747888,14.1666491527358,0.9706532702211027,0.10193548387096774,0.2527956989247312,0.4032326669502339,0.29236559139784946,0.21569892473118282,1.35543369890329,0.24946236559139784,0.16161290322580646,1.5435795076513639,0.0375369170434391,0.13339624010196,0.1485531503950052,0.19154466955866428,0.04542682241424277,0.1382795274162235,0.15482820250214013,0.19117160768738165,-3.263768703314958,-2.938704122595368,-2.887306151775093,-2.741519391494077,-2.5507757457121225,-2.3026581226695066,-2.258437354661352,-2.1613218284346853,0.7975171507703234,2.8218218218218207,22.199661191199525,1.5665665665665658,0.5662251655629139,0.9312223712122524,0.8981264114996342,0.9686218801814672,0.1899632019697461,-0.21579298802321345
4,3.0,3.0,1,4.7847807783509415,26.347390485857883,4,0.11976169014267413,543.6677649605911,6.142067579254117,53.01629805866208,8.631669608737893,0.35699874404622156,0.5547855463463738,13.177470148734391,0.9063052789615359,0.10838709677419356,0.2894623655913978,0.37444279346211,0.2625806451612903,0.2890322580645161,0.9084821428571429,0.26419354838709674,0.15505376344086025,1.7038834951456305,0.318756896628876,0.3713216429315908,0.3620696235231137,0.38177362596570824,0.360780550570132,0.4218056289342721,0.39332156515196404,0.4211125512095837,-2.491357552939612,-2.2991243001234283,-2.3329596348507673,-2.260900607661239,-1.9900842651251325,-1.8000946639970339,-1.8887742046313982,-1.8022524254287948,0.8324323568785473,2.931931931931931,17.22805447131392,1.6326326326326315,0.5894039735099338,0.9343280976863884,0.8821212451283246,0.9499434946826579,0.20797467035607534,-0.2107078511079833
4,3.0,4.0,1,4.7999631918260315,25.167962297800482,4,0.14803023919210967,665.200119163836,14.933938224775597,109.99632817732157,7.365527198635136,0.2970769551906973,0.5505152976898298,47.68737298401078,0.9349000462566167,0.12451612903225809,0.22602150537634408,0.5509039010466223,0.2789247311827957,0.28236559139784945,0.9878141660319879,0.37548387096774194,0.25763440860215053,1.4574290484140233,0.07574034556187531,0.16148548790173056,0.17450126016760964,0.23874458822080796,0.09896424116863303,0.15037984954721947,0.21061091099896834,0.26981748006990014,-2.3095180595087657,-2.095260135560509,-2.062736633141944,-1.9022069317432546,-1.5762733632519035,-1.486326817681202,-1.3809585047410837,-1.2773824403714675,0.8146609395038812,2.843843843843844,20.0586777950823,1.5665665665665658,0.5695364238410596,0.9338536701754296,0.9004531303189719,0.982955676006201,0.17940674216939592,-0.2013405001319542
4,3.0,5.0,1,7.77301171561871,75.34944260746012,4,0.43769813367946464,794.2649127324848,5.800126670252409,396.6327591534175,68.38346500045608,0.7100228964969143,0.8745670168156401,16.911479798533293,0.9845380045001206,0.12193548387096773,0.2730107526881721,0.44663253249310736,0.2565591397849462,0.2958064516129032,0.8673209741912032,0.22677419354838707,0.2120430107526882,1.0694726166328599,0.4292864480531629,0.4824820995172705,0.49829126605245083,0.5419488346397585,0.45709189655999033,0.5242868075323963,0.5493029394740636,0.5871181302988383,-1.7698197225356602,-1.6048565588029011,-1.5558313085081277,-1.4204463581066558,-1.4972961705517587,-1.3119780987785545,-1.2429856517678335,-1.1386944465862263,0.879696637629638,3.064064064064064,21.102034285685964,1.6106106106106102,0.6423841059602649,0.9598203174303845,0.861514703912048,0.9359560079996128,0.22248349675113047,-0.12143368428590151
4,3.0,6.0,1,4.960680444916862,29.706134286465357,6,0.18751898803326084,382.7887785306276,28.662473654702044,81.46346304671106,2.842164428238282,0.42558857982111353,0.6373622049540262,35.04024104255511,0.9527219755208376,0.10516129032258063,0.24225806451612902,0.4340878828229028,0.27268817204301077,0.3149462365591398,0.8658245134858314,0.4497849462365592,0.2021505376344086,2.225,0.4150991695788754,0.4458406030344492,0.45144401583860305,0.5295277964822163,0.49407478294300994,0.498563503952294,0.5120424113047674,0.5811930649097113,-1.6974202773470441,-1.6082066366951138,-1.5919451680470549,-1.365340954643974,-1.266119186217572,-1.254885795194898,-1.2211537284133893,-1.0480985686449003,0.8405454220228498,2.931931931931931,25.847135074695583,1.588588588588589,0.5894039735099338,0.9745819202815227,0.8914198692019406,0.9666720384719358,0.21392460275977973,-0.22241611312668652
4,3.0,7.0,1,5.406080699807454,33.74513723195402,4,0.22789524567377217,431.3150677044491,5.753546055814962,130.96895570580568,22.76317151810034,0.28001415441981303,0.6267426740403005,6.606837311864347,0.9445643975448961,0.10193548387096774,0.2793548387096774,0.36489607390300227,0.26924731182795697,0.358494623655914,0.7510497900419915,0.3164516129032258,0.22483870967741937,1.4074605451936872,0.1964367734900945,0.2291818519236816,0.21987624991246818,0.3033736095322266,0.2552127539858009,0.15977025431989655,0.18719653107885598,0.3253406354245539,-1.9056498656862169,-1.8279949254646826,-1.8500631568592656,-1.6520492023934374,-1.3948746631222484,-1.5736241318886421,-1.5222588342689756,-1.2635356726644382,0.8388132152710659,2.9099099099099095,33.30600343624582,1.7207207207207202,0.5662251655629139,0.9772042501556013,0.9069222324541659,0.9812175791041098,0.1963734907915445,-0.19755118798137972
4,3.0,8.0,1,9.245608209299196,106.7439652712349,4,0.39752709972134137,584.3684162865106,63.85383488414991,215.2494677391943,3.3709716594112424,0.6386000094499475,0.8152294524422184,565.6897308156299,0.9898551152543565,0.10193548387096774,0.21602150537634407,0.4718765555002489,0.27279569892473116,0.3153763440860215,0.8649846573474258,0.37516129032258067,0.2806451612903226,1.3367816091954023,0.3131072813611728,0.24585519160562216,0.18910844624612005,0.28462093946977085,0.46729510312277156,0.10358017752925497,0.10731008128029555,0.2831456643909143,-1.7929734915270403,-1.9685194114495106,-2.1166435761103983,-1.8673304536783828,-1.0364350994414901,-1.7440818984209814,-1.7368249665103144,-1.3947177864657359,0.8473792293991056,2.8218218218218207,24.569164629827903,1.588588588588589,0.5728476821192053,0.966752296278265,0.8966594646595547,0.9763127054331306,0.2017107065242621,-0.15048459638931252
4,3.0,9.0,1,4.054270827196674,16.689141836110487,3,0.20832329831574414,312.32304813830785,52.4047247342473,86.04129227885683,1.641861353440666,0.3678608373673441,0.5151110942805577,374.43690314669124,0.911514187613406,0.10193548387096774,0.34258064516129033,0.2975517890772128,0.26634408602150533,0.30881720430107523,0.8624651810584958,0.23161290322580644,0.15516129032258066,1.4927234927234925,0.36400018793490246,0.3739014591356022,0.3483622286697151,0.3841501690155994,0.396239253020832,0.4394833258265909,0.382412127834272,0.4027100672988027,-2.2065569059581045,-2.1722051374021856,-2.26081171288902,-2.1366479546265493,-1.8626226077293058,-1.7292131602597476,-1.9052797630698113,-1.8426599237938732,0.8178805092634005,3.042042042042041,18.124175473742394,1.6106106106106102,0.6059602649006622,0.933422484044559,0.8662790537779332,0.9401270757356041,0.229176416002455,-0.20341276147705123
4,3.0,10.0,1,8.266775754903797,85.14877717166021,5,0.05279218367815286,288.80424175844416,13.83301355765854,110.17552549698887,7.96467993310041,0.5984260554803498,0.7283767530498009,20.44998596597068,0.9877320848941393,0.11161290322580646,0.1564516129032258,0.7134020618556702,0.26623655913978495,0.2687096774193548,0.9907963185274111,0.2504301075268817,0.2013978494623656,1.2434596903363586,0.10125086051522021,0.1445045069297767,0.13957886180777831,0.2668019540118726,0.1175348029777458,0.1484467086228411,0.1555601949914241,0.26637711322171836,-2.2833998451253934,-2.173507812760583,-2.186022113820344,-1.8627937775999208,-1.834115560338706,-1.7698682593293253,-1.7550835901084878,-1.524761720463311,0.8159955719593055,2.7997997997997994,28.60595535175739,1.6766766766766759,0.5860927152317881,0.8969152433632863,0.8752768875740301,0.9512543739735579,0.20059201385259892,-0.13852348819626237
4,3.0,11.0,1,6.215928731524796,43.68284004395974,6,0.17538650309699777,544.0377883959402,17.557890021115103,182.42596301525882,10.38997070809041,0.6207167826257978,0.7533797271154448,10.378766022896485,0.9730429194459884,0.11483870967741935,0.239247311827957,0.48,0.2627956989247312,0.3423655913978495,0.7675879396984925,0.34258064516129033,0.2220430107526882,1.5428571428571427,0.34044584568399155,0.3303795616064371,0.38885111267081907,0.4069179314853673,0.44769080008400336,0.44737609312273446,0.4841283436852112,0.5087139142575932,-1.616423696431819,-1.6410939680258894,-1.497792921267103,-1.4535150801529617,-1.051662453868023,-1.052261693379492,-0.98228103396338,-0.9354671813572143,0.863689972743829,2.8658658658658656,23.354381399064817,1.6106106106106102,0.6291390728476821,0.9570197644402094,0.8878475634292166,0.970484697763305,0.20242402531839868,-0.16382819211375754
4,3.0,12.0,1,5.4516518893384935,36.002070289881125,5,0.23233814834811284,407.59629693282807,32.37026823228983,130.1250934591107,4.019895433838542,0.3676750605767284,0.6538051042207934,75.87751292127928,0.9428501352603007,0.10193548387096774,0.3921505376344086,0.25993967644639426,0.25311827956989247,0.3713978494623656,0.6815286624203821,0.3688172043010753,0.2738709677419354,1.3466823714173541,0.17460849289263594,0.445525218502002,0.465566930563993,0.4592881665733352,0.0991510912862874,0.49603342567444114,0.5046305980493829,0.4272551270906703,-2.772812974674739,-1.8626977077286586,-1.795369756372654,-1.8164625809393016,-2.526948695096528,-1.4136640063011414,-1.3895482935503776,-1.6065922878099466,0.8737598095167475,2.9099099099099095,19.06690840512252,1.6106106106106102,0.6059602649006622,0.9472738115735067,0.8929995542381377,0.9665428242822993,0.1907751040331572,-0.18251014511593389
4,3.0,13.0,1,8.93414963811167,100.32681671622413,4,0.11620068321472277,641.7373142089814,4.448107825982876,107.36350689287805,24.136893954263456,0.545581697188168,0.5857614504024947,14.54745008656252,0.9728598107769222,0.10193548387096774,0.11989247311827958,0.8502242152466366,0.26301075268817203,0.21892473118279568,1.2013752455795679,0.2774193548387097,0.2140860215053763,1.2958312405826222,0.06725294757464234,0.07679462139299112,0.08593668222998313,0.1880354389726823,0.09512398872704715,0.0951542685136169,0.09658857028088177,0.1653369883166635,-2.1810510596034325,-2.158739675463663,-2.1373627100541945,-1.8986242428579372,-1.6706365206961864,-1.6705806163328791,-1.667932522136282,-1.5410050575114957,0.820430586910589,2.9099099099099095,22.199661191199525,1.786786786786786,0.5662251655629139,0.9242253524873006,0.8915900922289404,0.9742696904016133,0.18982917138198058,-0.16561038936738992
4,3.0,14.0,1,4.142257410667713,18.05935548018733,3,0.32989950073352836,783.2822210625777,12.407290108617186,186.04740181536778,14.995006982721636,0.5351082777716282,0.7538624532170289,16.099379825080856,0.9669629014270162,0.11516129032258064,0.26602150537634406,0.43290218270008085,0.2534408602150538,0.24591397849462365,1.030607783121994,0.1767741935483871,0.17483870967741938,1.0110701107011069,0.2295936343779894,0.3232566153817089,0.37093502972819564,0.416964519069865,0.2570412472248088,0.30946671783431956,0.3847976875407723,0.4237400955330815,-2.7426757949130742,-2.4092320406277636,-2.2394950825713917,-2.075628359887086,-2.3749143735470417,-2.207333060014595,-1.9665328782268108,-1.8420510222206632,0.8369635101140346,3.042042042042041,21.102034285685964,1.5665665665665658,0.6357615894039735,0.9279609047588917,0.8829231157412578,0.9518359814175661,0.20443011337464861,-0.17153905167889866
4,3.0,15.0,1,4.3673599029005095,19.866892339536687,3,0.2664846013504243,599.0084879962812,70.2621221067178,159.00809232063824,2.2630698810822767,0.5089424348967799,0.7487833199821048,34.31363634029933,0.9784239873203121,0.10193548387096774,0.31247311827956986,0.326221610461115,0.2824731182795699,0.2952688172043011,0.9566642388929351,0.34172043010752684,0.20376344086021508,1.677044854881266,0.39610695284306,0.3710406168062824,0.3962181493409102,0.46319699712640555,0.43160514655319226,0.41892232256021217,0.426019957972948,0.4521091303742309,-1.88900499522479,-1.9674136376298923,-1.8886571675078137,-1.6791442767122344,-1.5790689409363352,-1.6143033441495782,-1.5945852633710902,-1.5221064195114413,0.8404555805798171,2.953953953953954,14.065272421052393,1.5005005005005003,0.5463576158940397,0.9502796633747428,0.8772432957677382,0.9487595597748943,0.21619858343911244,-0.18857310497408783
4,3.0,16.0,1,5.736152788512298,34.932074518093316,5,0.07848828999840807,495.5912629419955,1.8725104755225808,93.71055565872283,50.045410631184886,0.4073324010522291,0.6277556067837368,3.4709397203942185,0.9779261644281131,0.10516129032258063,0.31913978494623657,0.3295148247978436,0.28537634408602147,0.29537634408602154,0.9661448853294501,0.370752688172043,0.24440860215053767,1.5169379674439065,0.16883672485294207,0.2748223491581829,0.3409537220136375,0.3316934335372318,0.2315464212036271,0.3679813626788753,0.3378906826940142,0.34342586056515867,-1.9168280580354256,-1.6724040988792148,-1.5198919814696605,-1.5412480510986224,-1.378645295990372,-1.1338739845362877,-1.187858214109735,-1.1779278199452938,0.8361184580268732,2.8658658658658656,27.19157943036019,1.6986986986986992,0.5728476821192053,0.9740957617944531,0.900814784716722,0.9715650109518863,0.19557676113355565,-0.20233595648101643
4,3.0,17.0,1,11.707826100459602,164.5297597452316,4,0.18094447553006676,809.4188438922467,3.683817289544863,161.4365422946372,43.823167547645326,0.6544136818852007,0.7080688683563983,48.88852573768721,0.9849363669134297,0.10516129032258063,0.13989247311827957,0.751729438893159,0.28935483870967743,0.1393548387096774,2.0763888888888893,0.2570967741935484,0.1978494623655914,1.2994565217391307,0.06294408814248421,0.059688558869300815,0.06709244259991325,0.13081679604232047,0.06654463314794097,0.06943787033221321,0.08138335183222863,0.13371743983222836,-2.494949474213675,-2.503617453301833,-2.483904311762378,-2.3142356291321406,-1.8967057941698098,-1.8908269702579361,-1.8665547181719737,-1.760216084888478,0.8473554487274828,2.9099099099099095,21.102034285685964,1.742742742742743,0.5993377483443708,0.9375396530901307,0.9138001479783575,0.9825705848741431,0.16237767178816934,-0.15797445817484096
4,3.0,18.0,1,7.798293101174681,76.59172124314655,3,0.18976317346300264,497.1856542076946,0.453216742932476,138.24184030093414,305.0236833848183,0.4170328602636756,0.7151739519348391,21.095975185778336,0.9679152955900787,0.127741935483871,0.2791397849462366,0.45762711864406785,0.30483870967741933,0.35505376344086026,0.8585705632949726,0.3770967741935484,0.23795698924731182,1.5847266154541348,0.3350436952567262,0.33288146581763894,0.33384309927990347,0.4071656258649063,0.3256135026705103,0.35567911018376225,0.3670518630930581,0.45124174864771316,-1.8103558138732285,-1.8162425234330255,-1.8136244585815346,-1.6140025265174684,-1.501727823922662,-1.4347775520465493,-1.409452638890492,-1.2219781059172745,0.8351672723221368,2.9099099099099095,19.06690840512252,1.5665665665665658,0.5960264900662252,0.9370459441146128,0.8877278117753225,0.9626768574398815,0.19563224064971993,-0.16597234462051272
4,3.0,19.0,1,4.850716756881456,26.99421903111722,4,0.13655765526871766,409.3004814962197,20.724656221011045,81.24183256118837,3.92005694544761,0.24123497720141351,0.5415765896447406,954.9630543664709,0.9332606944622017,0.10193548387096774,0.2924731182795699,0.34852941176470587,0.24989247311827958,0.26591397849462367,0.9397492923574606,0.32978494623655913,0.20440860215053763,1.613361388742767,0.16515986207382172,0.19001306922945072,0.17791274723823358,0.22000716030107745,0.23211725824758042,0.22629247396906194,0.2169446732747453,0.24595943185074867,-2.136803434204811,-2.073190754377182,-2.1041619648056185,-1.996419796805696,-1.464467991119331,-1.4755767316434354,-1.4934043948527271,-1.4380688821575975,0.8234593321833967,2.843843843843844,20.0586777950823,1.6106106106106102,0.5629139072847682,0.9648487553206603,0.9081647371175781,0.9813853592158602,0.18837712881137905,-0.20864298789117583
4,4.0,0.0,1,4.563368968202633,21.6737296229124,4,0.17055937036936641,362.02273224426006,3.586096438095176,173.89904796691798,48.49257429877926,0.19655009450665595,0.588044035200511,17.26171933579679,0.9458406447170546,0.11161290322580646,0.24591397849462365,0.45386969829470925,0.3163440860215053,0.17935483870967742,1.7637889688249397,0.28161290322580645,0.16139784946236557,1.7448367754830116,0.17835687640070635,0.2046477738223931,0.32258829949899925,0.33795214707910365,0.22962086756542918,0.2338957083735395,0.3095651567387675,0.3403474095972896,-3.291951677012087,-3.186615964496974,-2.7140817216641473,-2.652525746382416,-2.882675643277957,-2.8666796499318146,-2.5835327336162335,-2.4683488626823706,0.8338289385467719,2.931931931931931,18.124175473742394,1.5445445445445445,0.6158940397350994,0.9622184399879158,0.8924390711119313,0.9503372398918767,0.1989850286581552,-0.2029156815670979
4,4.0,1.0,1,5.438127112754455,31.9140601150552,5,0.4003596315698301,-28.263482456740746,4.068114144434602,260.3572814523215,63.999502523424574,0.4470307846820978,0.7900616831152761,84.23751037081271,0.9845187454023184,0.10193548387096774,0.1295698924731183,0.7867219917012447,0.2860215053763441,0.33516129032258063,0.8533846647417389,0.3260215053763441,0.22752688172043012,1.4328922495274103,0.03616939046680299,0.1313932347805616,0.13623569753877335,0.31885932205208206,0.04024029304316439,0.06827129030543831,0.08482089527509407,0.23767975419156542,-2.90967718326116,-2.6222089867112004,-2.6075902318605064,-2.0562736539110014,-2.532555279350549,-2.4585887962949884,-2.4149187097793092,-2.01156409159901,0.8477340493392985,3.02002002002002,17.22805447131392,1.5445445445445445,0.6225165562913907,0.9452701501551385,0.89360103334327,0.955490964419902,0.18215028834166083,-0.1780039219910544
4,4.0,2.0,1,5.1233862970915744,28.39660442219328,4,0.32880802721058744,45.19302737139367,24.08828124512889,151.37288518586126,6.284088252102742,0.41128065418228976,0.7226559014169447,11.110021287286388,0.9761144225342346,0.10516129032258063,0.24612903225806454,0.4272608125819134,0.2794623655913978,0.19591397849462364,1.4264544456641053,0.1813978494623656,0.10817204301075267,1.6769383697813123,0.08860358610542572,0.11851506140487392,0.11848830418834058,0.15883024371815904,0.04040700480733407,0.07153135731486442,0.08412437025108843,0.15581683407999614,-3.9974383513543175,-3.8662448589456093,-3.8663622176732884,-3.6894200948099796,-3.7136377839492094,-3.593186121575713,-3.544450992319863,-3.267000194082233,0.8324544590315357,2.8878878878878886,28.60595535175739,1.588588588588589,0.6324503311258278,0.9127982554584204,0.8913581275383392,0.9595657650107176,0.18898269107542653,-0.2264523911303044
4,4.0,3.0,1,6.22541292261503,42.42936468919874,5,0.10226996393980614,243.0593395804005,7.419015806348532,61.71648670104859,8.31868920514189,0.44186857720851935,0.521613066161797,24.775453261475807,0.9381326492235174,0.10193548387096774,0.05,2.0387096774193547,0.2665591397849462,0.22591397849462364,1.179914326511185,0.2326881720430108,0.16483870967741937,1.411611219830398,0.0348081842653871,0.04093912345553607,0.04707711472620504,0.12074724257633199,0.0359164058887201,0.041750478304556596,0.049273950419894866,0.09527273896592894,-2.7549712688903063,-2.7374715750006327,-2.7199517521802097,-2.5096732538610937,-2.5503069730509957,-2.534874000584425,-2.5149720299311547,-2.3932906405813132,0.8557256871045908,2.9099099099099095,21.102034285685964,1.5225225225225214,0.6357615894039735,0.9333868945852043,0.8915227920155926,0.9686991221070229,0.18461363342565965,-0.20212363584374504
4,4.0,4.0,1,7.128926187071327,59.24141517043046,5,0.33117778723771263,276.0406516147003,56.85098044416597,135.49009481516293,2.383249923864187,0.6551783623248273,0.7545944646019465,31.63425363520989,0.9827410378586754,0.10838709677419356,0.29978494623655916,0.3615494978479197,0.2595698924731183,0.29236559139784946,0.8878264067671939,0.22752688172043012,0.12193548387096773,1.8659611992945329,0.26036069169014536,0.2601191168585125,0.2526871313566641,0.3022819449792868,0.3195051515519369,0.31149302224833814,0.2867419424479487,0.31213230139094805,-2.399003347438989,-2.3997868899349504,-2.4238923666135683,-2.263032711698579,-1.905782109188818,-1.9282207400147962,-1.9975381862442028,-1.926430385898902,0.8407219391659018,2.953953953953954,19.06690840512252,1.4784784784784788,0.6125827814569537,0.973889839995645,0.903661939523754,0.9734866370277317,0.19899897242340864,-0.15668967633817193
4,4.0,5.0,1,5.733204183498812,42.45694199208995,4,0.28354032805236473,407.70916666101607,33.31908281785986,80.41592942028508,2.4135096953263115,0.44327557497229475,0.5511546362463589,82.27484231581428,0.9386146032663555,0.10193548387096774,0.28935483870967743,0.3522853957636566,0.2532258064516129,0.2990322580645161,0.8468176914778858,0.25161290322580643,0.19505376344086023,1.2899669239250273,0.10124465200658016,0.109869299182854,0.16643250124821668,0.21250583552399327,0.1003893196305776,0.11453722556735385,0.17553013050378852,0.23089034804378455,-2.7454699397263487,-2.719123827165159,-2.546337571915797,-2.4055952057540613,-2.2118572450846568,-2.1770720330680717,-2.0271098309441333,-1.8909966200549302,0.8478471166174171,2.843843843843844,22.199661191199525,1.6106106106106102,0.6225165562913907,0.9313787808112917,0.8759148629744922,0.9527719993246628,0.21166676259941475,-0.19954556135868523
4,4.0,6.0,1,5.836038419500005,39.71205936836903,7,0.24284360745417388,181.69529088910843,14.776090432458066,143.9866694235794,9.744571480646156,0.38694690689354194,0.5553588435640653,71.97740739989416,0.9636723045303651,0.10193548387096774,0.42236559139784946,0.24134419551934824,0.24989247311827958,0.31247311827956986,0.7997247075017208,0.26161290322580644,0.19451612903225807,1.3449419568822554,0.21106322233983635,0.34158699265873993,0.28797293673172863,0.21201193789515366,0.2565483314485655,0.3430270465975925,0.20672970299836882,0.1658566826696014,-1.7747807111991114,-1.4811563340950218,-1.601765735257199,-1.7726464944713967,-1.33556544509746,-1.1802117232953329,-1.4250615636681168,-1.498487444457691,0.8149027114367886,2.9759759759759756,27.19157943036019,1.742742742742743,0.6258278145695364,0.9541784115913245,0.8959946266687357,0.9771095610462516,0.19945774808998898,-0.18083001097236928
4,4.0,7.0,1,5.233336689806912,30.57160681131632,4,0.10941066591366422,307.3187318306942,22.50527569454739,60.00273051515559,2.666162873520947,0.3141395400797795,0.4461594711965633,35.08872107524461,0.9368643745773793,0.10193548387096774,0.3193548387096774,0.3191919191919192,0.2596774193548387,0.3119354838709677,0.8324715615305067,0.26483870967741935,0.18806451612903224,1.4082332761578045,0.2099539676036211,0.21479945880840548,0.25309770185988445,0.31762818333027937,0.2894794111835468,0.2170535914971545,0.285626424281846,0.3462816115102728,-2.401581110789731,-2.3868517916453627,-2.2704328320945097,-2.0742731413744715,-1.7891014709355777,-1.9714707682848382,-1.7988033495888214,-1.646072680839285,0.7983124159276428,3.02002002002002,19.06690840512252,1.5445445445445445,0.6192052980132451,0.9507885884143737,0.8907652480326139,0.9685569021253428,0.1915912303070536,-0.19363433850070222
4,4.0,8.0,1,7.440188344947446,73.77963577127622,4,0.23397412303845389,279.27807423238414,29.81414451191,48.9572038543805,1.642079779777794,0.5963259336818634,0.5991011025161186,22.763498979202463,0.9602822104233933,0.10516129032258063,0.2093548387096774,0.50231124807396,0.26634408602150533,0.22537634408602153,1.181774809160305,0.22569892473118278,0.1718279569892473,1.3135168961201502,0.08553870599367083,0.19866437212507945,0.2054296122611034,0.29155911194053946,0.10255193804728632,0.13729745148491215,0.17130940668824968,0.28232537330525076,-2.6453632522028667,-2.318112135040846,-2.2985415771993436,-2.049385254371948,-2.124285794637091,-2.0420421487348177,-1.9615348566146749,-1.6987568186864737,0.8269361786076519,2.491491491491491,17.22805447131392,1.5665665665665658,0.5695364238410596,0.908942098245319,0.8793396449332509,0.954778559395606,0.19731771162675357,-0.2119176979063687
4,4.0,9.0,1,5.6719708955327555,36.3065863852371,4,0.28017145062727977,177.08979231863165,40.057672465981135,124.05241370061097,3.096845274921106,0.47268931831527017,0.6615598684181538,21.531515987149252,0.9694985198090166,0.10193548387096774,0.20290322580645165,0.5023847376788552,0.2825806451612903,0.2454838709677419,1.1511169513797634,0.25043010752688166,0.15806451612903225,1.5843537414965985,0.1416188806781669,0.14669969604728497,0.19110274523714074,0.2628380625783476,0.17830769207754174,0.1511408787580349,0.18875977395922705,0.24647337278740294,-2.8198551323308103,-2.8031642208317877,-2.657296420002157,-2.421639788908272,-2.433305522031394,-2.513755535045986,-2.40235341463765,-2.2314441614161176,0.8836190557322456,3.02002002002002,20.0586777950823,1.588588588588589,0.6556291390728477,0.9304146003984372,0.8864159263991502,0.9603941947749548,0.18895677039585776,-0.19539252553050263
4,4.0,10.0,1,6.45111517989231,46.28243024080761,4,0.2726460949519667,40.364494554077595,3.7423035628733383,206.98062214211913,55.3083464942645,0.5197082204287921,0.7197331026901945,48.41077419935692,0.983943699866648,0.10193548387096774,0.06333333333333332,1.6095076400679118,0.25311827956989247,0.17268817204301073,1.4657534246575343,0.28086021505376346,0.22473118279569895,1.2497607655502392,0.03493103067922497,0.03780211388205768,0.045074661701054286,0.13087061042396525,0.05048789272643019,0.05494337541583691,0.06454217119157422,0.11625144408123403,-2.2392713437750804,-2.2326095045220558,-2.2157348474301646,-2.016660568290895,-1.5239540310619402,-1.5168030418825134,-1.5013971050822144,-1.4184044246731644,0.8445904152201014,3.02002002002002,28.60595535175739,1.6326326326326315,0.6225165562913907,0.9411204300666306,0.9030762008365752,0.9795364417710715,0.1724655321269855,-0.17457477099262442
4,4.0,11.0,1,7.605236610978367,63.06528476395968,4,0.12650085925370058,268.54598419300885,21.850965390628797,104.60883789454239,4.787378315989915,0.18464893927665427,0.6358610679173646,836.3743346016673,0.9776302023638324,0.10516129032258063,0.2929032258064516,0.35903083700440525,0.2664516129032258,0.3653763440860215,0.7292525014714537,0.26688172043010755,0.23795698924731182,1.121554450971532,0.2032682773992373,0.2389117958550454,0.3301207027871376,0.4233177255785278,0.26298095622114864,0.26360107670526595,0.3582681117400173,0.4397979590850535,-2.1572421083799695,-2.0607332124461024,-1.8137746828535584,-1.561433102572364,-1.6718270928181918,-1.670420434150536,-1.455681187853183,-1.2707418585165833,0.8516604092420627,2.931931931931931,18.124175473742394,1.6106106106106102,0.6158940397350994,0.9582189140338078,0.8754224772364179,0.9593892456903772,0.21388349891316502,-0.17244658020035403
4,4.0,12.0,1,7.3802898488927715,66.05229243012064,3,0.24406166657158435,359.397478020253,4.105655269796142,89.94907864634321,21.908580417860907,0.5308898333275396,0.5352656803250546,13.362499126491967,0.9558423316557292,0.1086021505376344,0.27602150537634407,0.3934553954031944,0.3041935483870968,0.22215053763440862,1.3693126815101644,0.12849462365591396,0.15161290322580645,0.8475177304964538,0.232136591799958,0.273898902076062,0.33808972343252336,0.34641134507643584,0.25545252141851194,0.28399679085248747,0.33718279621424907,0.3364844464802837,-3.32490204043731,-3.1440683281291704,-2.866117600660928,-2.83008439932835,-3.0821174458387572,-2.963956021172071,-2.7437880403305126,-2.746678918293665,0.8494160708869276,2.623623623623624,17.22805447131392,1.5225225225225214,0.6125827814569537,0.9428540196463222,0.8742123913295617,0.9413778158750381,0.21257234787068158,-0.1838394017775013
4,4.0,13.0,1,5.127307931941045,26.975946594149654,4,0.2581847988294761,256.6332479480419,75.94350895154565,122.78386349122633,1.6167789082483177,0.5774206193272824,0.7754516564809899,10.630490134445182,0.9860291389079022,0.10838709677419356,0.33279569892473115,0.3256865912762521,0.2693548387096774,0.34161290322580645,0.7884796978281398,0.3166666666666667,0.2837634408602151,1.1159530125047366,0.09645664248477852,0.3540211034399025,0.3278640721968041,0.32693282062984,0.07315665510677959,0.24743470453955457,0.2130965368409899,0.28574481650799755,-1.9700758589668603,-1.4084851810707484,-1.4655176802481904,-1.4675481707779934,-1.5388132246926443,-1.2494640388583445,-1.306474780595237,-1.1858587842472885,0.8295938154872899,2.953953953953954,23.354381399064817,1.6546546546546546,0.5960264900662252,0.9517531244213201,0.9118753202213504,0.9787630431229629,0.1866288611627284,-0.1799259603316762
4,4.0,14.0,1,7.154920568304115,57.466390019945685,4,0.29664023864910805,166.22145369860044,19.96052767620097,114.22587831772005,5.722588108425214,0.7082625916101218,0.7195040570390189,7.755094413309244,0.9832004698290349,0.10516129032258063,0.4123655913978494,0.25501955671447196,0.24989247311827958,0.3452688172043011,0.7237620678916226,0.3116129032258065,0.2511827956989247,1.2405821917808222,0.1499220514094164,0.2477223296796778,0.254726669816113,0.28697725792603335,0.12177605964297963,0.31088454372887375,0.3342664223045514,0.38706098617341617,-2.5240351087298047,-2.233648401949609,-2.2128512498211954,-2.1170934233752967,-1.7780983904726477,-1.3952194051410078,-1.347879223723569,-1.2409885723450929,0.8291111008720029,2.7337337337337337,23.354381399064817,1.742742742742743,0.5463576158940397,0.9148313055043956,0.8830787574734904,0.9642059171215236,0.188357852203694,-0.1416218059264287
4,4.0,15.0,1,6.02404644075889,48.30080939281641,5,0.1447118290025594,231.98752314670745,1.256795788348263,59.69703395481874,47.499390520137915,0.2571980371915332,0.4752806064408672,31.041891016314537,0.8863933616785793,0.10193548387096774,0.26591397849462367,0.3833400727860897,0.2896774193548387,0.28172043010752684,1.0282442748091605,0.26999999999999996,0.17763440860215055,1.5199757869249393,0.15024921437552996,0.16065022557321657,0.21449739724618158,0.2897815748171185,0.1802171340751464,0.15741284792146615,0.21282529047841914,0.2723716641914746,-3.17444429107279,-3.1355888628973205,-2.934430064812724,-2.653188279878634,-2.6789032366440435,-2.7534235499193525,-2.57234563540512,-2.3777587760050327,0.8114027282419736,2.843843843843844,22.199661191199525,1.6546546546546546,0.6026490066225165,0.9290824355153982,0.878477960574711,0.9503282813150037,0.20968103013017725,-0.21549235673170364
4,4.0,16.0,1,8.677091120317847,94.23981445421133,4,0.25184550947865836,303.812254547017,1.9842794838516657,109.57897704839338,55.2235599572348,0.5217975897681792,0.5866512387730645,43.57626217010855,0.9559399491738102,0.10193548387096774,0.2982795698924731,0.3417447728911319,0.2732258064516129,0.35774193548387095,0.7637511271415689,0.2887096774193549,0.23548387096774195,1.226027397260274,0.5674015985309524,0.5315447693862184,0.4815896432788211,0.5055709828929389,0.688547276212513,0.6624383730689934,0.5917031733444056,0.6192045053453333,-1.2850491853332813,-1.3915631921456064,-1.5399566995870002,-1.4687192635963178,-0.7351402515092198,-0.7967666370169388,-0.9637271049933553,-0.8988140874472466,0.8435047176781485,2.711711711711711,23.354381399064817,1.5225225225225214,0.6192052980132451,0.9511956600641338,0.868843180224495,0.947732015071802,0.21773377030946395,-0.16788069212314827
4,4.0,17.0,1,4.886750294345232,23.58810337279612,4,0.29155368452842734,278.5467488626799,43.309715312527615,252.50923426570628,5.830313878619894,0.4031406577632777,0.569630304345788,5.954011327560612,0.9879209107674551,0.10838709677419356,0.3158064516129032,0.3432073544433095,0.29268817204301073,0.34172043010752684,0.8565135305223411,0.43623655913978493,0.2413978494623656,1.8071269487750556,0.5708062640598011,0.48962939229902863,0.486284801734239,0.4997089642068819,0.688921663314892,0.5651742743414229,0.556474619962473,0.5495327156849104,-1.3175235659998619,-1.5667174209024144,-1.5769845252861212,-1.535775511895529,-0.7987384393433243,-1.1164776859740968,-1.1388153017512528,-1.1566396409444506,0.862038023715868,2.8878878878878886,17.22805447131392,1.4784784784784788,0.652317880794702,0.9711344549525788,0.8827447335383208,0.963124852709744,0.21260208921038592,-0.16306602065820883
4,4.0,18.0,1,7.327652245643427,65.72524518835375,5,0.09416504332241526,362.1910226705544,3.2606137757405333,47.78766976383969,14.656035044502136,0.23252752048746594,0.5392243244465817,31.408351796793575,0.9331042760027239,0.14064516129032262,0.30634408602150537,0.45910845910845927,0.301505376344086,0.24258064516129033,1.2429078014184396,0.2937634408602151,0.16161290322580646,1.8176979374584168,0.12896043491934783,0.1775646670768263,0.1892754204857974,0.211890330881971,0.17561724873147525,0.1993205860762267,0.2088996791168169,0.22986338947834717,-2.2764341291474333,-2.1494085182108686,-2.118802837588608,-2.059699490373038,-1.6887042102255099,-1.640149184651668,-1.620526922149335,-1.5775838767071662,0.844608663008406,2.8218218218218207,20.0586777950823,1.5445445445445445,0.5960264900662252,0.9212057255063981,0.8873207791500501,0.9677307230073982,0.1998579456674065,-0.19724682270022642
4,4.0,19.0,1,6.93093439176745,58.60170673696292,4,0.15289040893636008,202.01749856148683,4.645791425883737,67.17394850266747,14.459096921228966,0.39331770182292636,0.514367611900824,19.586225686164784,0.9334645084555692,0.10193548387096774,0.13,0.7841191066997518,0.26634408602150533,0.17591397849462362,1.5140586797066016,0.2686021505376344,0.20462365591397846,1.3126642143983187,0.06875635863225077,0.07420327790531032,0.07873014119608063,0.15562211201997064,0.06553862674547647,0.08311078753276019,0.09388000774689795,0.14535660700041297,-2.9624224018652283,-2.945094953967744,-2.9306943388901874,-2.6860897190318425,-2.2618183048561002,-2.219285744322186,-2.1932193705730714,-2.0686227657312473,0.8161568871265441,2.447447447447446,18.124175473742394,1.5445445445445445,0.5231788079470199,0.8919781813247505,0.8722565952042691,0.9472143549440696,0.1774836229710543,-0.18739164828315358
4,5.0,0.0,1,9.69439036295942,109.27070182331518,4,0.2272754294024415,-25.584175186386517,48.70417138747186,277.90811791273836,5.706043445474251,0.33804400167068305,0.6499618180248078,151.79135013118523,0.9856370691371615,0.10849462365591397,0.349247311827957,0.3106527093596059,0.2663440860215054,0.37182795698924725,0.7163100057836901,0.3575268817204301,0.25193548387096776,1.4191207853179684,0.4290948694806956,0.5291514644076627,0.4862978252589627,0.5536572533324792,0.5161349441974956,0.619332038176235,0.5291316668158002,0.6223323309238755,-1.5375841335772897,-1.2681077799849962,-1.383522885050092,-1.2021078261970213,-1.0990706299561395,-0.8646645827975075,-1.0695493492929302,-0.8578495966755337,0.8315278483951956,2.8658658658658656,27.19157943036019,1.588588588588589,0.6589403973509934,0.9313612695956022,0.8677480640447006,0.9466917389158437,0.21355996449888093,-0.1376295594482267
4,5.0,1.0,1,10.831890504423065,123.01220865194539,3,0.2642762781027619,-166.2059264565973,31.8703398570332,423.7926035880608,13.297398317342935,0.4359466802604224,0.7598177538689072,57.61287277240185,0.9933978660293907,0.10193548387096774,0.24268817204301074,0.42002658396101017,0.2532258064516129,0.2258064516129032,1.1214285714285717,0.26806451612903226,0.1613978494623656,1.6608927381745502,0.10965794696292859,0.17246201083031903,0.18144128778480187,0.2554460268467525,0.13129917647852032,0.17871717903620266,0.1872031775728106,0.26022763385815323,-2.2212244077767753,-2.064540895980427,-2.0421394053763944,-1.8575124610072828,-1.7679768155090734,-1.6714718659455492,-1.6542011920116297,-1.5055820792147956,0.8309582867715626,3.24024024024024,18.124175473742394,1.588588588588589,0.609271523178808,0.9633303349698522,0.903736154214712,0.9792166695066316,0.17880159518972943,-0.12400132942089515
4,5.0,2.0,1,8.032678327742047,64.72316222997617,4,0.28329342074135777,-120.88487144240116,23.046249529119972,402.7754847530009,17.476834321527065,0.5107554704284122,0.7670726003933445,28.92119146266328,0.9923439018122334,0.10516129032258063,0.06333333333333332,1.6604414261460103,0.2893548387096774,0.10290322580645161,2.8119122257053286,0.20731182795698927,0.16741935483870968,1.2382787411689147,0.025914303158668116,0.027155903715038517,0.03956251000657355,0.0865962797901553,0.027485546186234406,0.0289221474349739,0.04200211631856877,0.08239786046359926,-2.7230909821489964,-2.7196200439251346,-2.6849369376839647,-2.5534523724455473,-2.4814926404901363,-2.477826972168102,-2.4444517905497767,-2.341376981316955,0.8347374740979241,3.24024024024024,19.06690840512252,1.5225225225225214,0.5860927152317881,0.9608583274211314,0.9048036681211786,0.9808072845393244,0.17246374627407576,-0.1114825331721668
4,5.0,3.0,1,6.470690089721839,52.27811194924062,4,0.05566928522227932,310.97906572885546,6.931610260935328,52.4664485094803,7.569157314739254,0.13815167421509378,0.430375780611419,16.59468881447966,0.89522785632578,0.10193548387096774,0.34881720430107527,0.2922318125770653,0.2693548387096774,0.25268817204301075,1.0659574468085107,0.32365591397849464,0.17860215053763442,1.8121613485851895,0.35058943199642073,0.4112220476342976,0.3948177105553791,0.4072031351502705,0.37466527018152324,0.4872226741848591,0.4605490804779563,0.4721714686845338,-2.0430557409640695,-1.8523045897324968,-1.903912889161356,-1.8649481508746655,-1.6185153681500286,-1.3271899715398754,-1.3962275913614133,-1.3661460797645573,0.8414183400546944,2.843843843843844,22.199661191199525,1.5445445445445445,0.6456953642384106,0.9582554090211325,0.8882257387564997,0.9556647096766431,0.2014599043523475,-0.22931790322528228
4,5.0,4.0,1,12.213060516441729,179.64734844611863,4,0.24812544281679094,522.0839639908052,6.700029897981378,118.02486625682961,17.615573072649838,0.6088370347015141,0.5205065865774936,20.111388592763724,0.9699568001337675,0.10193548387096774,0.2625806451612903,0.3882063882063882,0.2563440860215054,0.348494623655914,0.7355754396791113,0.30344086021505373,0.2643010752688172,1.148087876322213,0.20095215305329947,0.15336511255559215,0.2470855498559628,0.31916801446477394,0.2772349092478969,0.14781378923566968,0.23763290861276554,0.35198569804258767,-1.9996154748385266,-2.1187019387400188,-1.8841667510781521,-1.7037805423585461,-1.3364696934962108,-1.5757831396045296,-1.4096980139116246,-1.1982475172078084,0.8324786581275199,2.557557557557556,25.847135074695583,1.6546546546546546,0.6026490066225165,0.9634001524649796,0.8963363433692701,0.9662942602948754,0.20635209449129635,-0.18328389878375573
4,5.0,5.0,1,5.9730958128432246,42.30450424001554,6,0.2445930005487278,288.6951416339357,0.43133140577155127,108.87214172799034,252.40949365428997,0.34836334423013837,0.5594762370068814,307.98623307370667,0.9559260845317917,0.10516129032258063,0.28913978494623654,0.36370397917441427,0.27978494623655914,0.2617204301075269,1.0690221857025473,0.29301075268817206,0.22999999999999998,1.2739597942964003,0.31390719055017446,0.3647068314428879,0.40113195200747187,0.47959624993448313,0.34982946521639885,0.3694143115438224,0.40550227518745896,0.462273255035531,-2.5370163737123987,-2.3491707660214045,-2.2144788904996338,-1.9243356243833416,-2.178753841843787,-2.1131240464363454,-1.9921914830142557,-1.8019491022358167,0.8242721503633975,2.843843843843844,15.566543592710588,1.4564564564564557,0.6821192052980133,0.9307507890779515,0.8606036456264268,0.9178667161743708,0.22000451945631053,-0.19939482277867454
4,5.0,6.0,1,7.2523205235432044,60.428043693689936,5,0.03480307226384838,202.86425872814755,5.527806214605835,72.17280793759308,13.056320199303409,0.1917371478994484,0.46147466356866607,4.164510160656036,0.9455150670972787,0.10516129032258063,0.13655913978494624,0.7700787401574802,0.2724731182795699,0.23591397849462367,1.1549680948040109,0.31225806451612903,0.23408602150537633,1.333945796968305,0.0595423666549727,0.07063056654991395,0.10611552147960929,0.21907638667761062,0.0795392320604409,0.08870713010919822,0.10187713543450039,0.18591790553241175,-2.159453758683735,-2.133993329536064,-2.052513721542345,-1.7931359927781418,-1.6355534899116253,-1.6192631838268108,-1.5958615909265828,-1.4465307561793432,0.8388496202552117,3.042042042042041,18.124175473742394,1.6326326326326315,0.5860927152317881,0.964054667196367,0.9067249516498326,0.9765907808288964,0.18511293054790082,-0.19444295925350258
4,5.0,7.0,1,8.19096129934245,86.6590291604961,4,0.14422933897032886,161.78142715700181,13.597654896993541,196.06685135300154,14.419166601761026,0.3676984230026159,0.573265868718607,64.28327218902434,0.946580963487532,0.10193548387096774,0.1,1.0193548387096774,0.2696774193548387,0.2189247311827957,1.2318271119842827,0.32,0.17763440860215055,1.8014527845036319,0.04286933979101593,0.04446780505073552,0.050445134251553836,0.16239832772514043,0.044734705127647836,0.044401750572777274,0.051522442854394654,0.08757548295898057,-3.128250273881468,-3.1230259094405506,-3.103489828854169,-2.7375861725349946,-2.9649215009623444,-2.965954914532248,-2.9438539403203405,-2.8319536814551545,0.792069468344418,3.13013013013013,19.06690840512252,1.6106106106106102,0.5728476821192053,0.9171490743198734,0.8833382354779751,0.9607466667927614,0.1760085684527938,-0.2003372387388969
4,5.0,8.0,1,6.212835023196513,43.072307012202884,5,0.13798233529963444,454.93429086302353,46.109846826465834,97.29598320786376,2.1100912257209763,0.29075801315615424,0.5189138713963652,40.0563776208668,0.9468155858451596,0.10193548387096774,0.3224731182795699,0.316105368456152,0.2796774193548387,0.3550537634408602,0.7877044215626893,0.3104301075268817,0.20806451612903226,1.4919896640826873,0.47602940904805485,0.47941909511248143,0.5034837858675512,0.5108223573344937,0.484709247191262,0.45016891113179325,0.5125858008134293,0.5495363860048794,-1.5818340698444917,-1.5716008220336832,-1.4989510428781727,-1.47679635982753,-1.3775769265721585,-1.4699169690282157,-1.303051822341338,-1.2042682262732476,0.8296026823042183,2.9099099099099095,18.124175473742394,1.5225225225225214,0.6291390728476821,0.9287153636427204,0.870027476366527,0.9407546875906718,0.20979854380002635,-0.1600356744431786
4,5.0,9.0,1,7.348637818140622,60.86278680769511,6,0.2779013018722497,-98.76792272404862,25.494724473139343,372.1571135538563,14.597416573219,0.5250024346427984,0.6488498141077181,28.061872246244107,0.9810581172515549,0.10516129032258063,0.31483870967741934,0.3340163934426229,0.2563440860215054,0.4037634408602151,0.6348868175765645,0.4501075268817204,0.2843010752688172,1.5832072617246595,0.40192680645221407,0.477847294444347,0.5807713599904268,0.5927008328616092,0.4941305453512354,0.48114381867407513,0.6130687088591404,0.6627751848710443,-1.5904917243326453,-1.3885918412389293,-1.11487973333682,-1.0831549744244304,-1.125255359912914,-1.1541430179181695,-0.8606894630089517,-0.7501224421288069,0.835082590658437,3.02002002002002,15.566543592710588,1.588588588588589,0.6258278145695364,0.9777971716109153,0.8970615305309523,0.9714468006037973,0.19869796738653198,-0.15983992434470087
4,5.0,10.0,1,9.348340520239658,98.06865440459045,5,0.3236274491554635,-248.86407904020245,69.5716415340591,381.51463739028594,5.483766502814423,0.6111515157530987,0.719116741985339,22.804279443974618,0.9960141694222735,0.11161290322580646,0.14978494623655916,0.7451543431442929,0.2724731182795699,0.12645161290322582,2.1547619047619047,0.2982795698924731,0.17516129032258068,1.7028852056476362,0.2743587429475596,0.1697836355827661,0.11184955477484987,0.092441769483213,0.05961225322480364,0.07258993938928257,0.07595620573949101,0.10403205605365146,-1.5767120944083024,-1.8039384751489453,-1.9298207413521034,-1.9719910141936763,-1.2160232017373787,-1.199241648027231,-1.1948887010655989,-1.1585835859600462,0.8385958748473974,2.8878878878878886,20.0586777950823,1.5005005005005003,0.6125827814569537,0.9433920949429492,0.9050874397087768,0.9726420689479132,0.17616431273673658,-0.1184210580392225
4,5.0,11.0,1,11.196152722277079,130.11822715847052,2,0.20025922622459957,293.46226718644596,13.6343972688006,296.3596620492568,21.736176246485975,0.4099253877066257,0.6038564766496795,271.21861972836626,0.9861034495386876,0.10193548387096774,0.06666666666666667,1.5290322580645161,0.26623655913978495,0.12301075268817203,2.1643356643356646,0.28365591397849466,0.18075268817204299,1.5693039857227844,0.024472617888301736,0.030537496158086777,0.0416361755872882,0.09224912814906296,0.03064206315759438,0.037227049321238256,0.05057917024394919,0.0916165445395523,-2.392765500828949,-2.3778896175305677,-2.3506668683490255,-2.226523836584244,-1.9361874817227713,-1.9230346851212434,-1.8963652698284643,-1.8143975596833972,0.8326152761643558,2.7777777777777786,19.06690840512252,1.5445445445445445,0.5728476821192053,0.9522162837178827,0.9014691242050763,0.9728471328573745,0.1813597989813371,-0.1268644212477082
4,5.0,12.0,1,9.542421773730299,106.05418220817602,5,0.2749409587945334,206.66452887392296,12.606113868254253,317.0326100271201,25.149115210318506,0.47401863429213387,0.6929884210129393,21.33317598729044,0.9896279123519904,0.12129032258064518,0.45505376344086024,0.26654064272211725,0.2724731182795699,0.444516129032258,0.6129656507014998,0.5168817204301075,0.3109677419354838,1.6621715076071923,0.47554999331607906,0.4839692711583727,0.6001087236019725,0.4959356159563725,0.551094830653558,0.5516671595860234,0.6327345783610108,0.5323402489688822,-1.215731572789464,-1.1962147804117074,-0.9269910271793791,-1.1684755049871556,-0.8048985237632459,-0.8038723232551984,-0.6585163546610238,-0.838525971479587,0.8227631129268786,3.02002002002002,19.06690840512252,1.6106106106106102,0.5794701986754967,0.9860472250063457,0.8982949982693039,0.9804662631125024,0.20946994900041632,-0.1357201585015953
4,5.0,13.0,1,3.6641981932840615,15.968337043957622,4,0.24792150028139415,360.3387901613887,18.83959646639229,47.50945748445033,2.521787426243541,0.27275072156338676,0.4795513773569291,30.98557691157919,0.9139089546127233,0.10193548387096774,0.0832258064516129,1.2248062015503876,0.2631182795698924,0.2387096774193548,1.1022522522522522,0.2875268817204301,0.21483870967741936,1.3383383383383383,0.038355960060202865,0.0498885110456377,0.0724900694869471,0.20163835216676282,0.05673003422440563,0.07126039691262785,0.09801972067513848,0.1897765382836995,-1.9561352774720084,-1.9326762542940912,-1.8867011284089887,-1.6239932018972927,-1.333148676521536,-1.3126125262252062,-1.2747928580994756,-1.1451104931403622,0.8507020045035718,2.601601601601601,24.569164629827903,1.6766766766766759,0.5794701986754967,0.9241525524308094,0.8963027349603798,0.9682432873338862,0.1894798065753679,-0.30573394948273214
4,5.0,14.0,1,9.209982506995951,94.666950644924,4,0.20976936878124686,141.51706965118763,47.29501879253286,194.06083616561392,4.103198203956588,0.4567148642835617,0.647461335013988,19.42334436718308,0.9728139805381231,0.10193548387096774,0.36913978494623656,0.27614331488494026,0.27655913978494623,0.3521505376344086,0.7853435114503816,0.20225806451612902,0.20483870967741935,0.9874015748031495,0.32621721877838794,0.295747927417967,0.27819765509188416,0.31450288504138135,0.34852325336943374,0.3591464790215394,0.3393922728664588,0.34913648762295874,-2.3660917282053067,-2.4730893248513057,-2.5347198018177943,-2.407228410425524,-1.831969964919195,-1.8020971714144827,-1.8576465253155996,-1.8302455338635544,0.8632293142973376,3.0860860860860853,15.566543592710588,1.4344344344344344,0.6655629139072847,0.89620795631315,0.8682923862229154,0.9529868441276397,0.21343599308943284,-0.12645498884450698
4,5.0,15.0,1,12.154894161990928,170.23030680930626,5,0.26219908343574705,128.06649650229616,4.816156999473588,282.1892097137146,58.592194927316164,0.3612326881134551,0.588576734106952,158.74273210206405,0.9830451924601138,0.10193548387096774,0.23946236559139783,0.42568477772788504,0.2661290322580645,0.2518279569892473,1.0567890691716482,0.29978494623655916,0.2172043010752688,1.3801980198019803,0.3019064759432966,0.3314745927365935,0.33407035530969875,0.3953639503375308,0.4678930583068459,0.3847617911976773,0.35605067283491765,0.39619959206255223,-1.9166383952618604,-1.8354581723136574,-1.8283314220414502,-1.6600478703888035,-1.2728949785193249,-1.471759838512507,-1.5404419689792537,-1.444398573049823,0.8429215695548378,2.9759759759759756,17.676114972528158,1.5225225225225214,0.6192052980132451,0.9772444546669802,0.9054313814733927,0.9710218360496738,0.18575700316943622,-0.12332790478003673
4,5.0,16.0,1,10.012647607064393,118.76843032094862,4,0.38099715364911735,358.46643827107994,10.240900789185213,301.36703501066637,29.427785818306297,0.6764192652705872,0.6192543174865266,127.15834969933036,0.983893096105559,0.12559139784946236,0.09258064516129032,1.3565621370499419,0.18978494623655912,0.2950537634408602,0.6432215743440233,0.23956989247311827,0.20247311827956987,1.1832182687201276,0.469911564424487,0.5051334017353454,0.6374899967980535,0.7868980258032918,0.5372637292631645,0.5834069751543419,0.6811320272400261,0.7893000332663334,-1.9913337583470068,-1.8590191690050044,-1.3618074997821443,-0.8005402998984055,-1.5944773979667328,-1.4354789202265978,-1.0987419998256418,-0.7260211830255185,0.8759461403741147,2.953953953953954,14.796880626863963,1.4344344344344344,0.6291390728476821,0.9670125699290711,0.8775315684118199,0.9439862905016899,0.2085381037418074,-0.12749457241072595
4,5.0,17.0,1,12.239429122797457,174.12510285866742,4,0.2673308023472658,389.38319266382246,0.1867005702528494,169.6636584273663,908.7474033828074,0.6654138870595601,0.6874352321524064,875.8225447877707,0.9796129959744454,0.10838709677419356,0.2691397849462366,0.4027167399121055,0.26924731182795697,0.30817204301075274,0.8736915561758546,0.34559139784946236,0.2549462365591398,1.3555461830451285,0.0751066906842847,0.1756875969060807,0.2735927414795043,0.337472691623166,0.09891190963230373,0.14882944076831056,0.18884848304596397,0.3874890830428453,-2.2033026928382533,-1.9636964817277482,-1.730464533233127,-1.5782882067830686,-1.5531667230165105,-1.4671260250155531,-1.3981469258386028,-1.0557586809453707,0.8359819713197123,2.8658658658658656,18.124175473742394,1.5445445445445445,0.6059602649006622,0.9451911494905035,0.8882100887284358,0.9703486608934971,0.20157121187166946,-0.14052784180251104
4,5.0,18.0,1,8.169039896848187,71.64890127829563,6,0.21941606056605711,-208.19306290442535,25.05642900209061,327.45527813496443,13.068712948187583,0.5044255006250263,0.6914416783352149,68.22413011204125,0.9771919472601612,0.10193548387096774,0.3722580645161291,0.27383015597920274,0.2596774193548387,0.3249462365591398,0.7991396426207809,0.30989247311827955,0.2338709677419355,1.3250574712643677,0.25080687440211863,0.20636454251531694,0.3668024760064403,0.395890037063476,0.3348550055616187,0.18129507210240645,0.3624059258036428,0.3803397521026785,-2.0065955433754175,-2.1256273150966285,-1.6959196318143834,-1.618013190350269,-1.5776910317966872,-1.9419275995941452,-1.512341611524362,-1.4698034624675862,0.8183171506647607,3.152152152152151,14.065272421052393,1.5445445445445445,0.6423841059602649,0.9800642279727775,0.9110798410692452,0.978726327741395,0.17976122226340469,-0.11317660528337886
4,5.0,19.0,1,9.186040354424952,111.45635597463522,4,0.15503526711859794,264.4562795301159,2.6722661076876264,54.04784857026069,20.22547395814167,0.391863997257238,0.43508515416505256,114.95802897185928,0.9199036004862559,0.10516129032258063,0.21946236559139787,0.4791768740813326,0.2629032258064516,0.30182795698924736,0.8710366939793371,0.27118279569892473,0.2053763440860215,1.3204188481675392,0.07179484955884691,0.14338883567823638,0.17110171686637146,0.2651059156315377,0.09748230613637526,0.13088093726760203,0.1759921584122932,0.32746717568812267,-1.9798801580086127,-1.8271687531180514,-1.7680566230468475,-1.5675437861850898,-1.3381411912789543,-1.288621847389194,-1.2217365291145066,-0.9971481787202296,0.8262602493793167,2.7557557557557555,19.06690840512252,1.6546546546546546,0.609271523178808,0.9220501481587462,0.8847063792622732,0.9648276429505173,0.19115839695177195,-0.19501488176874948
5,1.0,0.0,1,2.5212204075709437,6.426366247151568,3,0.9999999999999896,98.60985034710347,0.9999999419156025,9.999999909727089,10.000000490571093,0.9999999999999897,0.9999999999999896,3.502357227609695,0.9999999999999902,0.10193548387096774,0.026666666666666665,3.8225806451612905,0.24989247311827958,0.0232258064516129,10.759259259259261,0.23311827956989245,0.04548387096774194,5.125295508274231,0.0011550132113489857,0.0016886820326941143,0.0021907381904252995,0.004582793941905068,0.00125183313912071,0.002806674792012161,0.0036639750608051464,0.006035134107013583,-3.44676096167251,-3.4449194057912633,-3.4431869372021198,-3.434932558903789,-1.9969647579464955,-1.9938559021928268,-1.9921417579464964,-1.9874007018846394,0.8161419399928087,1.0380380380380387,1.7154331750298604,0.5535535535535532,0.5017182130584192,0.9011239165985827,0.8943456354638627,0.9761775545724881,0.2903121742547335,-0.11818619875684591
5,1.0,1.0,1,2.43667870999885,5.192468180200734,2,0.9999999999999929,98.60985189835816,0.9999998248113134,9.999999743077847,10.000001494964975,0.9999999999999929,0.9999999999999929,2.4944847140062048,0.9999999999999934,0.10193548387096774,0.8980645161290323,0.11350574712643677,0.24989247311827958,0.043225806451612905,5.781094527363184,0.22989247311827957,0.048817204301075265,4.709251101321586,0.0,0.0,0.0006908412191407676,0.003017549018011492,0.0,0.0,0.001187648803670568,0.004156628768879091,-3.628385128071968,-3.628385128071968,-3.6258784900665786,-3.617436298091787,-1.9289321247534001,-1.9289321247534001,-1.9266412308230751,-1.9209142699904351,0.8438144554385677,1.0380380380380387,1.9466563433422632,0.5095095095095097,0.506993006993007,0.8481189212017873,0.8543647262492566,0.9612299359339527,0.20786785111866618,-0.08132238930190652
5,1.0,2.0,1,2.24463420466863,4.933459628551695,2,0.9999999999999902,98.60985161482643,1.0000000642892888,10.000000369192048,9.999999726299178,0.9999999999999902,0.9999999999999902,13.510443967836318,0.9999999999999905,0.08838709677419354,0.22978494623655915,0.3846513804398689,0.16322580645161291,0.17322580645161292,0.9422718808193669,0.12645161290322582,0.05946236559139786,2.1265822784810124,0.16025645734706767,0.17482885226104386,0.2205587066585556,0.2745582278870665,0.1746089205924415,0.19201628579552324,0.23901957363725995,0.29624526235331883,-3.9468797469561068,-3.8783880141481175,-3.6634530643864522,-3.4096498425018122,-3.1060092869402807,-3.0405040502944702,-2.863627110143929,-2.6482824995246674,0.7925794059869775,1.0380380380380387,1.9466563433422632,0.5535535535535532,0.4735099337748344,0.903089805199182,0.8618728375802455,0.9505354722784475,0.26164226615361297,-0.13564167597866947
5,1.0,3.0,1,2.636488258206957,6.866160682982528,3,0.9999999999999863,98.60985129168263,0.9999998414526463,10.000000218496067,10.00000180396989,0.9999999999999873,0.9999999999999868,12.790115072204287,0.9999999999999877,0.07268817204301074,0.16999999999999998,0.4275774826059456,0.14655913978494622,0.23634408602150536,0.6201091901728845,0.180752688172043,0.11268817204301076,1.6040076335877862,0.22444972189311244,0.3155719749134657,0.3949419385882313,0.5495834120940245,0.22963811645223423,0.3466379546653936,0.42773015151676286,0.5738944578480465,-2.8527666015685744,-2.5175845670643997,-2.2256318878753967,-1.6568021894172427,-2.4323393082004334,-2.062924216908065,-1.8068838517208083,-1.3453849181181483,0.8079442603743342,1.06006006006006,1.7589165903277326,0.5095095095095097,0.5198675496688742,0.9273719478591262,0.8994289024755024,0.9707777307696397,0.22368590783727638,-0.13978236953338338
5,1.0,4.0,1,2.8765398289106137,9.692653716239015,2,0.9999999999999896,98.60985187417054,1.0000001518187538,10.000000218410264,9.999998700222923,0.9999999999999897,0.9999999999999898,13.379878173983167,0.9999999999999901,0.10516129032258063,0.10634408602150539,0.9888776541961576,0.2330107526881721,0.18301075268817205,1.2732079905992952,0.21559139784946235,0.06978494623655915,3.0893682588597837,0.08712208180502125,0.07803099167737229,0.1000165681824726,0.15033044271513898,0.13537466555171646,0.11156968730072703,0.15304822967806103,0.23142267348702322,-2.7686020391863724,-2.796173755145505,-2.72949527521791,-2.5769019296521174,-1.4872653181000577,-1.52821290214629,-1.4568645445799269,-1.3220505535269926,0.807070888328886,1.0380380380380387,1.9466563433422632,0.5315315315315318,0.4966887417218543,0.935121978231535,0.9174101939273661,0.981964240346394,0.22879950780395264,-0.1388088263140437
5,1.0,5.0,1,2.5998389028141458,6.57772803773279,2,0.9999999999999893,98.60985105312652,1.000000171135622,9.99999950332964,9.999997791973799,0.9999999999999895,0.9999999999999897,1.514144885391308,0.9999999999999897,0.10193548387096774,0.030000000000000006,3.3978494623655906,0.24989247311827958,0.07978494623655914,3.1320754716981134,0.25623655913978494,0.048709677419354835,5.260485651214128,0.0001112659648311013,0.001959085485943347,0.004213108896894752,0.011071760922075046,0.00020124774371445655,0.0019344382692368432,0.006156472753997406,0.013430720757779386,-3.387900813189051,-3.381639887302889,-3.374002629789153,-3.350763611303851,-1.8729359278468132,-1.8696891196289305,-1.8617799278468135,-1.8481529850209648,0.8238403585999678,1.06006006006006,2.3843904700937206,0.6196196196196196,0.4983164983164983,0.8941881845314058,0.8655035737017773,0.9648992519844831,0.22539611572948803,-0.11072242132522878
5,1.0,6.0,1,2.6186976805268998,7.638015021030046,2,0.9999999999999812,98.60985152878166,0.9999999935595376,9.999999954935959,10.000000019340582,0.9999999999999821,0.9999999999999813,2.589574143121199,0.9999999999999821,0.04924731182795698,0.05989247311827957,0.8222621184919209,0.09086021505376343,0.3127956989247312,0.2904778274321072,0.17053763440860215,0.14311827956989248,1.1915852742299022,0.23353240077065635,0.21949445512916502,0.3222411985474731,0.4365542414368856,0.22898935105613227,0.22117199726064526,0.40277147570772365,0.48475442024142407,-2.605111396286219,-2.652824322713723,-2.303603152139181,-1.9150698193867077,-2.063878588635556,-2.0848044592968695,-1.5986901938354128,-1.3792342834816775,0.8291799204649268,1.0160160160160154,2.3843904700937206,0.5315315315315318,0.5463576158940397,0.8671080448723134,0.8700156106749384,0.9647387808844402,0.2246430375746808,-0.16822535527269436
5,1.0,7.0,1,2.483568648138738,6.163442784270817,1,0.9999999999999871,98.60985135020358,0.999999836299379,10.000000006670373,10.000001643676852,0.999999999999987,0.9999999999999872,6.871465817493675,0.999999999999988,0.10193548387096774,0.11956989247311829,0.8525179856115107,0.24989247311827958,0.11279569892473118,2.2154432793136323,0.2496774193548387,0.05881720430107527,4.244972577696527,0.30792138155030574,0.14429103649056385,0.08070968493453873,0.04344057898744098,0.12731349882033177,0.019885253736913747,0.015332454668019078,0.02078939513304243,-2.3611106920326215,-2.9193555893059893,-3.136271131804761,-3.263419236352923,-1.7063153559130761,-1.916363825778076,-1.9252656604611385,-1.9145960084163478,0.7892426134795507,1.06006006006006,2.266498079273693,0.48748748748748744,0.5198675496688742,0.9147598718447856,0.8925720972144021,0.9731281471147508,0.25133044188048553,-0.17372964484086306
5,1.0,8.0,1,2.543251932878304,6.898972752179006,4,0.9999999999999901,98.60985185911315,1.0000000099744408,10.000000099635413,9.999999999891005,0.99999999999999,0.99999999999999,5.208917755753972,0.9999999999999903,0.12193548387096773,0.07322580645161289,1.6651982378854626,0.09870967741935484,0.0596774193548387,1.6540540540540543,0.15677419354838712,0.09258064516129032,1.6933797909407668,0.2181928713167462,0.18700056805853246,0.26878116494924736,0.31310661038239224,0.21906357320200112,0.17304177216246666,0.26685685566467526,0.31523086420691415,-3.369399034536981,-3.5038302933823973,-3.151375763233093,-2.960343848111776,-2.9648395401650474,-3.1395621561801343,-2.783391462271422,-2.599738647111591,0.8042909785941237,1.0160160160160154,2.920555512182745,0.5975975975975976,0.5,0.9132163977059864,0.8811614963402135,0.9673246661387866,0.23075483486771142,-0.1575339209749365
5,1.0,9.0,1,2.3159301300501864,5.096627069231124,2,0.9999999999999892,98.60985102529338,0.9999999739629827,10.00000001909944,10.00000027946962,0.9999999999999889,0.9999999999999891,414.61984882417056,0.9999999999999897,0.10193548387096774,0.043225806451612905,2.3582089552238803,0.24989247311827958,0.08978494623655914,2.783233532934132,0.19989247311827957,0.07827956989247312,2.5535714285714284,0.008778204566241234,0.013849942561979432,0.024014933751869423,0.043251338116130744,0.010359431238406172,0.017098408733237022,0.026568386945248434,0.052383687335528756,-3.9492685293436582,-3.9290614925856735,-3.8885616972903927,-3.811919187285594,-2.7616882185831475,-2.742882446729978,-2.716455551871496,-2.644415446405491,0.8225287558565721,1.06006006006006,2.5084150592775414,0.5755755755755753,0.5166666666666667,0.8796640410269929,0.8638503948674383,0.9625662329658053,0.2304721989538632,-0.1272793385826758
5,1.0,10.0,1,2.573416552677949,6.164649073482341,3,0.9999999999999885,98.6098511431494,0.9999999325472517,9.999999865187984,10.000000539715503,0.9999999999999887,0.9999999999999885,2.439318379161164,0.9999999999999892,0.10193548387096774,0.06311827956989247,1.6149914821124363,0.24989247311827958,0.09612903225806452,2.5995525727069353,0.2565591397849462,0.05903225806451613,4.346083788706739,0.03951803328718711,0.02011766462710428,0.014200930498492541,0.017634413722028716,0.08093314039028551,0.006830044815898833,0.010872988057321854,0.018857887714673192,-3.2022290861519522,-3.266909555914445,-3.2866358379044263,-3.27518866843507,-1.4271978430597225,-1.5422708402655236,-1.5359926464503075,-1.5235930789445664,0.8035110559184467,1.0380380380380387,2.5084150592775414,0.5975975975975976,0.5198675496688742,0.86101954323752,0.8690780902792938,0.9638641556025147,0.24186165394112275,-0.11664612162529886
5,1.0,11.0,1,3.008730849366409,9.825816328310172,4,0.9999999999999868,98.60985035272128,0.9999999574329762,9.999999990140667,10.000000415810923,0.9999999999999867,0.9999999999999867,3.389908883142877,0.9999999999999883,0.10193548387096774,0.09333333333333334,1.0921658986175113,0.25311827956989247,0.053333333333333344,4.745967741935483,0.21258064516129033,0.06193548387096774,3.4322916666666665,0.014852710106522261,0.016715610085492934,0.02180206884330836,0.043855736411594445,0.016172993484483634,0.022208688431607268,0.028278787406006693,0.056460508162483256,-2.902209446501888,-2.896721408345237,-2.8817368788158806,-2.816767545800091,-1.8815761433692353,-1.8700328338788965,-1.8584237264418362,-1.804525985168921,0.8366583869797389,1.06006006006006,2.266498079273693,0.6196196196196196,0.4900662251655629,0.9455841139641589,0.9063753416434092,0.980690642751396,0.22472689659671746,-0.14829637716420152
5,1.0,12.0,1,2.6451707508750575,7.442281904529702,4,0.9999999999999909,98.60985106070905,0.9999999835297133,9.999999926999429,10.000000091702297,0.9999999999999907,0.9999999999999907,8.868813229068214,0.9999999999999907,0.10193548387096774,0.07666666666666666,1.329593267882188,0.24989247311827958,0.07967741935483871,3.136302294197031,0.21946236559139787,0.08225806451612902,2.667973856209151,0.01135813791726798,0.023536606669165946,0.03828393403641835,0.07222578433428772,0.019254757529874877,0.03318499740652932,0.05502835876624592,0.09897039716199509,-3.9931789551130352,-3.9439894487905613,-3.8844241809765765,-3.747331177427727,-2.3755793127777305,-2.3418372274328507,-2.2889278324945908,-2.182490612252448,0.8127709165541479,1.06006006006006,2.154434690031882,0.5535535535535532,0.5,0.8924988851429523,0.8887087047344392,0.9707398745367601,0.21165999896347104,-0.12553096212778042
5,1.0,13.0,1,2.5208380312664063,6.129463242191488,3,0.9999999999999909,98.60985242125705,1.0000000285247295,10.000000306493204,10.000000021245908,0.9999999999999915,0.999999999999991,27.29243105806338,0.9999999999999919,0.10193548387096774,0.8980645161290323,0.11350574712643677,0.24989247311827958,0.03301075268817204,7.570032573289904,0.22645161290322582,0.0389247311827957,5.81767955801105,0.0,0.0,0.00030925224244417887,0.0032438266737543973,0.0,0.0,0.0005962248971600031,0.0030248744819310358,-3.218381653124252,-3.218381653124252,-3.217386361380982,-3.2079417808715256,-1.7412292746234992,-1.7412292746234992,-1.7401911103783048,-1.7359622746234993,0.8036641869834535,1.06006006006006,2.776153294436798,0.5975975975975976,0.4326241134751773,0.9100838587142508,0.893061216267217,0.977263726951066,0.24714676697079968,-0.1060888757237619
5,1.0,14.0,1,2.875658912836922,8.549469952208174,4,0.9999999999999862,98.6098512798921,1.000000101256922,9.999999905285199,9.999998892716091,0.9999999999999862,0.9999999999999865,4.304436544619084,0.9999999999999876,0.10516129032258063,0.8948387096774194,0.11751982696467193,0.24989247311827958,0.026559139784946235,9.408906882591094,0.2855913978494623,0.03924731182795699,7.276712328767122,0.0,0.0,0.0,0.0029429449533005976,0.0,0.0,0.0,0.004685977309010415,-2.671007738257507,-2.671007738257507,-2.671007738257507,-2.663147109513975,-1.1321291097260062,-1.1321291097260062,-1.1321291097260062,-1.12682397840696,0.8270337984114962,1.06006006006006,2.3843904700937206,0.5975975975975976,0.5092250922509225,0.9055725220419265,0.8943327935480778,0.979440859378819,0.18461686662445234,-0.11895058779453799
5,1.0,15.0,1,2.5638918729498883,7.534389803613715,4,0.9999999999999885,98.60985072440614,1.0000002467333589,9.999999725977363,9.99999725864445,0.9999999999999886,0.9999999999999886,4.656520363714255,0.9999999999999896,0.08784946236559141,0.24,0.3660394265232975,0.17935483870967744,0.19989247311827957,0.897256589564282,0.15473118279569892,0.049569892473118285,3.1214750542299345,0.15515022829069874,0.21560800098564528,0.2530366942192238,0.2725858162428009,0.17853469286618576,0.2621582561991114,0.2904804364485775,0.2955817008549726,-2.8184664260045893,-2.6167758909086585,-2.4919116620474306,-2.4266946898396458,-2.0447478192490447,-1.836596486164225,-1.7660984191143398,-1.7534006226525716,0.8002860791653341,1.0380380380380387,2.776153294436798,0.641641641641642,0.5033112582781457,0.8802177816479884,0.8653323512218306,0.9647348635311142,0.23434222873421875,-0.15173117748854062
5,1.0,16.0,1,2.036631020994692,4.3454893706500135,3,0.9999999999999902,98.60985030755401,0.9999997946330864,9.999999824433116,10.000001878102639,0.99999999999999,0.99999999999999,17.294752002816526,0.9999999999999902,0.10193548387096774,0.07989247311827956,1.2759084791386273,0.15526881720430108,0.045913978494623656,3.3817330210772836,0.14204301075268816,0.08182795698924732,1.7358738501971087,0.013623911628404177,0.026689090457181,0.03590866581654082,0.08341270584136921,0.01112465683072043,0.033668868195630475,0.0404673422859859,0.07502397919376058,-4.879370788043559,-4.814740417671398,-4.769133344246805,-4.53414201797301,-3.9659836659008256,-3.87556784690862,-3.8483018852465705,-3.7097090297654534,0.8143140535575948,1.06006006006006,1.9466563433422632,0.6196196196196196,0.48013245033112584,0.9285721904615684,0.8921149544803775,0.9716346300254807,0.2126016341058051,-0.14408441409491574
5,1.0,17.0,1,2.0322712690088887,3.43197832596738,3,0.9999999999999912,98.60985170726745,0.9999999393838183,10.000000077742147,10.000000683904005,0.9999999999999912,0.9999999999999912,10.2329032070626,0.999999999999992,0.10193548387096774,0.8980645161290323,0.11350574712643677,0.24989247311827958,0.0332258064516129,7.521035598705502,0.21634408602150534,0.048817204301075265,4.431718061674008,0.0,0.0,0.0019202661399011086,0.010213291026987826,0.0,0.0,0.0030991915927051795,0.009085089218239684,-3.9539485960984626,-3.9539485960984626,-3.946355962490465,-3.913565768380759,-2.497748128325091,-2.497748128325091,-2.490007128325091,-2.4750558637345663,0.7921834571393552,1.06006006006006,1.7589165903277326,0.641641641641642,0.4432624113475177,0.9037793272012214,0.8765640787128343,0.9691550232919244,0.24397923290795756,-0.12655993238163354
5,1.0,18.0,1,2.376215629011549,5.531422859633437,2,0.9999999999999929,98.60985146112124,1.0000001144414514,9.999999864870393,9.999998720456025,0.999999999999993,0.9999999999999928,10.56632303003664,0.9999999999999929,0.10193548387096774,0.07989247311827956,1.2759084791386273,0.24989247311827958,0.029892473118279573,8.359712230215827,0.19956989247311827,0.04548387096774194,4.387706855791961,0.0027576898318536817,0.003511877187474616,0.006669540905405691,0.013441172987032367,0.0038161157918374235,0.00441465763547134,0.0068172630756061035,0.01438661595077106,-4.191564795881807,-4.188394828926849,-4.175122676369381,-4.146660451737913,-3.0257906289309116,-3.0239726289309115,-3.0166749993054767,-2.993683985939555,0.831918426153591,1.06006006006006,2.3843904700937206,0.6196196196196196,0.5387205387205387,0.8658264811461714,0.8520527160214816,0.9548844872165643,0.24964252808811338,-0.12692377536835628
5,1.0,19.0,1,2.5086997205328743,6.035187924987968,2,0.9999999999999906,98.60984927586591,1.0000003234325305,9.999999506691848,9.99999627236775,0.9999999999999906,0.9999999999999906,1.9527880829559543,0.9999999999999913,0.10193548387096774,0.18698924731182795,0.5451408855664175,0.24989247311827958,0.05634408602150538,4.435114503816794,0.24290322580645163,0.05204301075268817,4.667355371900827,0.0,0.00012107022908258159,0.0036382419133002258,0.01385076923134264,0.0,0.00035771056537457947,0.005709071290805009,0.01663221369417694,-3.072878832026937,-3.0725067978828005,-3.0616989554657636,-3.030317096448654,-1.6689470700279858,-1.6683500700279859,-1.659418932224616,-1.6411887857150098,0.7579740397127225,1.0380380380380387,1.5892828656229763,0.5755755755755753,0.45674740484429066,0.9052374366516543,0.8925884490347376,0.9745016230113472,0.23549805259976597,-0.11792842243095576
5,2.0,0.0,1,2.7564072244708475,7.733147286167046,4,0.9999999999999922,763.8098521424406,1.0000002332908686,9.999999815569572,9.999997482661472,0.9999999999999922,0.9999999999999922,11.354969017548743,0.9999999999999928,0.10193548387096774,0.10946236559139784,0.9312377210216111,0.24666666666666667,0.08645161290322581,2.853233830845771,0.23623655913978495,0.07591397849462364,3.1118980169971677,0.12887559739564167,0.08329759176083304,0.05005349667456868,0.04525949252469669,0.04981190853370489,0.015603295806640008,0.017259940613484806,0.04487350367252997,-3.158131189903958,-3.323367430260184,-3.443888923238894,-3.461268868037796,-1.8591687728540494,-1.9261024516867025,-1.9228610068398786,-1.868831415638215,0.8007215513772381,1.06006006006006,2.3843904700937206,0.5975975975975976,0.5099337748344371,0.911207212339951,0.8783590221999866,0.9756471370557834,0.2506028771978627,-0.13038637198806044
5,2.0,1.0,1,2.3316735898685157,4.665768994503393,2,0.9999999999999861,763.8098519836021,1.000000080191988,10.000000207258216,9.999999405338384,0.9999999999999862,0.9999999999999863,8.250519916174081,0.9999999999999867,0.10827956989247312,0.24311827956989243,0.4453781512605043,0.17290322580645162,0.2464516129032258,0.7015706806282723,0.199247311827957,0.079247311827957,2.5142469470827677,0.1054268059391259,0.16181335677560651,0.19478282137041414,0.21142772448536082,0.14041895868666068,0.157840215635924,0.21226246635438603,0.27210967872612385,-2.9139625899750414,-2.73029030825893,-2.6228963162652033,-2.568677583451918,-1.8268834109738026,-1.7898576928747925,-1.6741930815735606,-1.5469986994034928,0.8001968248409163,1.0380380380380387,1.8504070195423021,0.6196196196196196,0.46688741721854304,0.8848085560712411,0.8841089541382268,0.9612196886683693,0.212424818943831,-0.1444071557525407
5,2.0,2.0,1,2.8937158073983027,8.795461673062157,2,0.9999999999999846,763.8098519464409,1.0000000188724072,9.999999946026106,9.999999757302039,0.9999999999999849,0.9999999999999847,124.01011289188179,0.9999999999999863,0.10516129032258063,0.192258064516129,0.5469798657718121,0.24989247311827958,0.139247311827957,1.7945945945945947,0.21591397849462365,0.1021505376344086,2.113684210526316,0.7017880741996889,0.3659762046853433,0.20257708742966316,0.09506784835833876,1.3163012259327223,0.07183221945871719,0.013624591675289925,0.02238482583736205,-1.069908773515754,-2.2747166110289747,-2.860951211363658,-3.2466671005177217,0.6898109681531186,-2.0242106663219133,-2.1511537723967624,-2.132048865070629,0.8070977073947037,1.0380380380380387,2.154434690031882,0.5975975975975976,0.4867549668874172,0.925257081021683,0.8951921587844408,0.9743191340661842,0.23194445834129798,-0.16467490098995993
5,2.0,3.0,1,2.6803709182528945,7.199987831807622,2,0.9999999999999879,763.8098507287791,0.9999999444206824,9.999999816165541,10.000000371958738,0.9999999999999881,0.9999999999999878,6.688603328745704,0.9999999999999885,0.10193548387096774,0.23623655913978495,0.43149749658625397,0.24989247311827958,0.13580645161290322,1.84006334125099,0.2232258064516129,0.05559139784946236,4.015473887814314,0.11234027730142075,0.08908755639873821,0.06247266662535466,0.050182759612748894,0.22169986799046923,0.10513411138727712,0.05060847736447572,0.05257725238162102,-3.1656262535261828,-3.2485515253090105,-3.343467168822936,-3.38729618493986,-1.7215477940658417,-1.979383444980756,-2.0999904975963473,-2.095635699044499,0.80713324811326,1.06006006006006,2.776153294436798,0.6856856856856854,0.45,0.889236864637943,0.8648109348222797,0.9651481178770637,0.2359493056315737,-0.14623953827708402
5,2.0,4.0,1,2.664735819487614,7.651200546516126,4,0.9999999999999903,763.8098525393596,1.0000000138329743,9.99999996461564,9.9999998262859,0.9999999999999901,0.9999999999999902,10.2582130167104,0.9999999999999907,0.10193548387096774,0.8980645161290323,0.11350574712643677,0.24989247311827958,0.06322580645161291,3.952380952380952,0.26268817204301076,0.05537634408602151,4.7436893203883495,0.00010623399352144721,0.0010575285747002174,0.0031354561253146554,0.012321614373076344,0.00036385089690684267,0.002052804152399988,0.004454014057273589,0.016882601259045088,-3.296077337252334,-3.292941463605879,-3.2860917260228684,-3.2558102210808078,-1.6786482932829143,-1.675812102832707,-1.671779848784825,-1.6509090282238732,0.8230656217683513,1.0380380380380387,2.920555512182745,0.5975975975975976,0.5100671140939598,0.8923374081024329,0.8667286622801184,0.962244283576281,0.2348587144390912,-0.1266411121417842
5,2.0,5.0,1,2.421214388089958,5.788899364473984,4,0.9999999999999908,763.8098516170251,0.9999999244428995,10.00000027691117,10.000001032482253,0.9999999999999908,0.9999999999999908,5.600001542442433,0.9999999999999912,0.10193548387096774,0.04666666666666667,2.1843317972350227,0.24989247311827958,0.03655913978494624,6.835294117647059,0.21989247311827956,0.03903225806451612,5.633608815426998,0.0,0.0004246028981320971,0.0012119928061855505,0.0037180562681304406,0.0,0.000726278023803285,0.0017570000456764007,0.005351390370835772,-3.6149370214013095,-3.6134021086654573,-3.6105557437365574,-3.6014964821499915,-2.1242755323617977,-2.1227327177261404,-2.120543180154409,-2.1129077047329146,0.824085389590235,1.0380380380380387,1.9466563433422632,0.5755755755755753,0.4931506849315068,0.8786084707430304,0.8516020715313332,0.9620579454132965,0.23818132407485082,-0.09453583942636683
5,2.0,6.0,1,2.1411672104588613,4.420878401392569,1,0.999999999999988,763.8098523970983,1.0000000143149002,9.99999994572079,9.999999802571791,0.9999999999999881,0.9999999999999879,84.69561284412364,0.9999999999999878,0.10193548387096774,0.05333333333333333,1.9112903225806452,0.24989247311827958,0.056666666666666664,4.409867172675522,0.19989247311827957,0.05548387096774193,3.602713178294574,0.0036263417155541922,0.006966354753640666,0.009454680707709764,0.015635146795795193,0.004274329497674644,0.005838356217289762,0.009954496704510546,0.017436090822032162,-4.1407403997272905,-4.126859937505684,-4.116518925657334,-4.090834078002747,-3.1600321705923866,-3.155068579820285,-3.1420056080162806,-3.1182620420933933,0.8293518783827745,1.06006006006006,2.266498079273693,0.6196196196196196,0.47840531561461797,0.9017718243539627,0.8902069113331513,0.9577907620826281,0.22778629879690246,-0.1694360844570791
5,2.0,7.0,1,2.5416092039305855,6.6423006685014485,3,0.9999999999999823,763.8098530380796,0.9999999230595915,10.000000268721731,10.000001038125896,0.9999999999999823,0.9999999999999826,91.62536068609633,0.9999999999999837,0.10193548387096774,0.049892473118279566,2.043103448275862,0.1503225806451613,0.08634408602150538,1.7409713574097136,0.22946236559139782,0.07967741935483871,2.879892037786774,0.015235774511524367,0.026642891970725238,0.03544197181715617,0.1353404709739974,0.019229306806002225,0.02911372921035617,0.0382008764098231,0.10636653346142255,-3.8685231602393015,-3.823711725237589,-3.7891456399821783,-3.3967068737691894,-3.214249998531704,-3.1818560812591405,-3.1520750497955845,-2.9286778127059585,0.8397448883871104,1.06006006006006,2.266498079273693,0.5315315315315318,0.543046357615894,0.9247103222635612,0.8943686342900398,0.9752464168423147,0.2182402161348194,-0.1628418737541103
5,2.0,8.0,1,2.44453443460112,6.182694777730623,4,0.9999999999999881,763.809850504085,1.0000002784551596,9.999999697001357,9.999996912450621,0.9999999999999881,0.9999999999999883,139.88063413846996,0.9999999999999891,0.10193548387096774,0.19,0.5365025466893039,0.24989247311827958,0.0532258064516129,4.694949494949496,0.25311827956989247,0.02258064516129032,11.20952380952381,0.0,0.0,0.0004624904927946981,0.002210932318256379,0.0,0.0,0.0009159863460593782,0.0032724321681366956,-3.0983362294253918,-3.0983362294253918,-3.0969032783758013,-3.0914860177229304,-1.5098478333759333,-1.5098478333759333,-1.5084648333759336,-1.5049069587570023,0.7734312769059107,1.06006006006006,2.776153294436798,0.5975975975975976,0.46785714285714286,0.8861568087874038,0.8803057548872567,0.9738239997889557,0.2319586618474434,-0.13225662288035295
5,2.0,9.0,1,2.313840942158832,5.343306126029626,1,0.9999999999999897,763.809851281095,1.0000000246752883,9.999999697372381,9.999999450619512,0.9999999999999896,0.99999999999999,1.6159082866885504,0.9999999999999898,0.10516129032258063,0.10666666666666666,0.9858870967741935,0.18645161290322582,0.11301075268817204,1.6498572787821124,0.16881720430107527,0.07881720430107526,2.1418826739427015,0.05180451185961592,0.05508191969005942,0.10659166848683796,0.15358718781769914,0.052114890282279565,0.04983637554466187,0.11150453213343478,0.16886543791868508,-3.7992057721055406,-3.7860739370539047,-3.5796859744490312,-3.3913855126370143,-3.134038705076137,-3.141572269328356,-2.9376758396466345,-2.7480206830815774,0.8328606822828197,1.0380380380380387,1.9466563433422632,0.5755755755755753,0.5033112582781457,0.9089742033903028,0.8889620936964566,0.9707051236335774,0.22368930521052874,-0.14680597662817968
5,2.0,10.0,1,2.606107604563452,6.222053557192657,2,0.9999999999999907,763.8098515311954,0.9999997573258663,9.999999771729307,10.000002198471178,0.9999999999999906,0.9999999999999905,6.586286134619105,0.999999999999991,0.10193548387096774,0.04655913978494623,2.189376443418014,0.24989247311827958,0.07956989247311827,3.140540540540541,0.2790322580645161,0.03935483870967742,7.090163934426229,0.0,0.0025789138310262577,0.004388537210432994,0.0067647324961556884,0.0,0.005878119738600515,0.01145325033931246,0.015063771612949322,-2.9262405709824786,-2.9186940487010617,-2.9133986553500435,-2.906445336300384,-1.0529761982591854,-1.0467866780839217,-1.0409161982591855,-1.0371144052947374,0.7962921765295834,1.06006006006006,2.325444274683707,0.5975975975975976,0.42517006802721086,0.8932673338459877,0.8922886847265435,0.9754480897727988,0.20942684472266487,-0.11550274851843731
5,2.0,11.0,1,2.5405738434153164,6.714858169885083,3,0.9999999999999881,763.8098510768596,1.000000469549364,9.999999974268043,9.99999527877662,0.9999999999999883,0.9999999999999883,16.958386419729162,0.999999999999989,0.11806451612903228,0.07333333333333333,1.6099706744868039,0.2627956989247312,0.11655913978494623,2.2546125461254616,0.21838709677419357,0.0521505376344086,4.1876288659793826,0.02618073649693706,0.02863946335658444,0.02677818419921526,0.04764040909276847,0.03473032416601246,0.03962275318183792,0.03681613149226393,0.06451794738886985,-3.197741299665883,-3.189667550543885,-3.195779453907058,-3.127273930710635,-1.8369899986746216,-1.8276792916294304,-1.8330205305628469,-1.7803016272126264,0.8138046899926459,1.0380380380380387,2.266498079273693,0.6196196196196196,0.46688741721854304,0.8821927253912188,0.8657561255488615,0.9608906817614464,0.23775880639694424,-0.13872966234771622
5,2.0,12.0,1,2.079206888655762,5.618693456381083,3,0.99999999999999,763.8098515641498,1.000000092975039,10.000000009211247,9.999999079460942,0.9999999999999901,0.99999999999999,4.397540105887258,0.9999999999999909,0.11311827956989247,0.016344086021505375,6.921052631578948,0.04301075268817204,0.033118279569892474,1.2987012987012985,0.15946236559139787,0.16881720430107525,0.9445859872611467,0.0,0.01888306335234097,0.07840710344078637,0.21947260804370644,0.0,0.013934447686470959,0.07477452629403766,0.2120608346170258,-4.910638002436238,-4.817910113935822,-4.525609100618964,-3.8328874728830202,-4.5605710789195,-4.497022039799863,-4.219556536863006,-3.593452569593561,0.8197189344258033,1.0380380380380387,2.5084150592775414,0.5755755755755753,0.47959183673469385,0.9022520502146423,0.8823913038581318,0.9662656162083079,0.21383244160594292,-0.12164275091649293
5,2.0,13.0,1,2.517448622899941,6.944074126927999,2,0.9999999999999892,763.8098520026664,1.0000002808445883,10.000000086109287,9.99999727766417,0.9999999999999892,0.9999999999999892,21.427548102426314,0.99999999999999,0.10193548387096774,0.056666666666666664,1.7988614800759013,0.24989247311827958,0.08655913978494624,2.8869565217391306,0.20989247311827955,0.042258064516129026,4.966921119592875,0.0027786749628436603,0.006403436163979899,0.009165322797833548,0.02700995145567522,0.004030518794482086,0.007391073803248383,0.01065528002068544,0.023845630459469955,-3.903219529278696,-3.889031867669354,-3.8782215795454915,-3.808375998307627,-2.8923993439284117,-2.8826399413703876,-2.8731603457603554,-2.8348541911288425,0.8087580694168836,1.06006006006006,1.8504070195423021,0.5095095095095097,0.48,0.916000109142912,0.8941210094905211,0.9701322949510824,0.23050500785590577,-0.1469515377211968
5,2.0,14.0,1,2.1436688102723207,4.180887244850518,2,0.9999999999999911,763.8098503380581,0.9999997525889123,9.999999740920932,10.000002215032358,0.9999999999999912,0.9999999999999911,13.553129792187482,0.9999999999999912,0.10193548387096774,0.03,3.3978494623655915,0.24989247311827958,0.043333333333333335,5.766749379652605,0.2530107526881721,0.08827956989247313,2.8660170523751525,0.0008071093212788218,0.002826005990224257,0.0046358791191203,0.009602065983655202,0.0027313149817124417,0.005142505209011477,0.008714727588949244,0.016491149458730568,-3.6886542804146907,-3.6812012531673073,-3.674519864292157,-3.6561865208445643,-1.784726172194675,-1.7804110719920434,-1.7740181721946757,-1.7601013774075505,0.7896157632873718,1.06006006006006,1.9466563433422632,0.6196196196196196,0.4395973154362416,0.8749701175233824,0.8847859018209225,0.9651141186651746,0.22278096581178763,-0.11524559376743038
5,2.0,15.0,1,2.1832470391417904,5.101648240884856,4,0.9999999999999905,763.8098499383926,1.0000001100977325,9.999999456642099,9.999998355664955,0.9999999999999905,0.9999999999999902,18.02597232961995,0.9999999999999905,0.10193548387096774,0.02,5.096774193548387,0.11645161290322581,0.023010752688172043,5.060747663551402,0.12526881720430105,0.12129032258064516,1.032801418439716,0.006237016011996436,0.020034506676333115,0.03469943751398117,0.11385698992236933,0.006806999556630674,0.019362990972877178,0.032092016580551164,0.1035321646495151,-5.378582579140053,-5.303905876426456,-5.22453429306245,-4.796106751232957,-5.080940518168487,-5.016707035346816,-4.951588350521245,-4.586117447297484,0.8465042030576343,1.0380380380380387,2.266498079273693,0.5755755755755753,0.5250836120401338,0.9469929502935424,0.8769231170486259,0.963347165437945,0.24708546835262996,-0.1404670821477765
5,2.0,16.0,1,2.4652017833471738,6.325842192434484,3,0.9999999999999903,763.8098516615241,1.0000000858865585,9.999999968035846,9.999999109170338,0.9999999999999905,0.9999999999999902,4.767160348613969,0.9999999999999908,0.10193548387096774,0.019892473118279567,5.124324324324324,0.24989247311827958,0.0664516129032258,3.760517799352751,0.23333333333333334,0.03258064516129032,7.1617161716171625,0.0,0.0,0.0021102678315857793,0.013502974810781276,0.0,0.0,0.0019970231626638473,0.01557765702169096,-3.2828937204191133,-3.2828937204191133,-3.275965935406398,-3.238564889205822,-1.8978109509178553,-1.8978109509178553,-1.8940209784905153,-1.868247502832448,0.7899426076162708,1.0380380380380387,2.266498079273693,0.5535535535535532,0.493006993006993,0.9115410689425352,0.8854531461267782,0.9744364317398131,0.2311330730442218,-0.10302325849350698
5,2.0,17.0,1,1.975427678522496,3.1434785056336514,1,0.9999999999999918,763.8098517579397,1.0000000798114572,9.999999969901214,9.999999171786708,0.9999999999999917,0.9999999999999917,2.2070188207675323,0.9999999999999926,0.10193548387096774,0.026559139784946235,3.838056680161943,0.24989247311827958,0.056129032258064517,4.452107279693487,0.13989247311827957,0.061935483870967735,2.258680555555556,0.0,0.0,0.0027885716395560835,0.014565917501859194,0.0,0.0,0.0020968941264364205,0.010845727427281794,-4.541639505691528,-4.541639505691528,-4.5289748185688685,-4.47548635932844,-3.8822997408403546,-3.8822997408403546,-3.8741589693167207,-3.8401933760601934,0.7708328885835147,1.06006006006006,1.8504070195423021,0.42142142142142086,0.4755244755244755,0.8948364044551176,0.8866943733945616,0.9749429869040039,0.19861160096475555,-0.11580528580082633
5,2.0,18.0,1,2.139390654310987,4.268365074389689,2,0.999999999999992,763.8098520281274,1.0000001831585743,9.999999808899238,9.999997977313866,0.999999999999992,0.9999999999999921,30.25337257197042,0.9999999999999925,0.10193548387096774,0.049892473118279566,2.043103448275862,0.24989247311827958,0.05290322580645161,4.723577235772358,0.16666666666666669,0.0453763440860215,3.672985781990522,0.0,0.0011689871272544583,0.0030741348439883003,0.013084476764663186,0.0,0.0010796345861976955,0.004190828760468211,0.0093534883746552,-4.385485022740876,-4.380358447202525,-4.372003450424679,-4.328103245859045,-2.967670766536106,-2.964466766536106,-2.955233766536106,-2.9399126925215064,0.8145383318977092,1.06006006006006,3.0724688427090037,0.5975975975975976,0.5205479452054794,0.9184272211223139,0.8811456317069658,0.9642802611518418,0.2363815348307858,-0.09630349839018423
5,2.0,19.0,1,1.5949074704867314,1.870432108168198,1,0.9999999999999917,763.8098503001783,1.0000001325264105,9.99999971373153,9.999998388467638,0.9999999999999919,0.9999999999999918,2262.3354334912947,0.9999999999999921,0.10193548387096774,0.8980645161290323,0.11350574712643677,0.24989247311827958,0.046129032258064515,5.417249417249418,0.13999999999999999,0.045161290322580636,3.1000000000000005,0.0,0.0,0.0035765960885535564,0.015570986253909834,0.0,0.0,0.0024610728573679344,0.011059485210716053,-5.89273725149337,-5.89273725149337,-5.871661310488805,-5.8009815207524635,-5.8352599993154435,-5.8352599993154435,-5.820898999315443,-5.770725027652332,0.8217812582423031,1.06006006006006,3.2322839781813806,0.6636636636636631,0.5156794425087108,0.8666554540678398,0.8474834885896566,0.9393865236920519,0.22525144710835185,-0.10134561692067855
5,3.0,0.0,1,2.446585999310779,5.415590317394072,4,0.9999999999999913,174.52985151704576,0.9999996897939402,9.999999831054492,10.000002933116,0.9999999999999917,0.9999999999999915,30.048365633519452,0.9999999999999925,0.10193548387096774,0.1903225806451613,0.5355932203389829,0.24989247311827958,0.06612903225806452,3.778861788617886,0.26268817204301076,0.048817204301075265,5.381057268722468,0.0,0.0,0.0008820349951534818,0.004852254284084881,0.0,0.0,0.001069958414177879,0.009992613869395175,-3.2670065383067013,-3.2670065383067013,-3.2641249242105195,-3.2511541918350693,-1.1841581721415522,-1.1841581721415522,-1.1828911721415518,-1.1723253367670528,0.7970870359636736,1.0380380380380387,2.920555512182745,0.641641641641642,0.46236559139784944,0.90167653171537,0.8837647663458095,0.9764379448431444,0.2231424827966975,-0.11121052753755001
5,3.0,1.0,1,1.849557330777361,2.6709473642037915,2,0.9999999999999908,174.5298518763891,1.0000001706401545,10.0000001090593,9.999998402658028,0.9999999999999909,0.9999999999999907,2.466881191126332,0.9999999999999912,0.10193548387096774,0.08,1.2741935483870968,0.25311827956989247,0.0532258064516129,4.7555555555555555,0.2063440860215054,0.08193548387096775,2.5183727034120738,0.024061193667025683,0.03335321006871857,0.04909899918332307,0.06234455392387992,0.027500264852738404,0.04465017767717854,0.06344049124099363,0.08223845487024124,-4.148527647338395,-4.109029077661893,-4.042096764849639,-3.9857924661692703,-2.764454168087648,-2.7157033599625597,-2.662289504129173,-2.6088539020119503,0.7988528539420003,1.0380380380380387,1.5892828656229763,0.5755755755755753,0.4850498338870432,0.872850695063596,0.8700959080527516,0.9666998234129276,0.24912740695850327,-0.14073291582601916
5,3.0,2.0,1,2.484518277488965,7.2526689558169135,3,0.9999999999999869,174.52985103953733,0.9999998374807058,10.000000283295872,10.000001908489125,0.9999999999999869,0.9999999999999868,31.503631015063057,0.9999999999999866,0.10193548387096774,0.06666666666666667,1.5290322580645161,0.1696774193548387,0.046236559139784944,3.6697674418604653,0.08591397849462365,0.06473118279569892,1.3272425249169435,0.005772074885018559,0.012348603639297998,0.018361061981167933,0.032541037726799775,0.0063700810486745085,0.011503999665823012,0.0191427128341385,0.027832938446606486,-4.762199460421255,-4.730698895114308,-4.701900140675635,-4.63398022901471,-4.4706105560228355,-4.447511663441371,-4.413143020676725,-4.3740433381728785,0.8064133853545935,1.0380380380380387,2.6388908144575076,0.641641641641642,0.46357615894039733,0.9273433419169524,0.8807076384705683,0.9675936381419005,0.23099577890530576,-0.16750364494653092
5,3.0,3.0,1,3.1614477028622803,10.665700405330742,3,0.999999999999989,174.52985109360256,0.9999995643306195,9.999999929530622,10.000004286226295,0.99999999999999,0.999999999999989,5.7388194447052765,0.99999999999999,0.11161290322580646,0.8883870967741936,0.12563543936092955,0.24989247311827958,0.04311827956989247,5.795511221945138,0.2625806451612903,0.01946236559139785,13.49171270718232,0.0,0.0,0.0,0.0012583551810955165,0.0,0.0,0.0,0.0022520035479795127,-2.349982376932563,-2.349982376932563,-2.349982376932563,-2.347025264433067,-0.87067587372512,-0.87067587372512,-0.87067587372512,-0.8687151085683509,0.7903881812576253,1.06006006006006,3.4004119327037095,0.6856856856856854,0.42379182156133827,0.9584267283478023,0.9234621253156994,0.9894048120124117,0.20150835372371154,-0.12108055207297487
5,3.0,4.0,1,3.13155914291866,12.049570507283775,6,0.9999999999999827,174.52985310403216,1.0000000047996476,10.00000032190705,10.000000273910574,0.9999999999999827,0.9999999999999827,7.172950387561053,0.9999999999999848,0.11161290322580646,0.14655913978494622,0.7615553925165078,0.2595698924731183,0.12301075268817203,2.1101398601398604,0.2591397849462366,0.08946236559139784,2.896634615384616,0.04621246022837931,0.04371172811368469,0.05534131147364342,0.09000388370322764,0.08464914997156688,0.07643256060306955,0.10368404204569832,0.15940853269428776,-2.824906954446676,-2.8323135678143663,-2.797869323639473,-2.6952064796964614,-1.2849839447781326,-1.2965185223873912,-1.2582624633865072,-1.1800355454651958,0.8063734540104981,1.06006006006006,2.266498079273693,0.7077077077077075,0.45364238410596025,0.9176758784201082,0.8962831055753696,0.9784998924926973,0.21264738559705246,-0.14775210461655067
5,3.0,5.0,1,2.3481835224849235,5.658925861531882,3,0.9999999999999897,174.5298514513844,1.0000001247399009,9.999999693458959,9.999998446060143,0.9999999999999895,0.9999999999999899,20.601063118200997,0.9999999999999901,0.10193548387096774,0.0464516129032258,2.1944444444444446,0.2532258064516129,0.08268817204301075,3.0624187256176856,0.16311827956989247,0.03870967741935484,4.213888888888889,0.017531603155901375,0.026030067320295676,0.024019652241721322,0.030012103972452294,0.019563444415604512,0.01152505389380499,0.015909845474161032,0.02503407735528474,-3.633228054142764,-3.601800215325365,-3.6092348529049665,-3.5870744009137123,-2.8419584884038445,-2.8652591008161554,-2.8525490528475266,-2.8261009485851676,0.8287127033705115,1.06006006006006,2.6388908144575076,0.641641641641642,0.47019867549668876,0.9166931212747284,0.8748411297418256,0.9643313379934778,0.23089901903492593,-0.12681113123873247
5,3.0,6.0,1,2.5787278616573333,6.580821684808811,4,0.9999999999999853,174.52985210759738,1.0000001681483144,10.000000238932175,9.999998557449274,0.9999999999999852,0.9999999999999856,507.09190000242324,0.9999999999999867,0.10193548387096774,0.05333333333333333,1.9112903225806452,0.24989247311827958,0.07967741935483871,3.136302294197031,0.15978494623655914,0.049032258064516124,3.2587719298245617,0.023435730151935102,0.019393019034057785,0.024480395940563407,0.03745747198504405,0.01926757029308035,0.019516090299622833,0.024374684699294068,0.03907007925000087,-3.723080914773082,-3.7384934596220263,-3.7190982017248526,-3.669624034337711,-2.8419224817963054,-2.841202331659147,-2.827123314553042,-2.7845396588203557,0.8131694581517013,1.06006006006006,2.154434690031882,0.5755755755755753,0.48013245033112584,0.879912750018347,0.8626439255125121,0.9646976790378927,0.25235568479102816,-0.14980860997583456
5,3.0,7.0,1,2.4869717098315993,5.937695270044754,3,0.9999999999999866,174.5298532260502,0.9999999990893081,10.000000306933641,10.00000031604056,0.9999999999999872,0.9999999999999866,10.767830971673838,0.9999999999999882,0.10193548387096774,0.03333333333333333,3.0580645161290323,0.24989247311827958,0.06634408602150538,3.766612641815235,0.23989247311827958,0.04569892473118279,5.249411764705883,0.0,0.00019398685630844998,0.0008542780868801636,0.0042546949385782115,0.0,0.00020004711295761949,0.0011929892934181249,0.005888673931778281,-3.3441429010483636,-3.3434941812799432,-3.341286073048602,-3.329914593173391,-1.919547822125958,-1.9191638221259577,-1.9172578221259577,-1.9082442309050032,0.8108282125958702,1.06006006006006,2.6388908144575076,0.5975975975975976,0.4896551724137931,0.9025884927958292,0.8775255267106303,0.9749112614255525,0.24255956006518994,-0.12962577197373853
5,3.0,8.0,1,2.3357234444786186,5.121600205918956,4,0.999999999999989,174.52984903553667,1.0000002031741337,9.999999685006877,9.999997653266016,0.9999999999999895,0.9999999999999891,4.353496416753662,0.9999999999999898,0.10193548387096774,0.14311827956989248,0.7122464312546957,0.24989247311827958,0.04301075268817204,5.8100000000000005,0.24268817204301074,0.03903225806451612,6.217630853994491,0.14904967790446103,0.05877899827666263,0.044118657148744675,0.02358432641709668,0.0542679169727451,0.009271687477156537,0.010893359059151949,0.012970501880790792,-2.9895863234226945,-3.306728208458656,-3.35823339530059,-3.4303752732950623,-1.8261328849962677,-1.9130169992791553,-1.9098856813745468,-1.9058748849962672,0.8093432266001603,1.06006006006006,1.6719497597319883,0.5315315315315318,0.5102739726027398,0.9112884668132613,0.8816047392106217,0.9746207542667173,0.3180222454514187,-0.1043641502494775
5,3.0,9.0,1,2.5303619814328293,6.3356091468583156,1,0.9999999999999903,174.5298513721363,1.0000001631455226,9.999999660470905,9.999998029016,0.9999999999999906,0.9999999999999903,14.882867827325843,0.9999999999999907,0.10193548387096774,0.8980645161290323,0.11350574712643677,0.24989247311827958,0.0464516129032258,5.379629629629631,0.2687096774193548,0.042365591397849456,6.34263959390863,0.0,0.0,0.0004505726731097867,0.004022771542690912,0.0,0.0,0.0008917856945054865,0.005832021430889518,-3.173241013701306,-3.173241013701306,-3.1718112380153407,-3.1604757900532885,-1.5328794893465383,-1.5328794893465383,-1.5315124893465382,-1.5239397033136983,0.7942611751306664,1.06006006006006,2.154434690031882,0.6636636636636631,0.4336917562724014,0.9012398427210778,0.8946647927979543,0.981228788594867,0.22214750313139298,-0.12455600879801132
5,3.0,10.0,1,2.8107083525398293,7.7175309572871456,4,0.9999999999999875,174.52985269351203,0.9999999848937378,10.000000135361223,10.00000028642385,0.9999999999999873,0.9999999999999873,6.0163987866780895,0.9999999999999879,0.11161290322580646,0.13999999999999999,0.7972350230414748,0.2724731182795699,0.18301075268817205,1.488836662749706,0.25225806451612903,0.053010752688172035,4.7586206896551735,0.05247455265426079,0.061937138219147585,0.07145341788488921,0.10249464749920573,0.10926177477184676,0.1215233111545375,0.1399199193016289,0.20560180837564362,-2.747607851552605,-2.7201685099846262,-2.6925734677613207,-2.602560976330025,-1.1098584316040867,-1.0945805765021976,-1.071658431604087,-0.9898189008330709,0.8150002038207703,1.06006006006006,3.2322839781813806,0.641641641641642,0.4867549668874172,0.8576220944572785,0.8599997528599944,0.9571706898164279,0.2434071599735324,-0.13354672255973793
5,3.0,11.0,1,2.5476118568954833,6.75546133241518,3,0.9999999999999906,174.52985130235805,0.9999999820082288,10.000000098079546,10.000000277997263,0.9999999999999907,0.9999999999999906,6.293980676254992,0.9999999999999912,0.10193548387096774,0.01666666666666667,6.116129032258063,0.24989247311827958,0.039677419354838706,6.298102981029811,0.21548387096774194,0.05182795698924732,4.157676348547717,0.0,0.0,0.0009138516208324175,0.005458799634569863,0.0,0.0,0.0009702786270027572,0.006735316861264743,-3.16127383765244,-3.16127383765244,-3.158384902432006,-3.1440170771826876,-1.6938260263971059,-1.6938260263971059,-1.6921825432058317,-1.6824175714014644,0.8049272151355881,1.06006006006006,2.3843904700937206,0.5755755755755753,0.44680851063829785,0.8969644546142919,0.8869870778420627,0.9741180011356891,0.21545270689355883,-0.11500163780816763
5,3.0,12.0,1,2.9301482790311764,9.836267206935633,3,0.9999999999999863,174.52985120561124,0.9999998542421094,10.000000029802013,10.000001487381137,0.9999999999999866,0.9999999999999865,1.9384084945605466,0.9999999999999873,0.11161290322580646,0.12634408602150535,0.8834042553191491,0.2627956989247312,0.09935483870967741,2.6450216450216453,0.2719354838709678,0.0686021505376344,3.963949843260189,0.06793280798176896,0.05251654740901562,0.044728580954101156,0.05513131989425664,0.11870854453360975,0.07828861264020066,0.06398735528765963,0.0778199128500243,-3.1638693913637472,-3.2161993471578225,-3.2426353261287355,-3.207323593668934,-1.5301741351706988,-1.600354702501769,-1.625185777358494,-1.6011684994490096,0.7841506590738097,1.06006006006006,2.776153294436798,0.5975975975975976,0.4633333333333333,0.9094980895853058,0.8937797772494462,0.9783494217938593,0.23557122654672935,-0.14096750129517116
5,3.0,13.0,1,2.688037018982612,7.546181031772834,3,0.9999999999999879,174.5298505321953,0.9999999953711858,9.999999959798512,10.000000006086655,0.9999999999999882,0.9999999999999879,28.567377412302008,0.999999999999989,0.10193548387096774,0.0332258064516129,3.0679611650485437,0.24989247311827958,0.07301075268817205,3.4226804123711343,0.27236559139784944,0.048494623655913977,5.616407982261641,0.0,7.832389281712763e-05,0.0011727798383115143,0.005134835016192003,0.0,0.00019117122003342823,0.0021067711542271943,0.008274164434858027,-3.2298024126615927,-3.229549441963603,-3.2260145655102934,-3.2132179101376765,-1.4803483492447436,-1.480065349244744,-1.477229594044347,-1.4680997035822219,0.7947945513974783,1.06006006006006,2.6388908144575076,0.6856856856856854,0.4896551724137931,0.901165151620043,0.8857120284220015,0.9668497636184402,0.23626992409935965,-0.1241436478034063
5,3.0,14.0,1,2.3405859039733534,5.8589728297461825,3,0.9999999999999876,174.52985014434378,1.000000165659078,9.9999997149612,9.999998058370743,0.9999999999999876,0.9999999999999875,3.2348134580796186,0.9999999999999879,0.10193548387096774,0.023333333333333334,4.368663594470045,0.0996774193548387,0.04924731182795699,2.024017467248908,0.12440860215053764,0.13193548387096773,0.9429502852485739,0.023719165239096392,0.03313153275765163,0.05453998011646514,0.09854417866502509,0.022811145807964353,0.03278696216042916,0.05362956976589286,0.09004507629453393,-4.61737490974245,-4.572858590181496,-4.47160613886677,-4.263485816243407,-4.238670393011423,-4.1953991284673,-4.104991892044737,-3.9470353939662886,0.8119770723113642,1.06006006006006,1.7589165903277326,0.5975975975975976,0.5165562913907285,0.8976401438715216,0.8803571906870916,0.970116822655688,0.2174513675250277,-0.1529812130426314
5,3.0,15.0,1,2.5109511104572246,6.355335328124903,3,0.9999999999999888,174.5298520459258,1.000000009559827,9.999999968862921,9.999999873264652,0.999999999999989,0.9999999999999891,24.084468769835084,0.99999999999999,0.10193548387096774,0.30279569892473124,0.3366477272727272,0.24989247311827958,0.1993548387096774,1.2535059331175837,0.22268817204301078,0.08526881720430109,2.6116015132408577,0.22433815424540599,0.16981347820868015,0.13104461981113133,0.10453828796094554,0.3553703755895114,0.11977955253613283,0.10498631272257983,0.09601014107855955,-2.4540178484395208,-2.626521535332019,-2.749177394959424,-2.8330374066552895,-1.3811052031735176,-1.8858535101358411,-1.9175477105024095,-1.9367789665488129,0.8021979541919303,1.0380380380380387,1.8504070195423021,0.5535535535535532,0.46688741721854304,0.950343141595365,0.9210965817493082,0.9848298734695534,0.20922858522776883,-0.1413073448129055
5,3.0,16.0,1,2.8047975592134273,8.506677163956866,3,0.999999999999986,174.52985049945687,0.9999999260280954,10.000000072808378,10.000000812527484,0.9999999999999863,0.9999999999999861,79.18993498122677,0.9999999999999876,0.10193548387096774,0.1956989247311828,0.5208791208791208,0.24989247311827958,0.09602150537634409,2.6024636058230683,0.2563440860215054,0.06225806451612903,4.117443868739206,0.20494193656455553,0.1715284585908808,0.10903802969139308,0.05926455082944955,0.43193980288240785,0.35220586796190884,0.04941558979320864,0.03062241384083305,-2.2210894190002595,-2.314433950415547,-2.4890084083082185,-2.6280565512443506,-0.5880212160687919,-0.6705569149468391,-0.983986914946839,-1.0034404627105862,0.8147120290293716,1.0380380380380387,3.0724688427090037,0.5975975975975976,0.48639455782312924,0.932175251564443,0.9119247253656851,0.9846474946499786,0.2820137292669183,-0.1185711780154789
5,3.0,17.0,1,2.3942170519155495,5.251050126852755,3,0.9999999999999903,174.52985211644136,1.0000000802705327,10.000000074197652,9.999999271492385,0.9999999999999905,0.9999999999999903,49.83054441943001,0.9999999999999907,0.08505376344086021,0.19322580645161289,0.4401780745687257,0.14333333333333334,0.14655913978494622,0.9779897285399854,0.19096774193548388,0.09559139784946236,1.9977502812148484,0.19733678424736456,0.23527238007712675,0.24617427620256835,0.2437088605004284,0.26336501800423456,0.2823260439177464,0.28288410296643923,0.2516958875163213,-3.395332805222709,-3.2348620492709923,-3.1887461131879693,-3.1991750286380665,-2.301910392756438,-2.24265908963561,-2.2409152111132,-2.3383752544601046,0.813507649376596,1.06006006006006,1.8504070195423021,0.6196196196196196,0.48013245033112584,0.8864393766265387,0.874601428216876,0.9653810254568671,0.2480631798398152,-0.16209238386227012
5,3.0,18.0,1,2.021857388420185,4.033973642394273,2,0.9999999999999898,174.52985100575154,0.9999999624617958,9.9999999563308,10.000000331712855,0.9999999999999901,0.99999999999999,2.3316749353880777,0.99999999999999,0.10193548387096774,0.059784946236559146,1.7050359712230214,0.2532258064516129,0.0696774193548387,3.6342592592592595,0.19666666666666668,0.06827956989247311,2.880314960629922,0.1036082710163312,0.0701639285819167,0.05816613186522338,0.07321709183333569,0.08788706868676152,0.0502093098211963,0.04522361747069731,0.06395032613967239,-4.499566899504535,-4.667445575007495,-4.727670237092034,-4.652119783993732,-4.227540779211453,-4.402172950958146,-4.425281073867872,-4.338484886860063,0.8360904158396876,1.0160160160160154,1.6719497597319883,0.4654654654654652,0.5066225165562914,0.9123441527308537,0.8827388907106523,0.9557514354819721,0.2066380096664627,-0.15478712222883811
5,3.0,19.0,1,2.02080551151103,3.9209872724345596,2,0.9999999999999902,174.52984997557405,0.9999999479937677,9.999999850505423,10.000000370567765,0.9999999999999901,0.9999999999999903,6.659112309426751,0.9999999999999907,0.10193548387096774,0.03655913978494624,2.788235294117647,0.07946236559139784,0.049892473118279566,1.5926724137931034,0.16483870967741937,0.09935483870967743,1.6590909090909092,0.016581543177628767,0.03282657754380354,0.052869131162524084,0.1256052867896303,0.019383729161406252,0.02944643123208564,0.05420477501276804,0.1346864759070027,-4.89601328233177,-4.815136313349792,-4.715353145718206,-4.3532314247096835,-4.183815484591674,-4.140882800327586,-4.035250918456117,-3.6918744148828884,0.8044341029023195,1.06006006006006,1.8504070195423021,0.5095095095095097,0.4735099337748344,0.863406716888016,0.8627067984521947,0.9547903357010931,0.2212728933421622,-0.14487823985494183
5,4.0,0.0,1,1.7209768344322898,1.9272608921630638,2,0.9999999999999938,1049.4898514147567,1.0000003935170791,10.000000011217395,9.999996076048149,0.9999999999999938,0.9999999999999937,9.498791065771206,0.9999999999999941,0.10193548387096774,0.07634408602150537,1.3352112676056338,0.24989247311827958,0.08268817204301075,3.022106631989597,0.13978494623655915,0.05526881720430107,2.5291828793774327,0.10813950652355118,0.06568375583041641,0.054204844465493056,0.08212501692532137,0.07519787262751669,0.030742268732228004,0.029426410797107963,0.052103494754930216,-4.744291411671517,-4.970136658616324,-5.031199236230524,-4.8826766417413126,-4.349336203448646,-4.5584105143147955,-4.5645989825140125,-4.457948857771517,0.7976189629397826,1.0820820820820811,2.325444274683707,0.5975975975975976,0.47019867549668876,0.9075159718140362,0.8804035193229528,0.959999499476269,0.23888872699021782,-0.14087213393195477
5,4.0,1.0,1,1.6559582339705343,1.8264872706874833,2,0.9999999999999928,1049.4898522713668,1.0000001032420476,10.00000019571967,9.99999916329928,0.9999999999999927,0.9999999999999928,6.499634673928248,0.9999999999999928,0.10193548387096774,0.02,5.096774193548387,0.24989247311827958,0.039784946236559135,6.281081081081082,0.12333333333333334,0.06516129032258064,1.892739273927393,0.0,0.0004983919635793665,0.004670546508808835,0.012397040893965643,0.0,0.00029507212943835956,0.002570409957595313,0.01047237660163642,-4.979732325929886,-4.977250467357866,-4.956474254500212,-4.91799838064433,-4.547166666129151,-4.545824923978065,-4.535478583651687,-4.499547024331039,0.7873321828777422,1.06006006006006,3.4004119327037095,0.6196196196196196,0.4241379310344828,0.8843706383988499,0.86496546148525,0.9477470475173897,0.22189866005379671,-0.08526913757916735
5,4.0,2.0,1,2.513093485406494,6.723620748964262,3,0.9999999999999906,1049.4898514683548,1.0000000942762202,10.000000027516636,9.99999908475452,0.9999999999999906,0.9999999999999906,18.185373444411994,0.999999999999991,0.10193548387096774,0.8980645161290323,0.11350574712643677,0.24989247311827958,0.039677419354838706,6.298102981029811,0.2595698924731183,0.0389247311827957,6.668508287292818,0.0,5.520867793824902e-05,0.0005854059709384344,0.0029942492669081584,0.0,0.00011185968451819225,0.0008969502709879726,0.003772104999085072,-3.676958180868033,-3.676755180868033,-3.674805667594062,-3.6659484515305167,-1.8147735788307038,-1.8145705788307038,-1.8131458171773898,-1.807928062341789,0.8008872440575505,1.06006006006006,2.266498079273693,0.6636636636636631,0.4756944444444444,0.8820495873707822,0.8753616520813031,0.9676038914049091,0.22743748929916188,-0.10093788671638633
5,4.0,3.0,1,2.956974244994783,8.646489482095161,4,0.9999999999999867,1049.4898495757343,1.0000000586552005,9.999999852151111,9.999999265599149,0.9999999999999867,0.9999999999999866,19.38887842040454,0.9999999999999867,0.10193548387096774,0.07333333333333333,1.3900293255131964,0.24989247311827958,0.06989247311827958,3.5753846153846154,0.2521505376344086,0.03569892473118279,7.063253012048194,0.0,0.0022879316500870306,0.004867561328111439,0.010551333974031019,0.0,0.004086718490717944,0.008081669670721848,0.01728725248036861,-2.643744689463166,-2.6376959823133936,-2.630876100051335,-2.615849656302569,-1.4029991190064945,-1.3972654565643896,-1.3916605435783702,-1.3787451190064945,0.7842267300370109,1.0820820820820811,2.6388908144575076,0.5535535535535532,0.47297297297297297,0.9061944594460766,0.8940730695888175,0.9826539273926002,0.23701363452355612,-0.10204548305029938
5,4.0,4.0,1,2.8569646100229242,8.917038540844999,3,0.9999999999999869,1049.489852399236,0.9999999489684441,10.000000523531137,10.000001033846749,0.9999999999999869,0.9999999999999869,8.754869777148214,0.9999999999999876,0.10193548387096774,0.8980645161290323,0.11350574712643677,0.24989247311827958,0.04956989247311828,5.0412147505422995,0.26301075268817203,0.04580645161290322,5.741784037558686,0.0,0.0,0.001102572032349804,0.006041225388910371,0.0,0.0,0.0019042687771014535,0.006745541905160421,-3.077695595806442,-3.077695595806442,-3.0743022147184194,-3.059102543033718,-1.435196560939302,-1.435196560939302,-1.432463560939302,-1.425515382395344,0.8311843964665079,1.06006006006006,3.0724688427090037,0.641641641641642,0.45422535211267606,0.9283214035949979,0.9085388878910217,0.9801456840399443,0.22391273637263168,-0.1264027054687187
5,4.0,5.0,1,1.7653459317707765,2.2594541945368034,1,0.9999999999999932,1049.4898511916886,1.0000002305749713,9.99999980120329,9.999997495454153,0.9999999999999931,0.9999999999999932,14.769081358737491,0.9999999999999931,0.10193548387096774,0.04978494623655914,2.0475161987041037,0.24989247311827958,0.0532258064516129,4.694949494949496,0.19322580645161289,0.026129032258064518,7.395061728395061,0.006887627408589375,0.006521989021703075,0.013925810695841695,0.02583486200180255,0.01043856607705773,0.008786034665401442,0.014217673022344413,0.028428451159473744,-4.098896062944613,-4.100405170862138,-4.06984720345742,-4.02069469578698,-3.0383898788907255,-3.043463878890726,-3.0267863544402176,-2.983153000327129,0.8255829803472559,1.0380380380380387,2.776153294436798,0.5535535535535532,0.5083612040133779,0.9173707926439197,0.896184444074406,0.9738796712672553,0.23915189718740265,-0.11575749894729376
5,4.0,6.0,1,2.8694644586837974,9.077883734879684,4,0.9999999999999835,1049.489850918725,1.0000002130630374,9.999999737514926,9.999997606885062,0.9999999999999837,0.9999999999999835,12.371863202573602,0.9999999999999843,0.049032258064516124,0.14989247311827958,0.3271162123385939,0.12333333333333334,0.39505376344086024,0.3121937942297224,0.20516129032258065,0.21591397849462365,0.950199203187251,0.12727564612880232,0.27820651891015746,0.4568861277884908,0.5894908684269238,0.10677097038934973,0.3413683550015731,0.5362994720550348,0.6308425261586261,-3.396470340087522,-2.8090772754486344,-2.1136916256249267,-1.5976202377512854,-2.709178411919972,-1.9976406664871358,-1.4064113662449813,-1.1196607203483988,0.8142470123341936,1.06006006006006,2.5084150592775414,0.7077077077077075,0.4533333333333333,0.9358480294194476,0.8904944283702091,0.9828489548316982,0.26009423932111325,-0.16087921164024901
5,4.0,7.0,1,2.3477028600309158,4.913320918914275,3,0.9999999999999879,1049.4898513044195,1.0000000781059697,9.999999518602989,9.999998737543391,0.9999999999999887,0.9999999999999879,34.545210173552135,0.9999999999999892,0.10193548387096774,0.049892473118279566,2.043103448275862,0.24989247311827958,0.0532258064516129,4.694949494949496,0.1553763440860215,0.06838709677419355,2.272012578616352,0.001192592287214316,0.0060131558467018875,0.01049413693697661,0.02742185765397544,0.0014996649973657167,0.007081157902015971,0.011553930794376952,0.024342705331780703,-3.3055015894559907,-3.289548183038583,-3.274718607284691,-3.2186971888372247,-2.5833644891460406,-2.5689238023872765,-2.557351645370314,-2.5242639589254847,0.818652957024042,1.0380380380380387,2.266498079273693,0.5755755755755753,0.5033557046979866,0.9360828567936718,0.9099046849282055,0.9836769173349842,0.24896406548734737,-0.11962579856577166
5,4.0,8.0,1,2.2168701384857856,4.972840251914002,3,0.9999999999999891,1049.4898507832004,0.9999999451475181,9.999999723626797,10.000000272151631,0.9999999999999891,0.9999999999999891,17.513858691345146,0.9999999999999901,0.10193548387096774,0.0332258064516129,3.0679611650485437,0.24989247311827958,0.03290322580645161,7.594771241830067,0.13333333333333336,0.04204301075268817,3.1713554987212285,0.0,0.0010853179085605165,0.002941366991728804,0.015455970594842973,0.0,0.0007001905961702833,0.0026046209477725004,0.012526956738923642,-4.763759541216823,-4.758589347674664,-4.749747576145754,-4.690131013826873,-4.207953404675955,-4.205007035272878,-4.196993281090885,-4.155240554416173,0.821266766134163,1.06006006006006,1.9466563433422632,0.5755755755755753,0.47619047619047616,0.9098252725306476,0.8944069602984521,0.9617049039367025,0.22497512669085393,-0.17828168616221868
5,4.0,9.0,1,2.705019531732832,7.866296199186008,4,0.9999999999999903,1049.4898515477582,1.0000001256392501,9.999999781330091,9.999998524937775,0.9999999999999903,0.9999999999999901,12.967821354849596,0.9999999999999907,0.10193548387096774,0.11000000000000001,0.9266862170087975,0.25311827956989247,0.04956989247311828,5.106290672451193,0.23537634408602148,0.08838709677419354,2.6630170316301705,0.0,0.0007168275700251745,0.004316151980405112,0.016674373298668225,0.0,0.0011235236213898141,0.005938045421353355,0.019085827683289237,-3.2942451006578564,-3.2918836949472845,-3.2800266381427123,-3.239315628112178,-1.9723661859984316,-1.9701501859984318,-1.9606541859984314,-1.934721944844119,0.7818060985558414,1.06006006006006,2.154434690031882,0.6856856856856854,0.4261168384879725,0.9120047092207854,0.8970216224234605,0.9823906013208015,0.23981101010337505,-0.11998071247724974
5,4.0,10.0,1,2.3989085000409984,5.454479298956048,1,0.9999999999999918,1049.4898501396344,1.0000002612496313,9.99999997166235,9.999997359166727,0.9999999999999917,0.9999999999999918,25.72649227097203,0.9999999999999922,0.10193548387096774,0.8980645161290323,0.11350574712643677,0.24989247311827958,0.043225806451612905,5.781094527363184,0.2032258064516129,0.07139784946236559,2.8463855421686746,0.0,0.0,0.00027316981552830485,0.0036185745288133554,0.0,0.0,0.000408461065703126,0.0037869721159705253,-3.632094091987748,-3.632094091987748,-3.6311019135146583,-3.6189510888202276,-2.31482750073067,-2.31482750073067,-2.3138819838228026,-2.3060613135321213,0.8098642737631138,1.06006006006006,2.154434690031882,0.5535535535535532,0.5,0.9060172080615375,0.8855099872007893,0.9737949101622165,0.22453437834465317,-0.1053193301330752
5,4.0,11.0,1,2.8273697597527665,8.857425569509687,4,0.9999999999999887,1049.489850940356,0.9999998338149977,10.000000012029032,10.000001673879334,0.9999999999999889,0.9999999999999888,2.441502032868538,0.9999999999999892,0.10193548387096774,0.04666666666666667,2.1843317972350227,0.2530107526881721,0.026451612903225806,9.565040650406505,0.15139784946236562,0.052258064516129035,2.8971193415637866,0.008517448596151975,0.013691238117349533,0.017207657173282917,0.04749579877662425,0.010558238028324842,0.01719144985856127,0.02419814894263358,0.051021321029108606,-3.1368285933841897,-3.1204598828271912,-3.1093347209921647,-3.0135098287766566,-2.227365184934511,-2.2124329416607655,-2.1966599288357602,-2.136277396026687,0.8162339264774536,1.0380380380380387,2.776153294436798,0.5755755755755753,0.5033112582781457,0.9202187479292383,0.8870750239917576,0.9694892329116152,0.22456282887388537,-0.14246675460831287
5,4.0,12.0,1,2.529952077557159,6.467357956410908,3,0.9999999999999918,1049.4898514153533,0.999999798574143,10.000000172050228,10.000002186309239,0.9999999999999919,0.999999999999992,14.284360765046992,0.9999999999999928,0.10193548387096774,0.18268817204301074,0.5579752795762213,0.24989247311827958,0.14247311827956988,1.7539622641509436,0.23946236559139783,0.05526881720430107,4.332684824902724,0.15192761104014446,0.10473343456939481,0.0747618531176235,0.04597991567593572,0.1867654650915628,0.1350597189422334,0.025544207504386674,0.029098952329343692,-2.8947664062882454,-3.0558565660416153,-3.158160011194841,-3.256402787045938,-1.5687312372357498,-1.66847173723575,-1.8797274038113736,-1.8728702930912293,0.8477505116838308,1.06006006006006,1.9466563433422632,0.6636636636636631,0.5066225165562914,0.9269429635419688,0.9081433333012988,0.9779667924043305,0.21834202111378792,-0.12672292172871713
5,4.0,13.0,1,2.997425149136619,9.764943414669338,3,0.9999999999999871,1049.4898529411585,1.0000001140374546,10.00000034783995,9.999999207465494,0.9999999999999873,0.9999999999999872,10.068955601573116,0.9999999999999886,0.09505376344086021,0.13645161290322583,0.6966115051221433,0.1467741935483871,0.16301075268817206,0.9003957783641161,0.3122580645161291,0.09913978494623656,3.149674620390456,0.10560394448929945,0.16641077942675947,0.2466393747009651,0.33950853304425965,0.08047988383686079,0.17327836038776737,0.26873298028494264,0.36081810309962353,-3.13060541148359,-2.917766585398087,-2.6369468378448175,-2.3118820213375115,-2.6368602742920686,-2.3707468831539282,-2.0970166071325886,-1.8329488636050955,0.8344170261376412,1.06006006006006,2.154434690031882,0.641641641641642,0.4900662251655629,0.9213107352119619,0.8915020282769454,0.9755095772469881,0.247041850982681,-0.1371156134725833
5,4.0,14.0,1,2.426918101923993,5.611100758384213,1,0.9999999999999886,1049.489851945548,1.0000001399917562,9.99999992904131,9.999998529123955,0.9999999999999887,0.9999999999999887,14.228637549622896,0.9999999999999888,0.10838709677419356,0.18268817204301074,0.5932901706886404,0.2563440860215054,0.13612903225806453,1.8830963665086886,0.2688172043010753,0.04268817204301075,6.297229219143578,0.3719768388967041,0.20695792524205833,0.1354927495939045,0.11355834522755985,0.5242201149443078,0.0932858306880009,0.08271694819746053,0.13151395509164357,-2.3137167450488594,-2.9216672911748596,-3.1849540357186563,-3.265763155219804,-0.9489264479161137,-1.8084099033731336,-1.8294891722434796,-1.7321652376353256,0.8200498944918657,1.0380380380380387,2.154434690031882,0.5975975975975976,0.5033112582781457,0.8915510827287294,0.8744363182635257,0.9675808304953232,0.23712357900973718,-0.1380205562184038
5,4.0,15.0,1,2.544197661657341,6.549740434651881,3,0.9999999999999916,1049.48985209005,1.0000002084600514,9.999999833581255,9.99999774898121,0.9999999999999918,0.9999999999999915,13.84678051841976,0.999999999999992,0.10193548387096774,0.023333333333333334,4.368663594470045,0.24989247311827958,0.05311827956989247,4.704453441295547,0.25612903225806455,0.0489247311827957,5.235164835164835,0.0,0.0,0.0005358594465143868,0.00269663510325679,0.0,0.0,0.001166934816570565,0.0049429112470720975,-3.104924807758338,-3.104924807758338,-3.103261004469384,-3.096551958528764,-1.3275577229687654,-1.3275577229687654,-1.326008549640826,-1.3209957229687657,0.7905479455141717,1.0380380380380387,2.776153294436798,0.5975975975975976,0.4634146341463415,0.9245634095749422,0.9022799623086699,0.987207142219673,0.2290043725140937,-0.10717307635659554
5,4.0,16.0,1,2.492271090709089,6.361131604092387,4,0.9999999999999906,1049.4898509236077,1.0000001590465388,10.000000085150134,9.999998494684986,0.9999999999999908,0.9999999999999906,5.380608902474309,0.9999999999999913,0.10193548387096774,0.03333333333333334,3.0580645161290314,0.24989247311827958,0.016666666666666666,14.993548387096775,0.1933333333333333,0.06870967741935483,2.8137715179968703,0.0,0.0003047582771853648,0.001794159392672221,0.007433317974281863,0.0,0.0003046642499129458,0.002125148593404447,0.007752467068868901,-4.236471748092381,-4.235180648261088,-4.22887084251375,-4.204980706499748,-3.0033060992927445,-3.0023910992927445,-2.9969236275602693,-2.9800230676602446,0.8168782824369643,1.06006006006006,2.3843904700937206,0.5975975975975976,0.5051194539249146,0.9123904369345512,0.8839710099218999,0.9695209258191935,0.23839514100097026,-0.11939683088518549
5,4.0,17.0,1,1.6477752207166452,1.7128967698930548,2,0.9999999999999933,1049.4898518616355,0.9999997528010867,9.999999726648989,10.000002198638665,0.9999999999999934,0.9999999999999932,31.000988087560405,0.999999999999994,0.10193548387096774,0.12333333333333334,0.8265039232781167,0.24989247311827958,0.02978494623655914,8.389891696750903,0.1531182795698925,0.06827956989247311,2.2425196850393707,0.0,0.0,0.0017300372154069451,0.008872465255202654,0.0,0.0,0.0021145453111191485,0.008588961507989755,-4.750300646865135,-4.750300646865135,-4.7420824499616865,-4.708153769424057,-3.762529816391866,-3.762529816391866,-3.7545737766106684,-3.7302135926262125,0.8046039069743037,1.0380380380380387,2.0479120966650832,0.48748748748748744,0.45390070921985815,0.9190435948884185,0.9004289389796828,0.9724971512459366,0.22085154640326707,-0.12194053702395749
5,4.0,18.0,1,2.5865113279588288,7.397277304390727,3,0.9999999999999882,1049.4898499314497,1.000000255687559,9.999999528581611,9.999996971706796,0.9999999999999883,0.9999999999999881,3.354989736017632,0.9999999999999879,0.10193548387096774,0.07989247311827956,1.2759084791386273,0.15473118279569892,0.0696774193548387,2.220679012345679,0.11903225806451612,0.08193548387096773,1.452755905511811,0.06531017923401168,0.07295937922607205,0.09503537604113046,0.15064430499964246,0.06421506690172267,0.0721138203112399,0.09002593999087026,0.14040180409220548,-4.320387954372514,-4.285031292973119,-4.182990093206568,-3.9259506545711678,-3.9772649942659846,-3.9436937811347805,-3.867563845660157,-3.6534567856300515,0.8062631387364954,1.0380380380380387,2.5084150592775414,0.5315315315315318,0.5,0.9427110001100518,0.8682495702806087,0.9569595764220297,0.24536339517147285,-0.14993375822944982
5,4.0,19.0,1,1.8810826943285508,2.866064231676452,3,0.9999999999999922,1049.489850857194,1.0000000448574993,9.999999899950604,9.999999451375636,0.999999999999992,0.9999999999999923,6.7548344319477245,0.9999999999999931,0.10193548387096774,0.8980645161290323,0.11350574712643677,0.24989247311827958,0.053010752688172035,4.7139959432048695,0.22333333333333333,0.0453763440860215,4.921800947867299,0.0,0.0,0.00032539830757395585,0.005065632103126054,0.0,0.0,0.00043215140081722146,0.00479435317197904,-4.274151300464101,-4.274151300464101,-4.272760498864615,-4.252500022422852,-2.6449063866006677,-2.6449063866006677,-2.643763386600668,-2.632225771276481,0.7578493789557978,1.06006006006006,1.9466563433422632,0.5975975975975976,0.4368231046931408,0.8857277683194267,0.8863044938956969,0.9693281449224532,0.23449829369335223,-0.1380991053301882
5,5.0,0.0,1,2.9531050583852854,9.334065137672878,3,0.9999999999999897,70.36985116385173,1.0000000078187132,9.999999891068757,9.999999812881626,0.99999999999999,0.9999999999999898,3.96871464746221,0.9999999999999912,0.10516129032258063,0.8948387096774194,0.11751982696467193,0.24989247311827958,0.03655913978494624,6.835294117647059,0.2790322580645161,0.029139784946236556,9.575645756457565,0.0,0.0,0.0,0.0018168460712766022,0.0,0.0,0.0,0.0032552940856407087,-2.834477660302522,-2.834477660302522,-2.834477660302522,-2.8293278507012802,-0.9756473834239499,-0.9756473834239499,-0.9756473834239499,-0.9724713642670191,0.8118959557537223,1.06006006006006,2.6388908144575076,0.44344344344344305,0.5239852398523985,0.9251394291747241,0.8961306298509444,0.9748022006960284,0.22650788630126312,-0.11720747012102879
5,5.0,1.0,1,2.3318470466524057,4.816392489970304,2,0.9999999999999919,70.36985150704929,0.9999998537145044,10.000000157917436,10.000001620772629,0.9999999999999922,0.9999999999999919,2.496033633519901,0.9999999999999928,0.10193548387096774,0.8980645161290323,0.11350574712643677,0.24989247311827958,0.033118279569892474,7.545454545454546,0.2627956989247312,0.04913978494623655,5.347921225382933,0.0,0.0,2.7661403128876856e-05,0.0009864809901961532,0.0,0.0,0.00011928039658880628,0.002271654652910602,-3.41798664633959,-3.41798664633959,-3.417892100033076,-3.4146148674882317,-1.265924697755076,-1.265924697755076,-1.2657736977550762,-1.2630489540251861,0.7549816231934532,1.06006006006006,2.266498079273693,0.6196196196196196,0.4343065693430657,0.8680689798209685,0.8633958153347998,0.9632700721672538,0.2366409348367166,-0.10174477651049779
5,5.0,2.0,1,1.6475949579293243,2.4081123711217813,2,0.9999999999999913,70.36985011296849,1.0000001337995563,9.999999926565032,9.999998588569657,0.9999999999999915,0.9999999999999912,8.280227471937723,0.9999999999999922,0.10193548387096774,0.056666666666666664,1.7988614800759013,0.2632258064516129,0.04666666666666667,5.6405529953917055,0.1096774193548387,0.08075268817204302,1.358189081225033,0.003656685189009711,0.008211062005988836,0.008868405366019442,0.021193107853557457,0.003757591339053833,0.007877007941667591,0.00881100277995425,0.019944407381533538,-5.735927174445951,-5.709707724424216,-5.70592341274601,-5.634970363867831,-5.581329588567126,-5.5582510470676665,-5.55301845208759,-5.490644877158367,0.830416708572139,1.06006006006006,2.0479120966650832,0.5975975975975976,0.5286195286195287,0.9190907768308121,0.87217576521695,0.9588002905932759,0.23259165115147723,-0.13875073469621393
5,5.0,3.0,1,2.543659860424116,6.312291662103711,3,0.9999999999999905,70.36984931102161,0.9999999102824925,9.999999765494366,10.0000006626695,0.9999999999999905,0.9999999999999907,26.222445531247384,0.999999999999991,0.10193548387096774,0.05655913978494624,1.8022813688212924,0.24989247311827958,0.06978494623655913,3.580893682588598,0.23956989247311827,0.06161290322580645,3.8883071553228623,0.0,0.00438185814297217,0.006322223744223331,0.011207452036659892,0.0,0.00757636921319703,0.009929047214570472,0.015531012338405384,-3.586096784355333,-3.5703830169593194,-3.5634246781161987,-3.5459057766458506,-2.1432429628318506,-2.12700496283185,-2.1219626022615974,-2.1099562299319086,0.8080045272895315,1.06006006006006,2.154434690031882,0.7077077077077075,0.4557823129251701,0.926562367869478,0.8971402247688506,0.9713503682930489,0.2452828177010101,-0.132171727499531
5,5.0,4.0,1,2.4427934881153073,5.865742496198987,2,0.9999999999999902,70.36985201948919,1.0000000302986232,10.000000130115685,9.999999827129459,0.9999999999999901,0.9999999999999902,3.3994089625580775,0.9999999999999908,0.10193548387096774,0.05,2.0387096774193547,0.24989247311827958,0.08333333333333334,2.9987096774193547,0.19989247311827957,0.04892473118279569,4.085714285714286,0.003980285151735084,0.010874052809688606,0.016649334476015375,0.03474911533279267,0.006885131591770267,0.01543028088171816,0.018944027354688885,0.04499738020820108,-3.614217786020107,-3.58920264092746,-3.568246102209857,-3.5025681352776497,-2.2697185976834087,-2.2501890499137107,-2.2421585431003055,-2.1826147970697938,0.8356864754447264,1.06006006006006,2.5084150592775414,0.5535535535535532,0.49,0.9192871844903622,0.8941833436929021,0.9682621819307418,0.19639014551323042,-0.11996794737836435
5,5.0,5.0,1,2.584455218655624,6.292131588780267,2,0.9999999999999869,70.36985135552762,1.000000028888895,9.999999745329566,9.999999456440632,0.9999999999999876,0.9999999999999873,47.734638222582205,0.999999999999988,0.10193548387096774,0.16247311827956992,0.6273990734612838,0.24989247311827958,0.18913978494623657,1.321205230244457,0.2887096774193548,0.08150537634408601,3.5422163588390503,0.38871324915653155,0.3076022476587116,0.19277958998829373,0.11772954440966069,0.7567198699663084,0.3994870300583587,0.05048500733675916,0.04449257714561454,-1.83295105887654,-2.076163423412208,-2.420460615637636,-2.6454991271418935,-0.3762798645494412,-0.9288096769700438,-1.4686089356229297,-1.4778773901421445,0.7938781103120234,1.0820820820820811,2.5084150592775414,0.5535535535535532,0.4847457627118644,0.8542042015687565,0.8514087356204239,0.9577510890013914,0.2920923866605147,-0.1382183812273375
5,5.0,6.0,1,1.9037476713394732,3.6177606004712333,2,0.9999999999999901,70.36985074519347,0.9999999289709973,9.999999934656017,10.00000064494609,0.9999999999999903,0.99999999999999,1.9925165072338635,0.9999999999999916,0.10193548387096774,0.1032258064516129,0.9874999999999999,0.17677419354838714,0.1064516129032258,1.660606060606061,0.09978494623655913,0.05225806451612902,1.9094650205761319,0.07803853614236227,0.1059239114178075,0.12843072506300474,0.15122505696270772,0.07615445818994951,0.0998592127449525,0.12012470264264527,0.14659053007561207,-4.489844162691513,-4.354045656666046,-4.244440114756674,-4.133434392680055,-4.254232447247223,-4.145074009588539,-4.051753101730706,-3.929880151423476,0.8133944640159992,1.0380380380380387,2.6388908144575076,0.5975975975975976,0.5132450331125827,0.896144039976122,0.8701717002376308,0.946209699536866,0.21739966456656795,-0.17879806681718016
5,5.0,7.0,1,2.574515482647716,6.976345467779744,1,0.9999999999999877,70.3698521085744,0.9999999260922117,10.00000015470894,10.00000089378689,0.9999999999999879,0.9999999999999877,12.492334977696034,0.999999999999988,0.10193548387096774,0.09956989247311829,1.0237580993520516,0.24989247311827958,0.08623655913978494,2.897755610972569,0.19978494623655912,0.04548387096774194,4.3924349881796685,0.12774380681673242,0.06745334141791301,0.041185579397137975,0.030051603421309414,0.1168493974020815,0.008838632997862276,0.011694444669538919,0.02039993874788707,-3.067956470125262,-3.2800140340069643,-3.3724047227485863,-3.411565870471255,-2.2432027033676554,-2.5175500660842967,-2.5102963038795614,-2.488184347217519,0.7830268857682048,1.06006006006006,1.9466563433422632,0.6636636636636631,0.45364238410596025,0.927499353584392,0.9016802014549752,0.9757169442819568,0.2179332993210202,-0.14751294098377538
5,5.0,8.0,1,1.8292904763200504,2.875150983188486,2,0.9999999999999881,70.36985137727642,1.0000002304976299,9.9999998519407,9.999997546964966,0.9999999999999881,0.999999999999988,6.397346617403465,0.9999999999999897,0.10193548387096774,0.05333333333333333,1.9112903225806452,0.24989247311827958,0.043333333333333335,5.766749379652605,0.17666666666666667,0.061935483870967735,2.852430555555556,0.0008543677065633782,0.003067246306195377,0.00846484677567013,0.019419238046637897,0.0012002937838871013,0.0026726047829614377,0.008527561205684212,0.01885050550065977,-4.536555167618809,-4.526507737572571,-4.502000286895605,-4.452262592287105,-3.6047844164582936,-3.5994706746614025,-3.5783394553185057,-3.5410827475973248,0.8166438549411503,1.06006006006006,2.776153294436798,0.5535535535535532,0.4899328859060403,0.8880160175385702,0.879891272756538,0.9613000343069241,0.23296682159993334,-0.1678787431008767
5,5.0,9.0,1,2.6984689335005894,7.254183129523888,4,0.9999999999999892,70.36985208241502,0.9999999212344308,9.999999910524854,10.000000698180601,0.9999999999999895,0.9999999999999897,6.228401130378694,0.9999999999999901,0.10193548387096774,0.8980645161290323,0.11350574712643677,0.24989247311827958,0.026666666666666672,9.370967741935482,0.28258064516129033,0.02924731182795699,9.661764705882353,0.0,0.0,0.0,0.0030140413476300626,0.0,0.0,0.0,0.004669702757933184,-3.1752844427318836,-3.1752844427318836,-3.1752844427318836,-3.165714004131003,-1.3253520236348533,-1.3253520236348533,-1.3253520236348533,-1.3191630236348533,0.7952590055817933,1.0380380380380387,1.9466563433422632,0.6856856856856854,0.4889705882352941,0.8688704193871479,0.8662543616343837,0.9647039943901231,0.23796047046121538,-0.1122210490781531
5,5.0,10.0,1,2.244703345171246,4.734716795792059,3,0.9999999999999927,70.3698506748693,1.0000001513166283,9.999999858444802,9.999998345278769,0.999999999999993,0.9999999999999929,8.259736466534996,0.999999999999994,0.10193548387096774,0.0332258064516129,3.0679611650485437,0.2932258064516129,0.03290322580645161,8.911764705882353,0.08290322580645162,0.06473118279569892,1.2807308970099671,0.0,0.001834955975356855,0.00461279107059112,0.021275671427730687,0.0,0.0015541642716318984,0.0042047015702582,0.015047841605651867,-4.4115692821550025,-4.403474246740012,-4.391219634762984,-4.317710183627203,-3.78338384643615,-3.77750384643615,-3.7674758464361506,-3.726452085581597,0.8212188489683164,1.0820820820820811,2.6388908144575076,0.48748748748748744,0.523972602739726,0.9146844946218761,0.8910698155365853,0.9731889128356382,0.23858225327248953,-0.09921749200573489
5,5.0,11.0,1,2.0209452702940145,3.5097510716336293,2,0.9999999999999889,70.36985139726994,1.0000000207248574,10.000000128149852,9.99999992090128,0.9999999999999891,0.999999999999989,2.2329096540625395,0.9999999999999898,0.10193548387096774,0.026666666666666665,3.8225806451612905,0.24989247311827958,0.046344086021505373,5.3921113689095135,0.13634408602150536,0.07483870967741935,1.8218390804597702,0.0,0.0032827472905419958,0.007353904384588096,0.022781472281109594,0.0,0.0028439796241941932,0.006705612694410198,0.022618459944107553,-4.199036491324432,-4.18525211565965,-4.168157178459836,-4.103376257889957,-3.6094460894929568,-3.5991808983598115,-3.5852425419754637,-3.5278059776973447,0.8258156162287116,1.06006006006006,2.920555512182745,0.5975975975975976,0.5304054054054054,0.8832638871784322,0.8702843549300581,0.9622290507816198,0.22903359921220445,-0.13178509888520187
5,5.0,12.0,1,1.9841149673867018,4.001687776061059,3,0.9999999999999896,70.36985064273946,1.0000000288634148,9.999999842338866,9.99999955370473,0.9999999999999896,0.9999999999999896,40.972379214917964,0.9999999999999898,0.12193548387096773,0.043225806451612905,2.820895522388059,0.07301075268817205,0.08279569892473118,0.8818181818181818,0.10774193548387097,0.10258064516129031,1.0503144654088052,0.11395516088728318,0.12938772016843103,0.13161750184740545,0.2024854135207664,0.11476159786877267,0.12007016532626552,0.12553580356958827,0.18370432883988605,-4.316557306773663,-4.241374287149098,-4.230511427873798,-3.885263209673272,-4.034059434210725,-4.009868124183408,-3.984961037610598,-3.7198852257436106,0.8372023668714195,1.0160160160160154,2.154434690031882,0.6196196196196196,0.4900662251655629,0.9183980079249466,0.8837817446798951,0.9669907744398032,0.2082982068866071,-0.15025672018609437
5,5.0,13.0,1,2.6368337909145345,6.407201230888816,3,0.9999999999999898,70.36985244650401,1.0000000191825669,10.000000395014228,10.000000203188556,0.9999999999999898,0.9999999999999897,11.87517071960586,0.9999999999999909,0.11161290322580646,0.8980645161290323,0.1242816091954023,0.24989247311827958,0.16548387096774195,1.5100714749837556,0.29935483870967744,0.12193548387096773,2.4550264550264553,0.46968542825167164,0.4926824086624896,0.3395808719126702,0.17207590606355155,1.0931925527420512,1.3348811638259894,0.2997045324985122,0.04727031653089747,-1.5202770375567014,-1.4543505420119032,-1.8932537197391281,-2.3734478664275693,0.09542133009160603,0.34289012517286666,-0.7170436156103107,-0.9755150056465285,0.7809404147323651,1.06006006006006,2.776153294436798,0.5975975975975976,0.4560810810810811,0.9022726933670215,0.8912701092684411,0.985428972658474,0.3055286692177839,-0.10706043600471225
5,5.0,14.0,1,2.5388911343601244,6.459175093297576,2,0.999999999999987,70.36985080835379,0.9999999726397574,10.000000080867292,10.000000354469728,0.9999999999999868,0.999999999999987,17.683928136032822,0.9999999999999867,0.10193548387096774,0.019784946236559138,5.1521739130434785,0.13462365591397848,0.11301075268817203,1.1912464319695528,0.20419354838709677,0.0796774193548387,2.5627530364372473,0.0,0.025814947013660643,0.04044989661475313,0.1523711527570612,0.0,0.028725271850296115,0.040963711743619534,0.09471054804278377,-4.36867103811563,-4.255894026746561,-4.191958746279986,-3.7030115960215637,-3.6981881367737652,-3.5919566771913987,-3.5466966239652913,-3.3479307115746004,0.8170829869748121,1.06006006006006,1.9466563433422632,0.7077077077077075,0.4711864406779661,0.8789502851088319,0.8727911026139502,0.9696175370129329,0.24294259755855774,-0.14626250368854413
5,5.0,15.0,1,2.416474389305234,5.589315274075149,3,0.9999999999999918,70.36985278987927,0.9999998814787283,10.00000023794104,10.000001423153925,0.9999999999999918,0.9999999999999918,7.2517413806165125,0.9999999999999927,0.10193548387096774,0.029677419354838707,3.4347826086956523,0.24989247311827958,0.0564516129032258,4.426666666666668,0.16655913978494624,0.04526881720430107,3.6793349168646086,0.0,0.0003973943710998002,0.003575782663996954,0.013431732427331618,0.0,0.0005671765467311766,0.004487145836993414,0.0123970745341049,-4.037452326114476,-4.035847865286494,-4.023015274080041,-3.9832223467819987,-3.0625384812034615,-3.060801481203461,-3.0487964244068975,-3.024571963388418,0.7472112403341773,1.0820820820820811,1.8504070195423021,0.5535535535535532,0.4463667820069204,0.893683838055733,0.8839747935149554,0.9683936825600357,0.2428484658878219,-0.10293530681230464
5,5.0,16.0,1,2.571129801551489,7.084328701450897,3,0.9999999999999915,70.36985080932209,1.0000001742250972,9.999999711902305,9.999997969651686,0.9999999999999913,0.9999999999999915,2.17276420380486,0.999999999999992,0.11838709677419354,0.10666666666666666,1.1098790322580645,0.2296774193548387,0.11290322580645162,2.0342857142857143,0.2089247311827957,0.05623655913978494,3.715105162523901,0.05572532843173417,0.10907554413099176,0.13937485563998833,0.2320109398922296,0.06127413958386154,0.13672349711600557,0.15748712416366992,0.2735996681641131,-3.948894221614944,-3.7257871481753715,-3.599077431459076,-3.2116794541214357,-2.9203210328681806,-2.6856025117231086,-2.6210080871495225,-2.2597887805097665,0.7877238034923423,1.0380380380380387,1.8504070195423021,0.5755755755755753,0.4850498338870432,0.914483860586371,0.8903738570700177,0.9699422991095599,0.24229911890262074,-0.12887277925867932
5,5.0,17.0,1,2.1488727843880575,6.001407144716611,3,0.9999999999999863,70.36985180926685,0.999999831238508,10.000000263105136,10.000001950720385,0.9999999999999861,0.9999999999999861,17.887537763736486,0.9999999999999858,0.10193548387096774,0.04,2.5483870967741935,0.11333333333333333,0.029569892473118274,3.8327272727272734,0.15,0.15559139784946235,0.964063579820318,0.015161815010624908,0.035163890978738795,0.050802413127806714,0.12255153898723803,0.01630976585669775,0.033036927984555035,0.05084781207298727,0.11292880238057189,-4.3758321669390146,-4.2869589603951646,-4.21747389238471,-3.8986782387730026,-4.126250754914664,-4.056085917487198,-3.9813752297475804,-3.7209662877541563,0.8193838089927253,1.0380380380380387,2.3843904700937206,0.641641641641642,0.4602649006622517,0.8763329166204961,0.8668352124242977,0.9385109777989697,0.23401806015695084,-0.16440901443966882
5,5.0,18.0,1,2.411621993811809,5.796926743819387,4,0.9999999999999871,70.36985125465951,1.0000002021809287,10.000000011301207,9.999997989492327,0.9999999999999871,0.9999999999999873,2.7780800004276847,0.9999999999999863,0.1309677419354839,0.18655913978494623,0.7020172910662826,0.18559139784946238,0.12333333333333334,1.5047951176983436,0.13870967741935486,0.09193548387096775,1.5087719298245614,0.07041012371603807,0.07360645987464759,0.07308740112629246,0.1018827750472552,0.08329224576674177,0.08993234161240712,0.09502530850251448,0.13780340194731394,-2.77648335375471,-2.766936590860884,-2.7684869067702933,-2.682481369923985,-1.7076902795013753,-1.6953207679768607,-1.6858333277191604,-1.6061440985030437,0.804792233643274,1.06006006006006,2.776153294436798,0.641641641641642,0.4304635761589404,0.9469120960386543,0.9079965541643479,0.9806369545218003,0.22567161036367392,-0.14245098642245466
5,5.0,19.0,1,2.5048494079791896,6.1643047281404915,2,0.9999999999999881,70.3698509173804,1.000000085825986,9.999999902747275,9.999999044487495,0.9999999999999886,0.9999999999999885,47.86612616506682,0.9999999999999886,0.10193548387096774,0.19602150537634405,0.5200219418540867,0.24989247311827958,0.08602150537634408,2.9050000000000002,0.2453763440860215,0.06849462365591398,3.582417582417582,0.4152828833706386,0.3024148556325074,0.1847420635514007,0.09792196058782862,0.5505983822177003,0.3240324754151533,0.022877881179537447,0.028955316657836194,-1.8690375975288578,-2.229818189377371,-2.605957122804894,-2.8834759982495854,-1.0811781409574517,-1.6262542960677349,-2.3507771981953094,-2.3361559994006957,0.7819535803409745,1.0380380380380387,3.0724688427090037,0.5975975975975976,0.49337748344370863,0.9016684713248937,0.8855953490992654,0.9671750600949686,0.24861445847734676,-0.1877904688408031
6,1.0,0.0,2,7.213874849690027,60.79404371852095,4,0.5416150719784941,99145.45574129254,805.3084467316877,24250.651844886826,30.113494951291187,0.7962584046418466,0.8731440810478616,14.039277690463592,0.9938832815959084,0.10838709677419356,0.09,1.2043010752688175,0.2794623655913978,0.13978494623655915,1.9992307692307687,0.313010752688172,0.19827956989247314,1.578633405639913,0.036023889214892794,0.06450421233009317,0.08064412498565952,0.16101637279590766,0.041102737281508366,0.06351611846599024,0.09020570383680869,0.17120264820690184,-3.7258891918208037,-3.6158091526089766,-3.5534263555173253,-3.2427774856043,-3.3525426504371683,-3.274179910983253,-3.1808665011352772,-2.897681095238939,0.7335426336690899,4.627627627627627,4.8493740673352335,1.6106106106106102,0.5298013245033113,0.9056688813151885,0.8817262312649489,0.9593459436416498,0.17743763763038195,-0.14981800440616438
6,1.0,1.0,2,6.073429058845395,45.21217415656315,5,0.3308779415886578,64908.215136768864,2656.45810178779,8237.924101508735,3.1010931796607792,0.765194484294848,0.822492068479652,15.962803836245774,0.9910728582826743,0.11161290322580646,0.12978494623655915,0.859983429991715,0.2927956989247312,0.15268817204301074,1.917605633802817,0.3367741935483871,0.24709677419354836,1.3629242819843344,0.07796273851823747,0.11420191208386349,0.13827318489298696,0.21006423075074745,0.08344789078053937,0.12218894401866065,0.15001740279964745,0.2407556910799613,-3.362489648491954,-3.2303324667003035,-3.1425492403297883,-2.880741330134062,-2.7884073235654685,-2.6705462270874816,-2.585884288624948,-2.3098330908549807,0.6791468323610875,4.53953953953954,2.920555512182745,2.447447447447446,0.5231788079470199,0.9196043477916975,0.9118573259785832,0.9676850462094975,0.16994268399057047,-0.15442886686748386
6,1.0,2.0,2,5.897637819888893,42.2606500404033,5,0.45940749616865484,66666.07842529328,973.2083019536021,13145.51461139342,13.507400815432147,0.7126606819460921,0.7694187740561274,25.93733463874793,0.9766704318869174,0.11483870967741935,0.10978494623655913,1.0460333006856024,0.29956989247311827,0.14268817204301074,2.099472494348154,0.2247311827956989,0.18763440860215055,1.1977077363896846,0.06822601074827288,0.1080367411381352,0.12230501118290682,0.1822636592191818,0.06561637510425275,0.1016643267516284,0.11913209066392655,0.18082809920990153,-4.532134836832917,-4.3384960358350995,-4.26909538237494,-3.977457409358726,-4.350485969952645,-4.1826468686360565,-4.101317038144456,-3.814060698853097,0.7125926413068266,4.495495495495494,3.4004119327037095,1.5445445445445445,0.5066225165562914,0.9204798849808499,0.9054832920643812,0.9532236104684353,0.16232614745354712,-0.17533247481947273
6,1.0,3.0,2,9.063211339922612,100.99765742084803,4,0.4514837835786313,98633.8058242841,178.1855722851758,15834.529787276331,88.86538671006468,0.7573824936881186,0.6712728405601137,14.687567191020708,0.9960478994321365,0.11806451612903228,0.1163440860215054,1.0147874306839186,0.32634408602150533,0.17268817204301073,1.889788293897883,0.30634408602150537,0.2439784946236559,1.255619215513442,0.09165714987263499,0.10050461614190496,0.12953249752453325,0.19149424398815487,0.09098515965620245,0.1031915869284033,0.12935727487027926,0.19391691614430767,-3.9800896169787805,-3.941322637495259,-3.8141310497839767,-3.5426330094623597,-3.8270855884109958,-3.7756947421606104,-3.6655333643822896,-3.3937278209003248,0.7173230235989838,4.473473473473474,5.366976945540476,2.513513513513514,0.5033112582781457,0.9466374386460907,0.909154902479866,0.9732126546465101,0.17583177538825484,-0.14945083158624275
6,1.0,4.0,2,8.970831148091778,103.00158835115062,5,0.4493422928530849,70523.13488310475,28.068564742384844,13557.470702946895,483.01260956441,0.8029182264898191,0.8728155377966883,26.774800569082693,0.9905768753951731,0.11161290322580646,0.07978494623655914,1.398921832884097,0.1903225806451613,0.10268817204301076,1.8534031413612566,0.2633333333333333,0.21376344086021506,1.231891348088531,0.057061449058946986,0.09072478676166765,0.1174926958870803,0.20768513472257025,0.057579257278259556,0.0912142900072864,0.11636033678800467,0.20144090283776875,-3.489381957045313,-3.364809424639498,-3.265753702464573,-2.9319929622547414,-3.361447107701264,-3.2414769305191524,-3.151785455799433,-2.8483182147839106,0.7418671457441648,4.451451451451451,3.5772850993678698,2.403403403403404,0.5298013245033113,0.9566590945130822,0.910967173348172,0.9786227947511628,0.1643471115778313,-0.18845125713831365
6,1.0,5.0,2,4.981644306999476,26.097908207775436,5,0.4115605677531263,70725.04348024234,162.28736094784063,13642.864649172343,84.06609466991812,0.6795413020199883,0.795817116683248,10.747365535912751,0.9909403657935079,0.11161290322580646,0.10333333333333332,1.0801248699271595,0.34225806451612906,0.15634408602150537,2.189133425034388,0.3597849462365591,0.2611827956989247,1.377521613832853,0.1411430937617824,0.15677575255197132,0.1615578805984782,0.24531743855479515,0.1696113614785436,0.1709114217278391,0.1755226304946512,0.2535114635880277,-3.1760706195323047,-3.118260723695103,-3.1005763151783494,-2.7908317358452646,-2.7195656874655234,-2.715307922990425,-2.7002059760727852,-2.444788518936247,0.736313978225326,4.583583583583584,2.920555512182745,2.1391391391391394,0.5562913907284768,0.9439346407130585,0.8926874512181281,0.94890364475535,0.18943403348617616,-0.16796699029843426
6,1.0,6.0,2,4.817488248604701,27.828797462318388,4,0.5464317178614586,86585.33783428659,1088.4216712214002,14185.02499615134,13.032655790685656,0.7205876064519394,0.7421728497626607,9.885506408425261,0.9909716947530757,0.11483870967741935,0.08645161290322581,1.3283582089552237,0.2701075268817204,0.21537634408602147,1.2541188217673491,0.3113978494623656,0.24494623655913977,1.2712906057945568,0.10113543798618559,0.1422155056409961,0.17521619978569344,0.34944839161662666,0.1061862614694596,0.1406632783602926,0.17542977315472086,0.349371899299105,-4.198132877785698,-4.006269064335379,-3.8521398384949297,-3.038391111706362,-4.104721013326829,-3.9463898872677383,-3.786729372340968,-2.987923234653475,0.7143826631021156,4.693693693693693,4.8493740673352335,2.7997997997997994,0.5298013245033113,0.9530693783524015,0.9008238186575616,0.956872108884838,0.17829738620236882,-0.1627558494717323
6,1.0,7.0,2,5.084383340827668,28.351304878159134,5,0.30991010579253997,36649.536069447444,480.9935051521969,7240.452920299991,15.053119933519586,0.5666678857750773,0.6649682218371316,353.74983578314175,0.9759865145097211,0.12806451612903227,0.13322580645161292,0.9612590799031477,0.3088172043010753,0.19634408602150538,1.5728368017524645,0.35043010752688175,0.24752688172043008,1.415725456125109,0.20532203798377957,0.18061559438287644,0.2290020536683778,0.30824831384646617,0.20583946432503764,0.1802148004409227,0.234409258718183,0.321131298276231,-2.933907347848297,-3.0251221793707166,-2.8464820317643618,-2.5539091957993376,-2.6408631776097327,-2.7260742001300984,-2.5458585600098234,-2.257477268484909,0.7483621724356304,4.385385385385384,3.9591102664684588,2.8658658658658656,0.5066225165562914,0.9307777186868366,0.9076667878167152,0.9640051039467792,0.17917220772492518,-0.1940064526958723
6,1.0,8.0,2,7.479890699639273,65.01242156472811,6,0.4628611204519735,108460.84162338683,2299.5708093416783,13614.837569610781,5.9205994067686225,0.7460940773218445,0.8395083636186833,15.429931001739535,0.9961249596203741,0.16494623655913979,0.17655913978494625,0.9342265529841656,0.3293548387096774,0.16956989247311827,1.9422954977805962,0.4273118279569893,0.24150537634408603,1.7693677649154054,0.16788322873628037,0.25575969380496605,0.29490311523167434,0.40169544505589083,0.1807265759060868,0.2504921154775216,0.2923125714101325,0.38724304307777446,-3.302637707282657,-2.9538595824555482,-2.7985009308091295,-2.3746465061586197,-2.9927912655597626,-2.7379389887422003,-2.585169606072102,-2.2383902793087573,0.7261219240078768,4.363363363363364,4.8493740673352335,2.5795795795795793,0.5165562913907285,0.9735267092086882,0.9237159343715365,0.9848909534477368,0.16239474445207225,-0.1497757051731577
6,1.0,9.0,2,4.277020410157636,19.59960958803497,5,0.477660081836634,67537.16076495213,545.7752316996902,13242.85499771911,24.264301911388166,0.6592593025017408,0.7328269450298381,5.718160771418138,0.9833267728983281,0.12182795698924731,0.09322580645161291,1.3068050749711648,0.2464516129032258,0.12279569892473119,2.0070052539404553,0.24483870967741933,0.17150537634408602,1.4275862068965515,0.14746581346749188,0.15392899458288695,0.18720951175299222,0.24792266625431406,0.15577373999454078,0.15955264520230775,0.19559229898382027,0.252362344915146,-4.665452688318138,-4.630083237818387,-4.447957194367383,-4.115707351066037,-4.321519309081758,-4.30217542865988,-4.117691639079086,-3.827090811679929,0.7160955488087397,4.583583583583584,7.65391938823014,2.6456456456456454,0.4966887417218543,0.8687726345132273,0.8743094889478997,0.908155691698662,0.19727082809490448,-0.18560696662482723
6,1.0,10.0,2,6.135431007462495,40.21643335414687,4,0.611746436214172,100306.96960057621,3783.0345847309827,24667.1196733171,6.520458409996591,0.8754898753480673,0.8753147741217704,50.54527137718192,0.9979725094257595,0.13806451612903228,0.1,1.3806451612903228,0.24537634408602155,0.17967741935483872,1.3656493117893478,0.43086021505376343,0.24161290322580645,1.783266577659101,0.20534223644051167,0.19345649508124566,0.21463308439605497,0.31874369594052565,0.20807878894134837,0.20268166132904644,0.24121395168346732,0.34433676582516554,-2.5227737232830334,-2.560506993324445,-2.4932783755193944,-2.16276185990285,-2.1241703979937805,-2.1386471142985766,-2.0352919453817786,-1.7586856036160619,0.6996990023284917,4.473473473473474,2.5084150592775414,2.491491491491491,0.5198675496688742,0.9571449791907548,0.906910469209671,0.9736344603281297,0.18629076821552953,-0.14869856691337668
6,1.0,11.0,2,10.074737990089728,123.51075209309258,5,0.5259312196703851,96105.19911189881,514.7434241028617,24406.705652308257,47.41528402202772,0.8279498362090268,0.8616576780375156,9.517877643172612,0.9965877974181487,0.13483870967741934,0.08655913978494624,1.5577639751552792,0.29258064516129034,0.18956989247311826,1.5433919455473628,0.35956989247311827,0.24129032258064517,1.4901960784313724,0.14805476976395954,0.17745358039952788,0.18663676498842963,0.2875847575588942,0.14717191434158722,0.1753031495954319,0.21314714181962463,0.32313318008934566,-2.8110636656713,-2.714059861367237,-2.6837591852006923,-2.3506729444822985,-2.426124208938289,-2.3460965081338534,-2.2384379691598437,-1.925549833111447,0.7315333377824916,4.67167167167167,2.154434690031882,2.359359359359359,0.5596026490066225,0.9356671876369986,0.8995114391597615,0.9663630229776968,0.1786287244603198,-0.1432468222775704
6,1.0,12.0,2,8.34196544465464,79.93980941584181,4,0.53447719162247,95286.90805303348,1693.8785257561578,13645.454956190028,8.055745880654937,0.8882496667328258,0.8983667904533025,12.626350716204563,0.9970301987320376,0.11161290322580646,0.15,0.7440860215053764,0.30290322580645157,0.0996774193548387,3.0388349514563107,0.28311827956989244,0.18129032258064515,1.5616844602609727,0.10111911184497878,0.09737466251093325,0.10263048013724956,0.1263689348792768,0.12402785634155018,0.1230015827079749,0.1240137948779938,0.1484790152479888,-2.9096050798039026,-2.9217255608898554,-2.9047129022989706,-2.827873435118992,-2.3166656995067454,-2.3193798644975203,-2.316702887573217,-2.25200021720595,0.725149421089417,4.583583583583584,2.266498079273693,1.5225225225225214,0.5099337748344371,0.9392783277950213,0.9180191528569153,0.9795983923160811,0.15731204455589323,-0.09872427515711918
6,1.0,13.0,2,5.813338384849004,36.513053420155494,5,0.5167893055522019,77167.80486796456,2446.9877485375055,11398.70811461487,4.658261211739843,0.8220659784180557,0.8527773672711723,249.35806030201744,0.9911594330969484,0.12129032258064518,0.09333333333333334,1.2995391705069126,0.27860215053763443,0.11301075268817204,2.465271170313987,0.2561290322580645,0.2010752688172043,1.2737967914438502,0.12572055167501806,0.13157682096733483,0.16214952030417096,0.22271273388848556,0.13684744717597624,0.1395284392371349,0.17161115455147205,0.22775407875895978,-3.2101930156172247,-3.1886898740121152,-3.0764325562086263,-2.854055596960429,-2.9506984464675146,-2.941533439558863,-2.831858251868403,-2.639932921059642,0.7770311055809781,4.495495495495494,2.920555512182745,1.1481481481481488,0.5,0.9211257773171441,0.9041865489512213,0.9667389523563971,0.17496045001074934,-0.14044880352649008
6,1.0,14.0,2,5.423825236791603,34.64235459974004,5,0.46301541649413636,77456.03104439705,2542.7515744679276,11021.950728427004,4.334654961617064,0.7743247237635273,0.7530995201149696,23.598171404345734,0.9914073937483558,0.12150537634408602,0.13989247311827957,0.8685626441199078,0.24311827956989246,0.18,1.3506571087216248,0.29634408602150536,0.1821505376344086,1.626918536009445,0.15246458245205544,0.16759439325912848,0.18788189635834932,0.2654916452809821,0.1903055388994502,0.19425157776213378,0.21804603858260857,0.30698455808757547,-2.879375553852699,-2.827974271416218,-2.7590504963584013,-2.495382914848944,-2.2744761405945146,-2.2633915010493295,-2.1965515558421953,-1.9467183776345869,0.749265230996288,4.4074074074074066,3.7633583622865325,2.535535535535535,0.4867549668874172,0.9180831615888113,0.909944876096221,0.9702698101464248,0.15897505490975572,-0.1809210257907105
6,1.0,15.0,2,4.800498872301469,25.154743502670776,5,0.42900287572254636,84601.17595555978,29.30182408811375,15336.15733882783,523.385755532159,0.7654277681528195,0.7248089026920439,7.4528950431887,0.991041233979518,0.11483870967741935,0.08333333333333333,1.3780645161290324,0.31612903225806455,0.13268817204301075,2.382495948136143,0.28752688172043006,0.18408602150537634,1.561915887850467,0.07122325587087085,0.07585312568601275,0.08091876321242424,0.16635743274033138,0.07781028632388699,0.08093827518688923,0.08396321821289492,0.15886118907718577,-3.5070299653786727,-3.4895477315909074,-3.470420053479706,-3.1478064909303862,-3.2243445245468085,-3.213407822896711,-3.2028314107568625,-2.940958112156223,0.7097549650228003,4.583583583583584,2.3843904700937206,2.3373373373373365,0.5463576158940397,0.9250740864973899,0.9035117973805155,0.9686313595854271,0.1687445939700298,-0.19161508477396455
6,1.0,16.0,2,8.697433010582218,93.47712940253834,6,0.4915816107459108,105668.60941893118,4817.356218947508,18829.067044347852,3.9085893150873554,0.8137251732705798,0.8662276587445767,19.306993205284524,0.9970138462476044,0.1349462365591398,0.1433333333333333,0.9414853713428358,0.25580645161290316,0.1529032258064516,1.672995780590717,0.24150537634408603,0.22752688172043012,1.061436672967864,0.24908767287034855,0.2839976125865195,0.31071952693524413,0.3506687908941625,0.25522688155242484,0.294101543349034,0.32540248014870904,0.3482635898803907,-3.173544121475648,-3.026005946958245,-2.91307242445219,-2.7442367998211212,-2.872896764259104,-2.722941177355081,-2.602200568137732,-2.514015849129048,0.713345753293503,4.693693693693693,7.464701458713186,2.711711711711711,0.4768211920529801,0.9723603988611117,0.9197708415280246,0.97743495523929,0.15429009186444037,-0.15220945094455385
6,1.0,17.0,2,6.84041092293705,56.47474952590689,5,0.37592205569171566,85524.95542085155,177.55291173428563,11566.540056739805,65.14418684414228,0.811574578758478,0.7200695061181492,5.544300865617882,0.9942077060361221,0.10838709677419356,0.11000000000000001,0.9853372434017595,0.29290322580645156,0.1429032258064516,2.0496613995485324,0.2821505376344086,0.20408602150537636,1.3825079030558483,0.048021705674094736,0.0640300148319994,0.07298958690192082,0.12875908671900535,0.04260313010254417,0.06844901719586827,0.0756321951526876,0.13094301923154852,-3.519945621228226,-3.460754799274103,-3.42762672622499,-3.2214186563044054,-3.3318690554531583,-3.2419219142783535,-3.216923495016023,-3.024434435385288,0.7159446041451074,4.627627627627627,2.325444274683707,2.535535535535535,0.5033112582781457,0.9495096888632728,0.9363168249717959,0.9862043866447772,0.12455726501907734,-0.14185959250813898
6,1.0,18.0,2,5.285724721201687,31.073452301023515,5,0.48815048719713783,108582.45547670548,4249.612949963639,11955.46543338943,2.8133068997475936,0.7641679908860524,0.803383899502,628.6133847400322,0.9900578722338675,0.127741935483871,0.08989247311827957,1.4210526315789478,0.32193548387096776,0.17946236559139783,1.79388855602157,0.3713978494623656,0.25408602150537635,1.4617012272534913,0.10073034255265097,0.12945668703140203,0.1625472179364923,0.3009085926731052,0.1062866992798435,0.12921040822498536,0.17363875111656496,0.3223150446364322,-3.3848050565277656,-3.276680563232574,-3.152129495148421,-2.631344348048047,-3.081301027533307,-3.0022657844966174,-2.849087915829882,-2.336489059324715,0.7131407455823331,4.53953953953954,2.920555512182745,2.843843843843844,0.5198675496688742,0.9665425657897709,0.918303698751881,0.9693962136493357,0.16729610967782912,-0.17844251897515195
6,1.0,19.0,2,8.75903422456163,93.90566084660044,5,0.2734690317904046,60228.64081672605,679.8242467761663,9997.758202676832,14.70638661402234,0.725714674646385,0.5844561026729432,2.3463258920507815,0.991241749487441,0.10838709677419356,0.1,1.0838709677419356,0.3594623655913978,0.1129032258064516,3.183809523809524,0.36258064516129035,0.2704301075268817,1.3407554671968194,0.06447677735953683,0.10048179093320346,0.12357880626616884,0.22371355313106467,0.05020641092757188,0.10480957131076683,0.13358311636458073,0.22059686320112418,-3.459766487256722,-3.3266121878008454,-3.241194447577245,-2.8708745741322166,-3.2642146845983078,-3.076556608149963,-2.977668776758791,-2.678623222594595,0.7241537334954219,4.451451451451451,2.266498079273693,2.5795795795795793,0.5231788079470199,0.9321895984749069,0.8918843406880449,0.952129992374064,0.18946598838686757,-0.1587501008227523
6,2.0,0.0,2,12.209436922433053,175.61639362573683,4,0.3692458150024561,114272.53917667716,2409.2450775575658,24608.42906518454,10.214165961950192,0.8565339152743834,0.5681906638067012,612.7287997639796,0.9945837738622063,0.11161290322580646,0.11623655913978495,0.9602220166512488,0.25258064516129036,0.13946236559139785,1.8111025443330766,0.25193548387096776,0.1913978494623656,1.3162921348314607,0.07948650502475968,0.08210419708611047,0.11202905092843728,0.1688705945536049,0.08320056170545004,0.08357747804048937,0.10957622718095404,0.19027109481592974,-3.9561721094269986,-3.94492182316752,-3.8163111370711937,-3.5720182171149095,-3.4094813928372454,-3.408079680339075,-3.3113930466775714,-3.0112972588674127,0.7296471500670132,4.78178178178178,2.154434690031882,2.183183183183184,0.48013245033112584,0.9303517732013543,0.9082931172426745,0.9670701024778704,0.17204096145677375,-0.11302130495557686
6,2.0,1.0,2,6.713830229061253,49.817954078404306,7,0.4000430580271471,66726.8152388685,3392.5596829897686,12807.256524962586,3.7751013163240525,0.6650627278930306,0.7066126282878427,38.73367928171602,0.992654138525622,0.1418279569892473,0.07978494623655914,1.7776280323450133,0.2270967741935484,0.1296774193548387,1.7512437810945276,0.40021505376344085,0.20462365591397852,1.9558591697320018,0.1400871632088373,0.18576668394997736,0.23609645191825787,0.3492000379977957,0.14777171350643833,0.19268003144762888,0.23257993766873833,0.3597916524541761,-2.796745768720555,-2.648179540977414,-2.4844890370290926,-2.1166355032041406,-2.5799534482541997,-2.444002352093833,-2.3232132369334924,-1.9381048012942828,0.7302961057222652,4.473473473473474,4.729489277081831,2.3153153153153148,0.5,0.93189331740725,0.9120149775441454,0.9592443804209354,0.16146593376966104,-0.15387728483838561
6,2.0,2.0,2,7.769287591581255,67.8713635612,5,0.3157752695698752,56056.868589643076,62.895570569764004,12290.83255643265,195.41650461378057,0.619585396734103,0.5976012632171792,10.434512647931104,0.9845879760481261,0.11483870967741935,0.10333333333333332,1.1113423517169616,0.3160215053763441,0.15279569892473116,2.0682617874736104,0.3064516129032258,0.23419354838709677,1.3085399449035813,0.06558518703697205,0.09647109806069631,0.12418727436906558,0.22346695323793553,0.07555157187242452,0.097080933639947,0.12047075295804549,0.22387639899167464,-3.806340996884171,-3.6805271637505452,-3.5676252526336993,-3.1632092410362604,-3.6088288347157675,-3.524783279360093,-3.4334749361084165,-3.029803659567423,0.6967237359757087,4.473473473473474,1.8985316814422828,2.535535535535535,0.5165562913907285,0.9613482009578636,0.913008956393937,0.9755995128720029,0.15761413053329884,-0.157332751412052
6,2.0,3.0,2,5.942713921265296,39.056107288439286,6,0.43749418692223185,72726.93655116753,508.63606043866264,14915.591611545167,29.324683740829393,0.6431053262227295,0.8163829569194581,5.492333471668278,0.994216641686851,0.10516129032258063,0.10978494623655913,0.9578844270323212,0.31322580645161285,0.16946236559139785,1.8483502538071064,0.3588172043010753,0.2611827956989247,1.373816385343763,0.1046586048266967,0.11608437863370474,0.1478329415410708,0.22546749429841842,0.12067679234743751,0.13000404569278737,0.1611188187289531,0.23968188806045634,-2.5801993252077544,-2.547272472919067,-2.4557793050263377,-2.2320516613396055,-2.266474880544599,-2.242433680189901,-2.1622346693067716,-1.9597366326022847,0.7726282321917073,4.495495495495494,2.920555512182745,2.6676676676676663,0.5562913907284768,0.9617009757024088,0.9229619041878826,0.9855328466442688,0.16814024664924349,-0.16831844996691092
6,2.0,4.0,2,8.868059375490978,88.94753838036115,6,0.575414506237782,92014.49359347139,50.8431649921945,26317.90305737791,517.6291259880903,0.8329607228719983,0.7514083392471622,13.832501434866876,0.9975161003278314,0.10193548387096774,0.06333333333333332,1.6095076400679118,0.2696774193548387,0.12311827956989245,2.190393013100437,0.31946236559139785,0.2241935483870968,1.4249400479616305,0.10629564433266765,0.10709907967040748,0.1225912172764653,0.21750005277254256,0.124881311751875,0.11921090995464334,0.13531120637367353,0.23745903706876675,-2.754876133352351,-2.752399514745095,-2.70464443794045,-2.412084505682793,-2.3555182403894825,-2.370781009935011,-2.3274445546633005,-2.0524977598460383,0.7246752221667034,4.737737737737737,1.2028726506001872,1.896896896896896,0.5463576158940397,0.9802956015156467,0.9380022673951594,0.9800290220804354,0.15477238792823228,-0.11308554404199177
6,2.0,5.0,2,8.902930233338365,93.84115976302944,6,0.5111810696031364,87782.29264219332,719.5592469211476,20130.745494681094,27.97649475121971,0.7576242249027775,0.8335302597078145,34.45492011717982,0.9961678452442322,0.10516129032258063,0.06666666666666667,1.5774193548387094,0.24408602150537634,0.1096774193548387,2.2254901960784315,0.338494623655914,0.2432258064516129,1.391688770999116,0.13672812135603024,0.16966103776102873,0.19307391175283592,0.28449826718061655,0.13269323739577407,0.17466948509892066,0.19405926466859325,0.29000911890254194,-3.125028486598655,-3.0058119286887024,-2.921057751021672,-2.59010324856583,-2.9705905069712166,-2.8268187201920782,-2.760407275469817,-2.4317718509323685,0.7161705001300958,4.561561561561561,3.2322839781813806,3.02002002002002,0.543046357615894,0.9432244019322474,0.9167479677875002,0.9742440756475382,0.15727373295452785,-0.13788251445537264
6,2.0,6.0,2,11.126670407511822,151.4193292306632,5,0.3903597085010072,70175.78416833414,1287.7506126233332,19416.22420525606,15.077627620539369,0.7378140530541222,0.6576330111601401,47.01185119820373,0.9932145933604714,0.13161290322580646,0.12301075268817203,1.06993006993007,0.2768817204301075,0.21645161290322576,1.2791852955787384,0.22204301075268815,0.17827956989247312,1.2454764776839564,0.13062769558652457,0.16652274874836748,0.2101651378542615,0.3087254494466997,0.13289373477684258,0.1730059382075255,0.22219105524165433,0.32440670163825375,-3.0987341387058307,-2.9707921441442435,-2.8152360488665655,-2.4639340799603673,-2.8439473531340322,-2.712386782820651,-2.551068742560846,-2.215820424474158,0.7421878141863671,4.627627627627627,3.2322839781813806,1.3243243243243243,0.49337748344370863,0.961326324424014,0.9195090773969304,0.9741280255494206,0.15263709430600614,-0.13133099550180738
6,2.0,7.0,2,7.3248854368742,57.77541431064637,6,0.2233255320708748,81752.16323605872,504.59149058588395,18233.18315502633,36.134543477647,0.7462686416488451,0.6927019000633526,12.317283710901561,0.9925653336192307,0.10193548387096774,0.09,1.1326164874551972,0.2793548387096774,0.17311827956989245,1.613664596273292,0.32989247311827957,0.2248387096774193,1.467240554758489,0.05347655718423884,0.0747073655552199,0.09009504204897424,0.17258986876662633,0.06435539503603299,0.08909545581807825,0.11162679826651546,0.20823850134228059,-2.8797486167067587,-2.815154980382212,-2.7683387705634708,-2.5173525272445465,-2.2538771789576586,-2.1942807701216083,-2.1400049497017726,-1.90727671974411,0.7551879948575138,4.473473473473474,1.5892828656229763,2.7337337337337337,0.5264900662251656,0.9597194401386208,0.9306138374670588,0.987580999836299,0.1463014813448811,-0.11802649315444655
6,2.0,8.0,2,14.889980086457136,239.97163053508666,2,0.49072782890425026,189108.4937707143,1898.5665778884543,42623.907574659686,22.45057301180615,0.9302167209979507,0.8491560764935286,12.122264581318927,0.9980936475210112,0.10516129032258063,0.13978494623655915,0.7523076923076921,0.3364516129032258,0.19268817204301075,1.7460937499999998,0.32247311827956987,0.2634408602150538,1.224081632653061,0.0983237905159393,0.12254258240064952,0.1225912068345737,0.18343476463351777,0.08346007795117116,0.10980581540690851,0.11682566593359169,0.17690503388631088,-3.500909105379172,-3.4068755841010843,-3.406686791581465,-3.170451474223064,-3.5566469811895103,-3.4544119499213712,-3.4271713141525355,-3.194032421322695,0.7369267664547989,4.64964964964965,2.6388908144575076,2.0290290290290294,0.5364238410596026,0.9522546750621675,0.9146798524170913,0.9728781974197913,0.1612432324103893,-0.09794637825613996
6,2.0,9.0,2,8.332284731315871,73.31741624857182,5,0.5647430276546244,107268.85369220967,3671.631219228946,21909.56377524138,5.967256096009134,0.8638430615727517,0.8679355182596262,35.72438978907351,0.9984459002677205,0.11483870967741935,0.06322580645161291,1.8163265306122447,0.24688172043010753,0.12634408602150535,1.9540425531914898,0.26924731182795697,0.21344086021505376,1.2614609571788413,0.08506660590060186,0.08653865434760893,0.11469612007272244,0.20923805762532352,0.0851536692707331,0.08681170822423673,0.11728368578631598,0.21958365521114476,-3.077502643037175,-3.0725512083037185,-2.977839750891496,-2.6598351129884485,-2.9234642862805664,-2.9181658907981625,-2.8207902604405826,-2.4938825634258524,0.7483699655156539,4.67167167167167,3.2322839781813806,1.5665665665665658,0.5198675496688742,0.9085472644415117,0.8983156712640185,0.9669654533264326,0.16830921669179652,-0.10756228316688791
6,2.0,10.0,2,9.571274833326076,112.39276174106531,6,0.40554820526512847,76630.1523658075,3738.0611937925337,19460.230943491457,5.2059690664795255,0.810036781092049,0.7743727136571,89.56177479123639,0.9964716882514839,0.10193548387096774,0.10311827956989247,0.9885297184567257,0.3,0.1625806451612903,1.8452380952380953,0.32602150537634406,0.2411827956989247,1.3517610343290236,0.06917465464515564,0.08415773412430119,0.09908493225941056,0.19227916718869884,0.07195085807551413,0.08857824356320133,0.1017405604285168,0.20214566984285529,-3.5368748787183173,-3.47994338487784,-3.4232242244497435,-3.0691123064538726,-3.1978372916138644,-3.140543263773589,-3.095189040797141,-2.749216840997545,0.6548980547396109,4.78178178178178,1.7154331750298604,2.7337337337337337,0.5132450331125827,0.9719483975931491,0.9300186273117645,0.982093754692683,0.1415136185221518,-0.11684359320846768
6,2.0,11.0,2,9.74702399573875,114.70766848372111,5,0.5355895034597614,92083.48131599894,68.57796693055433,23231.475204093746,338.76004559334876,0.7710659432925795,0.6883654725727419,7.284902221164373,0.9978242954703976,0.10516129032258063,0.056666666666666664,1.8557874762808348,0.3097849462365591,0.1429032258064516,2.167795334838224,0.3172043010752688,0.23430107526881722,1.35383203304268,0.11889395925629875,0.133584941986477,0.14347930889366586,0.23832587272094885,0.12735826553522916,0.15854017545683377,0.1686129364591843,0.27857982703808204,-2.573684024356889,-2.5307721093246767,-2.5018709636479732,-2.2248270270505275,-2.081740989651983,-2.0073546092443877,-1.9833254130354507,-1.7209925740461784,0.7253907571283659,4.495495495495494,2.154434690031882,2.7557557557557555,0.5231788079470199,0.9771519430176473,0.9205467045066889,0.9819426430090186,0.16939785567605503,-0.11315916470691585
6,2.0,12.0,2,7.598303846792464,68.93141150902763,5,0.3401396724085647,48094.15089688825,1482.2371401576265,10812.180909681574,7.294501410571703,0.6594689642686311,0.571271149834538,65.93057468125755,0.9750660597873878,0.10193548387096774,0.10978494623655913,0.9285014691478942,0.2731182795698925,0.16268817204301075,1.6787838730998017,0.271505376344086,0.20150537634408602,1.347385272145144,0.0520974918721705,0.09162711795211957,0.12114309634578845,0.20138744161930175,0.05867551829771926,0.10565243044665792,0.1443403926628746,0.22979708667040621,-3.226679253604159,-3.09211960925126,-2.9916466235633306,-2.7184932539995303,-2.540753360070381,-2.413956756233728,-2.3095330724712806,-2.078874689883061,0.738614990614047,4.341341341341341,2.6388908144575076,2.535535535535535,0.5033112582781457,0.9292254699441275,0.9113152507914815,0.9734540778360805,0.16497724407150355,-0.13996862475009922
6,2.0,13.0,2,8.82175452964396,86.30593286884687,5,0.5594006053212099,102707.27470610572,1816.1972235426604,31433.15839949222,17.30712831846474,0.834083512363427,0.7586419552215093,8.881517630609599,0.9982067633424903,0.16806451612903225,0.12989247311827956,1.2938741721854305,0.2632258064516129,0.16279569892473117,1.6169088507265523,0.28021505376344086,0.25053763440860216,1.1184549356223175,0.13452884964824072,0.1815351100324691,0.19912417125322535,0.30462747577729565,0.15752090273421984,0.1812535941890262,0.21163491609761095,0.31057325320155826,-2.8891684137712064,-2.732249257429115,-2.6735323838669602,-2.321334838223134,-2.5798367626132332,-2.5071625917173934,-2.4141290061828347,-2.1111603507930843,0.7421640443714568,4.78178178178178,2.6388908144575076,2.623623623623624,0.5463576158940397,0.9439752169370373,0.9148884522602012,0.9753062888315838,0.16231783598315216,-0.12357111434033098
6,2.0,14.0,2,6.982390211270332,54.63601622297284,3,0.5758648541543261,93808.808585513,2904.715982242926,21933.819481904196,7.551106413153558,0.812807789238004,0.6926250788904385,3.5948569800473145,0.996392970789588,0.11161290322580646,0.10311827956989247,1.0823774765380605,0.3197849462365592,0.19591397849462364,1.6322722283205273,0.399247311827957,0.26440860215053763,1.5099633997559982,0.10369110287815067,0.10347877901211595,0.12348188993554456,0.2488068084543421,0.10946885801218383,0.11533602575357815,0.144573817302998,0.2895928967238888,-2.6754393111733923,-2.676073087787363,-2.6163647556686564,-2.242275850882062,-2.191190440727546,-2.176754020412821,-2.10481316811644,-1.7479874429196085,0.7375373874080255,4.517517517517517,3.2322839781813806,1.6546546546546546,0.5562913907284768,0.9000661106257862,0.9021926381918272,0.9663239597405118,0.17402571198345068,-0.12905347490444977
6,2.0,15.0,2,9.201552814931592,99.52642825602872,6,0.43456544396635455,69675.18893076367,4522.727988344214,16025.474387027658,3.5433204093475976,0.7119382151721745,0.7052200960064338,10.636517586814296,0.9922329226502719,0.10193548387096774,0.09322580645161291,1.093425605536332,0.200752688172043,0.12623655913978493,1.5902896081771722,0.207741935483871,0.19440860215053762,1.0685840707964602,0.11868255357403337,0.1292002255903918,0.15131142327685093,0.229169691639679,0.13368979761130356,0.13830181959797258,0.1613353657516474,0.24865278439996882,-3.381734792342883,-3.3413770557107423,-3.256533385793728,-2.9577806309698027,-2.964772028339545,-2.9489883128269483,-2.8701606444448977,-2.5713343814255407,0.7223824878137187,4.42942942942943,3.5772850993678698,1.2362362362362358,0.4735099337748344,0.9699764059016153,0.9223044297834049,0.9801193889473068,0.1644697500727498,-0.14791843451706407
6,2.0,16.0,2,6.207163972439163,42.55225851005563,6,0.5069480991486781,66839.52833648265,1196.9676804263815,13309.261398473187,11.11914850844777,0.7580368775981479,0.8400124189186023,6.868349308228184,0.9967547976952553,0.10838709677419356,0.1531182795698925,0.7078651685393258,0.32956989247311824,0.17247311827956988,1.910847880299252,0.3431182795698925,0.26763440860215054,1.282040980313379,0.06499707643452642,0.07164528898740316,0.08935105930092589,0.1697972246627552,0.07989047049799304,0.08545134594928022,0.10324788742135009,0.19020184461604386,-2.760234862511616,-2.740608583706133,-2.688339138065639,-2.450852917872503,-2.2157846329420505,-2.202393072507571,-2.159535888825677,-1.9501355555525468,0.6947797944292912,4.517517517517517,2.210466384652787,2.3153153153153148,0.5099337748344371,0.9343194067934261,0.9090496334859185,0.9671490863068987,0.16598978075345636,-0.15130879817223133
6,2.0,17.0,2,6.833246873186361,51.02419014836716,5,0.4123002781348205,74893.97247102353,851.5980103982523,17766.900217419356,20.863012830561466,0.7169280708688699,0.5207404335822093,1.6133189172619706,0.9893368876295613,0.11483870967741935,0.1332258064516129,0.8619854721549638,0.31311827956989247,0.15946236559139787,1.963587322993931,0.3529032258064516,0.23752688172043007,1.4857401539157993,0.12033661060715377,0.1456163695829027,0.1645380184330094,0.2307088985923434,0.12433632542021299,0.15548827706984836,0.17761144008045496,0.25294120236446166,-3.8615834293515325,-3.7506092777204967,-3.6675462259479175,-3.3770665067620866,-3.4282179159751434,-3.306258216306066,-3.219646168789769,-2.924730611407412,0.7266443222938583,4.6056056056056045,3.2322839781813806,2.491491491491491,0.4966887417218543,0.9532423541410255,0.9084913193718048,0.9722051143895027,0.17254759342600964,-0.1308309241298595
6,2.0,18.0,2,6.8876605482661635,53.64288378281639,6,0.5272485742686226,112453.3274915181,1799.9680361061487,30525.240203248293,16.958767928614563,0.8680670367830143,0.7975064236256797,9.390091708863656,0.9966346736869308,0.10193548387096774,0.09301075268817204,1.0959537572254336,0.2270967741935484,0.17204301075268816,1.3200000000000003,0.3656989247311828,0.2444086021505376,1.4962604487461506,0.09953328113092196,0.13647244161388097,0.1777629509576183,0.3539259195180562,0.09913689329677618,0.14405412847138602,0.17660029169542227,0.36458675107908806,-3.560008196202274,-3.413968690993992,-3.2507260651324987,-2.554263221141854,-3.3523550925043706,-3.185205920828473,-3.064092851357952,-2.3645444296860374,0.7239289146423766,4.89189189189189,5.101615314749834,2.513513513513514,0.5264900662251656,0.9593718325732938,0.9158915070762577,0.9707529019657009,0.1598417543732433,-0.15016995226136381
6,2.0,19.0,2,11.037604358915557,141.52004132856135,6,0.43116284794822535,95320.6991936081,1582.9015022438095,21739.15397931445,13.733737663713478,0.8207616411994351,0.7855382877828796,89.33938984766732,0.9964838716227918,0.12451612903225809,0.09666666666666666,1.288097886540601,0.3020430107526882,0.1531182795698925,1.9726123595505618,0.35279569892473117,0.2413978494623656,1.4614699331848553,0.08785825370226275,0.09606602800779879,0.11151437576757812,0.1868625926946318,0.12070220007857693,0.12096895363581489,0.13684644113233602,0.22287519374823203,-2.6537188911825433,-2.629839789258341,-2.5848954892588294,-2.365682864151136,-1.995058940822236,-1.9944536975594742,-1.9584289021027375,-1.7632362926256464,0.7221807632962838,4.64964964964965,3.2322839781813806,2.535535535535535,0.5496688741721855,0.9356200629101485,0.9187181687877576,0.9725563022416749,0.16752362512446034,-0.13701408833528
6,3.0,0.0,2,5.590771355719495,38.762313307394294,4,0.698147480301358,170404.96235041626,4232.329545111324,25873.1928680028,6.113227382751513,0.9096305232569905,0.8921691779068976,13.237106048970785,0.9963889378528006,0.11817204301075271,0.0764516129032258,1.5457102672292549,0.326236559139785,0.16591397849462367,1.9662994167206742,0.3696774193548387,0.2874193548387097,1.2861952861952863,0.08550053170374,0.10217445683773582,0.11911383956143054,0.26607720849628763,0.10729725070600755,0.11107940506878809,0.13853771106799814,0.2904190778212198,-3.5804936627225867,-3.51521108427975,-3.4488891731193023,-2.87349090404874,-2.9575036951654066,-2.944973504670916,-2.8540047678546903,-2.3508252898541198,0.7183440045369636,4.737737737737737,2.920555512182745,2.8658658658658656,0.5298013245033113,0.9468881337265764,0.9176983626445079,0.9686560962290971,0.1547726849847346,-0.1511211324932368
6,3.0,1.0,2,4.067396974542491,18.934738807261663,5,0.7472207217803437,146675.40617822873,3056.9857710014517,19443.4721516605,6.360341070639306,0.8864519332269222,0.877827121209845,72.27802761178609,0.9958347665147602,0.1117204301075269,0.0832258064516129,1.3423772609819125,0.25698924731182793,0.14924731182795697,1.7219020172910662,0.2832258064516129,0.2503225806451613,1.1314432989690721,0.08050825933329728,0.08480025089121443,0.10902346273158563,0.2273746313546569,0.06974937841949815,0.08120069645294473,0.10600444120417801,0.21636935721300044,-4.01304160292376,-3.9943095796553068,-3.8885894817223323,-3.3720561161320597,-3.8889151575739174,-3.841042892572032,-3.7373507727390134,-3.2759699525876993,0.733927157456916,4.6056056056056045,4.381689931514194,2.6896896896896894,0.5562913907284768,0.9228767071862318,0.898060125978742,0.9615831722577897,0.1724836769857345,-0.15661693980776606
6,3.0,2.0,2,3.618792130504935,14.295022644072784,4,0.729394995240175,211668.13228956933,2648.562992528174,28571.35641284355,10.787493630865425,0.8915571476363346,0.9466288218956018,1.9421860592407398,0.996448412767479,0.11483870967741935,0.13655913978494622,0.8409448818897639,0.28913978494623654,0.14311827956989248,2.0202854996243422,0.2450537634408602,0.17483870967741938,1.4015990159901595,0.05940354732429002,0.09163987325364152,0.10245429762685053,0.1768750036970229,0.06588688812375672,0.08978460909119601,0.10891541239266328,0.17722624706990575,-3.487066703239584,-3.367557195774137,-3.327464955324745,-3.0515655880342867,-3.1166606625866473,-3.0369261144706394,-2.973096347673334,-2.745177813439947,0.6831751922089021,4.627627627627627,2.7075220544471525,2.8658658658658656,0.5463576158940397,0.9403626161860509,0.9103703681103494,0.9738350751014951,0.1625816861824301,-0.12832422418428055
6,3.0,3.0,2,6.2856417483016624,47.51716974381007,3,0.7501154717139423,197797.02859341976,7291.147582728352,24655.3128478464,3.381540775042214,0.9399890939400213,0.9327804847217307,6.4585933106635505,0.9974110261075347,0.1309677419354839,0.0764516129032258,1.713080168776372,0.2140860215053763,0.09301075268817205,2.3017341040462425,0.3572043010752688,0.23107526881720428,1.5458352722196371,0.08359382980864527,0.10425425663481751,0.12921295614013414,0.20757699785981554,0.09229599265254824,0.10772048911130554,0.13364820701571178,0.21491673011757167,-3.243978896246407,-3.1708432160299034,-3.0824921146224384,-2.8050918680591295,-3.007701451142773,-2.956591970511833,-2.8706797853339916,-2.601394365321375,0.7478911045516047,4.495495495495494,2.154434690031882,1.808808808808809,0.5033112582781457,0.9205165954037285,0.8984892752857074,0.9683351416256241,0.16738863650276534,-0.11116280321705474
6,3.0,4.0,2,6.699416648149457,57.715524383366855,6,0.5911830225789572,147078.91927170413,2885.3616949297207,16628.305669489735,5.7629882931868455,0.8959085267891252,0.8845229034098188,4.006461688074223,0.9962200462144523,0.10838709677419356,0.1464516129032258,0.7400881057268723,0.30602150537634404,0.13999999999999999,2.185867895545315,0.37215053763440864,0.24096774193548387,1.5443998215082555,0.05485191762704939,0.08437833403921269,0.11343325379132528,0.16353508637161052,0.06684086199131334,0.09830655773153962,0.13266025353368308,0.18905896874905834,-2.71848140158758,-2.633556070447434,-2.549986881191469,-2.40588152606764,-2.2811467760489688,-2.2042275588754383,-2.1202485040363515,-1.9823794716852374,0.7381158695517633,4.64964964964965,1.7589165903277326,2.843843843843844,0.4900662251655629,0.9336910750686989,0.9101996596551426,0.9746247975005833,0.16629089735392943,-0.1344189632609161
6,3.0,5.0,2,4.4178276947746395,23.373354524138566,4,0.7399894773243251,163930.91398322306,6148.681248561896,17076.546119089107,2.777269698780224,0.9176073518817403,0.8583912586547722,3.955295782766904,0.9946132751196365,0.1221505376344086,0.06978494623655913,1.7503852080123268,0.16666666666666669,0.16623655913978494,1.0025873221216044,0.33483870967741935,0.17193548387096774,1.9474671669793622,0.235094731073071,0.2381291485368503,0.2812479085108147,0.45818040440702784,0.2325588663496874,0.2390701894920861,0.287390790417608,0.43844850277498437,-3.3562981237691316,-3.342983521224032,-3.1537843888884782,-2.3774291614714493,-3.1547826161047428,-3.128015991074138,-2.929380571215302,-2.308415360884596,0.6858941224587617,4.627627627627627,9.862658461312831,2.8218218218218207,0.5397350993377483,0.9242526068250178,0.8935757462339361,0.9444809512054395,0.17321049228555357,-0.16653268470029609
6,3.0,6.0,2,5.91449071999557,42.01976571588424,6,0.5977362380223237,167751.60202824604,699.1811467668493,28100.451311119938,40.19051635053653,0.8475186146176301,0.8523317144288055,2.1194660805571623,0.996106263197449,0.1309677419354839,0.10655913978494622,1.2290615539858734,0.358494623655914,0.12913978494623654,2.7760199833472115,0.28440860215053765,0.18526881720430105,1.5351131746952993,0.1370668077467143,0.15328614092679688,0.18389730513805816,0.254458462395989,0.15154591981901055,0.16032927023341967,0.18490134147716186,0.2530622013746964,-3.342603379718186,-3.2797771975858776,-3.1612037299429305,-2.887882498537617,-3.094236014340736,-3.0622039223116166,-2.9725917799867023,-2.724015230719127,0.7271819331511835,4.64964964964965,4.062077257506822,2.6676676676676663,0.5496688741721855,0.9479536177414287,0.9096836842370005,0.9743514200615374,0.166297218935764,-0.16042930189067867
6,3.0,7.0,2,4.5035838544925175,22.999438207148327,5,0.5826520375091551,151963.3999719963,92.80122108371503,22910.515537728752,246.87730689514754,0.8458710126049784,0.92675925285175,1.3672298780847232,0.9977106888260239,0.1374193548387097,0.13,1.057071960297767,0.3681720430107527,0.16258064516129034,2.264550264550264,0.44419354838709674,0.22139784946236557,2.0063137445361825,0.07271718166608514,0.12169709590390461,0.1343199189814187,0.23132077952905877,0.08320846471947288,0.12967290734574125,0.14407226115805877,0.23560010477988425,-2.8634822061183502,-2.712230495093231,-2.6732507700742936,-2.373708674971747,-2.582150959020399,-2.4512834711884404,-2.4107275718101016,-2.1529386415132605,0.720938563430297,4.737737737737737,2.154434690031882,2.711711711711711,0.47019867549668876,0.9722758715163066,0.9268550433288723,0.9838721766313973,0.1683304575804495,-0.14089516772751673
6,3.0,8.0,2,6.598206407815791,61.12629895777947,4,0.6947786435899471,193840.6738292047,7519.6159309870745,22765.754928654376,3.0275156520747983,0.9393896123229772,0.9325695859047258,5.180007838962928,0.998192768571962,0.11161290322580646,0.06666666666666667,1.6741935483870969,0.2859139784946237,0.1193548387096774,2.395495495495496,0.31989247311827956,0.19763440860215056,1.6186071817192598,0.09423248145733815,0.1066836391576969,0.12192818373801736,0.2159003389896637,0.10198106026997253,0.11087930254730263,0.12391458759587198,0.21385959673088542,-3.486933691499239,-3.4390004631655424,-3.3803135318940303,-3.0185488765032336,-3.2152500429608586,-3.183390944451129,-3.136719656176274,-2.8146822450584104,0.7218404268757647,4.737737737737737,2.776153294436798,2.9759759759759756,0.543046357615894,0.9051930300693145,0.8974504834238445,0.955878505205192,0.16983924351523425,-0.15277813138761132
6,3.0,9.0,2,6.083823278502556,46.68409065318707,5,0.704204594525961,184588.59501847439,1509.4490336748447,34341.702160811314,22.751150515631764,0.8819365323709888,0.902663210437633,16.269293339260482,0.9950119258863784,0.127741935483871,0.0732258064516129,1.744493392070485,0.35182795698924735,0.1429032258064516,2.462001504890896,0.23752688172043013,0.19430107526881718,1.222468179302712,0.11758647157618403,0.13708315050169695,0.174971402287679,0.2607902393108696,0.1287642253126525,0.13830480050499228,0.18630052515802883,0.2714879576844968,-4.008575881965293,-3.920007524384883,-3.7478910195638346,-3.3580382926638386,-3.6748988569873897,-3.634656422174708,-3.4322090034710615,-3.0728858357171305,0.6867573180332699,4.64964964964965,2.4464027646856312,3.02002002002002,0.48344370860927155,0.9701771642927471,0.9054100657167632,0.9714718961768701,0.18883721485234967,-0.1736455938341401
6,3.0,10.0,2,4.471344970331565,24.394910863690363,4,0.7044096890426437,155962.507790375,5236.8735182628925,24442.026283173593,4.667293605227491,0.8771435990424676,0.8907489648434289,28.64016110811912,0.9948597999051385,0.15118279569892473,0.08989247311827957,1.6818181818181819,0.31924731182795696,0.1629032258064516,1.9597359735973596,0.2509677419354839,0.21451612903225806,1.1699248120300754,0.19018190309259908,0.22779631795304417,0.23911936805811107,0.3286545806158466,0.17846213861116703,0.22733287602529226,0.2450077996802988,0.3331925364088538,-3.6196470858151435,-3.4515217899564856,-3.4009111090247277,-3.000715222503924,-3.454088193676693,-3.2486152081309796,-3.17430244910891,-2.803536995302973,0.7273653307567111,4.517517517517517,5.366976945540476,2.6456456456456454,0.5481727574750831,0.9697060083850038,0.89108213853978,0.9528389669862684,0.20894567104628206,-0.15572023809402064
6,3.0,11.0,2,6.941659766031646,63.96722981078925,6,0.6150816867839923,155065.553115784,3127.6368246111815,17677.506074053596,5.652032849514493,0.8603935182983282,0.8537860555577131,11.966206279004865,0.9939923108727753,0.1475268817204301,0.0964516129032258,1.5295429208472686,0.33623655913978495,0.19204301075268818,1.7508398656215005,0.26784946236559143,0.2603225806451613,1.0289136720363488,0.16973897851250763,0.1656581271247879,0.20862751782761885,0.3877488735821794,0.17530843199759377,0.1737497153794885,0.21418553266752346,0.38734829399587495,-3.256003368098899,-3.272007089241102,-3.1034956485824576,-2.4010421760704084,-3.0172352062620935,-3.0229379621034376,-2.874998567244626,-2.241461375687045,0.7563402652260356,4.6056056056056045,3.7633583622865325,2.557557557557556,0.543046357615894,0.9875313282365733,0.9121735574119512,0.9666771331451419,0.17434413857213268,-0.13463523315152653
6,3.0,12.0,2,5.604507195378065,41.58051893157844,6,0.6294328198381255,179653.0077773321,10814.027092301638,25324.71061110885,2.341839020279242,0.8495558925770065,0.8283664870741533,5.779580475232536,0.996909564354806,0.11827956989247312,0.1,1.1827956989247312,0.3229032258064516,0.1760215053763441,1.834453268173488,0.32526881720430106,0.25462365591397845,1.2774493243243246,0.05018239854585275,0.08110082409082832,0.11322290965811295,0.27151316322821506,0.05605501111090304,0.08485376249818245,0.12729175303076914,0.2800347346781274,-4.235667033908595,-4.097787765698874,-3.954540832088214,-3.248652872326836,-3.674438250841507,-3.562335072245866,-3.39713924247055,-2.80256576528821,0.7066590542650824,4.78178178178178,2.5736529368675245,3.24024024024024,0.5264900662251656,0.9480596282631705,0.9233739893173432,0.9710208757157054,0.1540646547550617,-0.15228441640442883
6,3.0,13.0,2,5.41595855946822,34.57591500640895,6,0.6483681639583205,151771.2260106003,6373.909227141733,17289.24866540383,2.7125031200290386,0.9098466685289943,0.8715387368306788,18.896904599953526,0.9954258753153218,0.12849462365591396,0.09989247311827956,1.286329386437029,0.24623655913978496,0.13612903225806453,1.8088467614533965,0.27763440860215055,0.19505376344086023,1.4233737596471885,0.14152452360613565,0.14423010471360712,0.17308184006725166,0.2549730382065408,0.14028843843293848,0.14367606650158324,0.17803644714860062,0.26082953700187234,-3.324579526551547,-3.3141017437788713,-3.2023689205360526,-2.885232545386126,-3.079538906357315,-3.0674042173476153,-2.9443232518586067,-2.6477533872915373,0.7198177654330697,4.64964964964965,2.920555512182745,2.513513513513514,0.5099337748344371,0.9342963886210403,0.9054183785437191,0.9598284436289581,0.1691819266297605,-0.13756595313337133
6,3.0,14.0,2,6.405907830018562,48.69583836126723,5,0.6183211267423828,160372.8372448145,5178.607821282083,16935.149565228832,3.2702127965033174,0.9200193182836879,0.8666222915700148,119.57564752294027,0.9976446834462035,0.12451612903225809,0.09333333333333334,1.3341013824884795,0.2990322580645161,0.18247311827956988,1.6387743076016499,0.3638709677419355,0.28731182795698923,1.2664670658682635,0.10360727986148137,0.09756605981775067,0.12016999144378929,0.2242992583621783,0.11408919550607784,0.11219398722060936,0.15289050572205104,0.276050575549395,-2.8178127394523083,-2.8368033296463344,-2.7657478145059193,-2.438417205632696,-2.1227721141039697,-2.127313310890828,-2.0297984886561826,-1.73468891275488,0.7046579444054024,4.627627627627627,2.0479120966650832,2.8218218218218207,0.5496688741721855,0.9350315958667091,0.913235931960402,0.9732536455563972,0.16211460599376729,-0.11504912771117674
6,3.0,15.0,2,5.363582974121589,33.10270026844632,5,0.49544004002228403,113185.40039483715,2451.3139964342713,13313.295477094116,5.431085326669653,0.730814350380075,0.8703403014194937,2.9145171507098055,0.9961717481194028,0.11806451612903228,0.13322580645161292,0.8861985472154964,0.3058064516129032,0.12989247311827956,2.3543046357615895,0.315483870967742,0.22064516129032258,1.429824561403509,0.0644041541915438,0.09776654130921476,0.11480191405220107,0.18306447829252726,0.07684962425141648,0.11045824031653803,0.13293749531325072,0.20263944045097482,-2.579189773519489,-2.487218514711963,-2.440256507170303,-2.252074710092389,-2.1434567518296417,-2.0654211284719426,-2.01322669497054,-1.8513862095567062,0.7142983277534405,4.517517517517517,2.154434690031882,2.359359359359359,0.5629139072847682,0.9170818627263515,0.9124560063411132,0.9808924597474453,0.16399535438587448,-0.16221661929240835
6,3.0,16.0,2,4.870928859080991,29.73524426048867,6,0.578441534206912,143060.01873142557,1167.782101309637,29175.644909033548,24.98380894544781,0.8425759679582588,0.8794309659713206,9.69951463885938,0.9918156356975469,0.12451612903225809,0.08634408602150538,1.4420921544209218,0.3033333333333333,0.2453763440860215,1.2361963190184049,0.31688172043010754,0.2579569892473118,1.22842851187995,0.16396973382301255,0.1840820740652691,0.21774932406990963,0.4587877905086432,0.1647169027780688,0.19034052932218604,0.22276424631586822,0.46090087694016235,-3.7170261436982193,-3.62760582302816,-3.4779197966765967,-2.406252516630988,-3.541276953630368,-3.4326426972316604,-3.2951786899715536,-2.285571570361737,0.6487455246814485,4.53953953953954,854.9327066268366,3.262262262262261,0.5496688741721855,0.946557411978917,0.8954919199332051,0.9592629942677562,0.180959264398239,-0.15883887301864424
6,3.0,17.0,2,5.38854704609993,34.000542561760405,5,0.6348246754287845,198671.79189805948,3732.022943423376,21836.047742750874,5.850995043112119,0.8322172229609766,0.884300991308266,1.6062201967167782,0.9944859977161824,0.1374193548387097,0.08989247311827957,1.5287081339712922,0.2886021505376344,0.13999999999999999,2.0614439324116742,0.22870967741935483,0.15473118279569892,1.4781097984711604,0.1730281109974926,0.20125137423533498,0.2364732531934985,0.28806994762480714,0.19326676692443542,0.2127386791479888,0.24288073940704683,0.30275769459417357,-3.249589951227796,-3.138686504776702,-3.0002819647337904,-2.7975325098003307,-2.865480457471766,-2.796317093848476,-2.689253840372494,-2.476573566513548,0.7695879589298058,4.715715715715715,2.776153294436798,2.7337337337337337,0.5860927152317881,0.9481903459400066,0.9029886807079136,0.9497257177765144,0.17624220599148557,-0.15426886466823073
6,3.0,18.0,2,3.709112955153222,16.091804247723235,3,0.6677385497547913,163517.23228795573,2621.42588465634,22449.214028394377,8.56374164907485,0.8592640742625344,0.819550208602188,2.098211326801486,0.9914364990883926,0.12505376344086022,0.08978494623655914,1.3928143712574852,0.26645161290322583,0.179247311827957,1.486502699460108,0.21526881720430108,0.13827956989247311,1.5567651632970452,0.19902164201179529,0.2174605489940643,0.2941807274665049,0.5215447395881047,0.20015737940181952,0.20244782305585476,0.27011448992903764,0.4801748520648836,-3.8537147380603023,-3.765000371582576,-3.395879683692261,-2.3019724193084294,-3.743429875802608,-3.7327101229630486,-3.416016043595766,-2.432889844652837,0.6349498156864436,4.78178178178178,7.464701458713186,3.284284284284284,0.5099337748344371,0.9145163091003564,0.884902569126028,0.9394106350941688,0.18653674498879866,-0.2023462050634321
6,3.0,19.0,2,5.907941574168633,46.71496362394453,6,0.7580414777734628,189133.40989599537,5759.566532268265,23942.997869442923,4.157083303978009,0.9423003723581892,0.9268154022834143,6.492558130539658,0.9960884618774405,0.16043010752688172,0.06322580645161291,2.5374149659863945,0.15795698924731183,0.11956989247311829,1.3210431654676258,0.23978494623655916,0.16505376344086023,1.4527687296416938,0.11760465911252546,0.15256187141198252,0.15912549718592353,0.2780495679384848,0.11924049823496867,0.1528496789025364,0.16014856014546056,0.27150407227749723,-4.052784969789432,-3.8922287451265856,-3.862082434678939,-3.3158718370488485,-3.881486103822762,-3.733371246747016,-3.7012052513066163,-3.210464166982923,0.7150156283358363,4.75975975975976,5.101615314749834,2.359359359359359,0.4867549668874172,0.9262430379893472,0.9130546400904117,0.9593104700705729,0.15275323686286826,-0.13379892272973617
6,4.0,0.0,2,4.9381469581370325,32.06529620223985,4,0.8679371595344303,660354.3107969749,1543.067378758945,110328.92270460917,71.49974409629752,0.9564846077997804,0.9696899389307361,24.321505407937387,0.9988927501591325,0.10838709677419356,0.11645161290322581,0.9307479224376732,0.29956989247311827,0.1825806451612903,1.64075382803298,0.1624731182795699,0.06860215053763441,2.3683385579937304,0.07628861956679654,0.09237816122435089,0.12424512322067968,0.1906656324936457,0.0857709067832914,0.09073727411415035,0.13106839939361442,0.20864061306595738,-3.6417833564298596,-3.578349445944112,-3.4527121805855465,-3.190845638373583,-3.2264738461836764,-3.208946670093516,-3.0666110981161503,-2.792845233015794,0.6235116926334792,5.2222222222222205,2.5084150592775414,3.4824824824824816,0.5066225165562914,0.9577421698620563,0.9004641903082139,0.9631898487775052,0.19331067004918276,-0.1522319297687643
6,4.0,1.0,2,5.4555645321286015,36.09982246372691,4,0.8294574430925744,545377.9454187185,217.52716775318473,83350.73270669725,383.1738976221601,0.9652042173129657,0.9814800998054231,4.330388574847521,0.9995235209477538,0.127741935483871,0.10655913978494622,1.1987891019172559,0.28215053763440856,0.21279569892473119,1.3259221829206669,0.25516129032258067,0.07903225806451612,3.228571428571429,0.05527087579889632,0.06412425774888068,0.0857980395189758,0.15583094599673694,0.07215529045658692,0.08168764324800278,0.10496536844857585,0.20209605919891735,-2.288414712696408,-2.2669691903848164,-2.2144688494808573,-2.044828336183328,-1.6808788308865932,-1.6636100682899748,-1.6214402578482114,-1.445478784734911,0.6069168808953607,5.002002002002,2.3843904700937206,3.262262262262261,0.48013245033112584,0.9208130174873417,0.9217434003857989,0.9758556480780771,0.15511859173924633,-0.1363382070448404
6,4.0,2.0,2,8.09050738474952,82.6197428998681,5,0.6908294202960655,584013.9041509652,3670.2564133461988,70117.7076077843,19.10430763169963,0.9283424661955223,0.9397963362697899,32.119378524771264,0.9996568212901585,0.11483870967741935,0.15999999999999998,0.7177419354838711,0.2756989247311828,0.22956989247311826,1.200936768149883,0.2509677419354839,0.13516129032258065,1.856801909307876,0.0928922574121111,0.10087838762285702,0.11813943911614806,0.19252399157032166,0.11519998664832448,0.1303979758359637,0.14646943933209447,0.23436875624040898,-2.4067025013571266,-2.3855140155224315,-2.339717674189877,-2.142363512110895,-1.7968784964586353,-1.7660139626107751,-1.73337555084875,-1.5548669726134827,0.6375929888492845,4.89189189189189,663.4708121092337,3.1081081081081083,0.543046357615894,0.9669612638976925,0.920551536534581,0.9804971235359962,0.17668164975507283,-0.13728593942037592
6,4.0,3.0,2,4.422609447934817,21.92997928394328,4,0.8106041101254334,599013.5266830378,11222.07814336688,83527.19773190543,7.443113179645473,0.9328868901729175,0.9507137481208142,22.46723894048992,0.9987833277116465,0.11483870967741935,0.07655913978494625,1.4999999999999998,0.3079569892473118,0.17279569892473118,1.7822028624766644,0.2750537634408602,0.07559139784946237,3.638691322901849,0.05020623653560157,0.061738955152028575,0.08002127294941087,0.15151468854561762,0.04988017895297208,0.06272443931354592,0.08207638834027325,0.15995696388227446,-3.088942382093772,-3.0514353940660723,-2.991977195392231,-2.7594645700510725,-2.8631618981367577,-2.8244560464541593,-2.7661394406107496,-2.531448308442713,0.6365357403245206,5.068068068068069,1.5892828656229763,3.3063063063063054,0.5529801324503312,0.9355685332988825,0.9103264260764671,0.9764840388583714,0.15153185185232435,-0.1499894705823223
6,4.0,4.0,2,4.111260644233748,19.111760055265915,4,0.8554358967114276,595300.645687608,6198.618502433624,74784.06968574881,12.064634991875694,0.9650503182797862,0.9614043290757781,20.199594939384642,0.9991895433816287,0.12451612903225809,0.1064516129032258,1.16969696969697,0.26623655913978495,0.17666666666666667,1.5069993913572732,0.2524731182795699,0.11946236559139786,2.1134113411341136,0.1306670831984979,0.19189923414942803,0.2651340834933274,0.3445504895130711,0.18401373598070309,0.25428106991003385,0.3454201899094994,0.4194273109121251,-2.9837302723085273,-2.7735688728034256,-2.5222117313077232,-2.2496382094964473,-2.101485792488466,-1.9205197512205954,-1.6858006459315278,-1.495203181013522,0.6476125730142013,5.0240240240240235,663.4708121092337,3.5485485485485486,0.48344370860927155,0.9441706101547772,0.9079823156986413,0.9798637410786416,0.18578619793519027,-0.13130548129822392
6,4.0,5.0,2,5.553781304458382,37.12885964389847,4,0.8231828041676744,642513.4251839401,1658.890269528901,95363.44882147881,57.486291030304585,0.9736655179536513,0.982596253979783,5.070836214079587,0.999426148759495,0.17612903225806456,0.06999999999999999,2.5161290322580654,0.330752688172043,0.1496774193548387,2.209770114942529,0.29161290322580646,0.1581720430107527,1.8436437797416725,0.03992014306074626,0.04214200446581811,0.05463044776109697,0.10956549623386977,0.050562447937356016,0.05225532722735435,0.06563686614040631,0.13222541765820758,-2.666798232528103,-2.6606266041732933,-2.6259376579714107,-2.4733454656530736,-2.1225398283172927,-2.118755267963904,-2.0888398203966303,-1.9399760511056032,0.6611428068185342,5.178178178178179,0.7814350607844542,3.02002002002002,0.5397350993377483,0.9178169501434821,0.9037363614461676,0.9753737798617106,0.17622718473407775,-0.1128847982884851
6,4.0,6.0,2,4.562699032041909,23.11396675996094,4,0.8738833200872611,577131.5161548832,5272.997616604753,80583.08529405032,15.282215383578578,0.9711626126113271,0.9745704426344551,4.838058613784129,0.9996792693245391,0.12795698924731183,0.07666666666666666,1.6690042075736327,0.27559139784946235,0.16655913978494624,1.6546158812136862,0.22075268817204302,0.1129032258064516,1.9552380952380957,0.14732915228109464,0.14979719702847968,0.1730481416761839,0.32828125246670076,0.17126936212569752,0.17367169673750285,0.19594392305215397,0.3435068963581909,-2.7700219722872585,-2.762004179492848,-2.6864701938723994,-2.182173455140704,-2.229973159269085,-2.223508885524301,-2.163578113559319,-1.7665112564458343,0.6225358553046672,5.178178178178179,2357.069413996723,3.284284284284284,0.5298013245033113,0.9312966801445425,0.8950143089649861,0.9762450137154546,0.19180370163527316,-0.12966994377222327
6,4.0,7.0,2,6.2445295946345665,42.277843877389564,3,0.838943895847764,600810.0403572167,6976.544288218128,83999.48188966095,12.040270715620322,0.975011187595632,0.9786461635767465,121.0754403161333,0.9996927291937548,0.1470967741935484,0.08655913978494624,1.699378881987578,0.2194623655913978,0.11967741935483871,1.833782569631626,0.3472043010752688,0.169247311827957,2.05146124523507,0.0957292160757347,0.08964437767457746,0.10588735222719094,0.1803647771809537,0.12142696569177837,0.0985057604800285,0.12436515501066889,0.1887766509497014,-2.504115357267185,-2.520965550326284,-2.4759853488777916,-2.2697417469479837,-2.086304350678168,-2.140734213977711,-2.079327176419748,-1.9263723519900369,0.7121725773087593,5.046046046046046,1.2975171686575868,2.403403403403404,0.5165562913907285,0.937879743552043,0.9122053986428857,0.982730574225072,0.18312183595520992,-0.1194915154326351
6,4.0,8.0,2,6.622671827527009,52.27516978821823,4,0.8589200706728418,695721.8263407329,11286.605238094695,122223.68212855766,10.829091613484161,0.9697565643962942,0.9866648415930361,7.146889332389215,0.999886140709794,0.1341935483870968,0.13666666666666666,0.9819040125885132,0.33881720430107526,0.1664516129032258,2.035529715762274,0.3429032258064516,0.16559139784946236,2.0707792207792206,0.11145883792544978,0.13609822044806996,0.1581868142109208,0.21495283069365587,0.13804177591997382,0.1661096876110949,0.1902756546338187,0.26569285148334487,-2.4000367618411445,-2.333483374820462,-2.2738199182345653,-2.1204893442589574,-1.785535694212606,-1.7273933657488416,-1.677333866925344,-1.521108085709542,0.6501404101015565,5.002002002002,4.8493740673352335,3.042042042042041,0.5165562913907285,0.9086416156679302,0.9018705257281534,0.975983102776469,0.17198347835297223,-0.10295573308938494
6,4.0,9.0,2,4.634366335783309,23.908652412136885,5,0.8286037396284138,568075.899443331,6639.194994661977,79851.92713093232,12.027350785017552,0.947847159652266,0.9642271440532074,4.168716860523833,0.9993729018403052,0.11806451612903228,0.06666666666666668,1.770967741935484,0.3293548387096774,0.1561290322580645,2.109504132231405,0.18752688172043014,0.11806451612903227,1.5883424408014573,0.05120965932134532,0.06860804009790049,0.08209912667213805,0.1673999244560367,0.050610504646371506,0.0719993489704298,0.08861713845667835,0.17562030638417095,-3.1006717200021114,-3.0438133552667517,-2.999724130472455,-2.7209588858843117,-2.85375377383828,-2.789461409633128,-2.7395102782046434,-2.477988932093176,0.6278005862672354,5.002002002002,2.4464027646856312,3.3283283283283285,0.5596026490066225,0.9377167016330985,0.9203858982856427,0.9827589365405643,0.16059599169531766,-0.12017792185861931
6,4.0,10.0,2,5.643880375327835,41.5009039798235,5,0.8164218358567312,549156.7415346988,2630.545912963969,80181.6659249125,30.480998461101848,0.9801411694807122,0.9740407798299976,12.021597705281906,0.9996879506375577,0.1438709677419355,0.09333333333333334,1.5414746543778803,0.3047311827956989,0.20989247311827955,1.451844262295082,0.26774193548387093,0.16236559139784945,1.6490066225165563,0.13669724580993212,0.12947444800836677,0.14228744857643721,0.19324799627776687,0.19082920995369648,0.1737232055353489,0.18602075662966913,0.25527682381472144,-2.1570509426200783,-2.175097847637586,-2.143083244627223,-2.015753061881869,-1.4017869847717717,-1.4314209936238658,-1.4101170275382913,-1.2901395706272103,0.6924688988726225,5.002002002002,2.266498079273693,2.5795795795795793,0.5231788079470199,0.9037828077599769,0.898991379617775,0.9737921015373054,0.17604583206381666,-0.10624013652214359
6,4.0,11.0,2,3.3568200857102166,11.35012280373532,3,0.8851847321612194,593443.2346710698,3284.61783961384,79073.49703507515,24.073880401371603,0.9766763599464576,0.9858151767365569,38.08923142518788,0.9984961615732513,0.12451612903225809,0.16333333333333333,0.762343647136274,0.32924731182795697,0.19602150537634408,1.6796489303346132,0.2595698924731183,0.11258064516129032,2.305635148042025,0.11021119448502319,0.1341998840491244,0.14592447742546413,0.24838209761028526,0.1426332403537787,0.16006015456983502,0.1750119092126635,0.2702610727351457,-2.930350785590126,-2.8513485831868746,-2.8127358571128513,-2.4753111042530764,-2.3079550089102794,-2.261043306885124,-2.220794514134921,-1.964392243376329,0.6290847732594395,5.1341341341341336,647.0686830829871,3.3063063063063054,0.5298013245033113,0.9378494714775668,0.9037561266015622,0.9748288329677784,0.16879992770750626,-0.10349670736541552
6,4.0,12.0,2,4.358707174425747,22.725900637294004,4,0.7663713315264188,593405.6403662693,4394.576559474152,83870.91965609635,19.08509694188425,0.9084726457644492,0.9611582327407335,10.356994074667341,0.9984448871781784,0.1374193548387097,0.16666666666666669,0.8245161290322581,0.2988172043010753,0.18967741935483873,1.5753968253968254,0.181505376344086,0.08526881720430106,2.128625472887768,0.12244095670541506,0.11746230029327602,0.13422498792390392,0.21322285245713446,0.1245942822037567,0.12596310035843758,0.1381082503365085,0.20704709597417947,-3.3246313639929523,-3.343492997731237,-3.2799875761103987,-2.980704262785257,-3.0466442641530027,-3.0418804136379234,-2.999612067926044,-2.7596865860956568,0.6401331242596264,4.913913913913913,1.6306163126774824,3.262262262262261,0.5264900662251656,0.9034999668170086,0.8942580397449834,0.9632198543457698,0.1796238735353016,-0.16482050108480195
6,4.0,13.0,2,4.73542102074952,25.91360166279598,5,0.8223399575177172,582467.5266565324,4116.835775226938,82067.30514528046,19.93455887629051,0.9804456100092492,0.9650084716906007,39.06272567249675,0.9988208095902334,0.12451612903225809,0.06999999999999999,1.7788018433179729,0.2759139784946237,0.16279569892473117,1.694848084544254,0.26978494623655913,0.13569892473118278,1.9881141045958797,0.08933350991006116,0.10747327228627108,0.12562590070984658,0.24142813051678338,0.10552079824777362,0.12058862205347687,0.1409031298129718,0.27019950350075306,-2.8182841189797934,-2.762146109309655,-2.7059682824535782,-2.3475894590765303,-2.362381977118714,-2.322586803208283,-2.268934770929546,-1.927454027376796,0.6606221990810923,5.046046046046046,1.9466563433422632,3.02002002002002,0.5629139072847682,0.9407922266507779,0.9094386245251207,0.9768592594846732,0.18132779024358556,-0.13923072238639808
6,4.0,14.0,2,4.777338218940095,25.314710244237325,6,0.8217747740079242,549987.0952582663,667.3820143458058,79735.34153597517,119.47481325839279,0.9695620071217776,0.9538167309527015,33.379623287112686,0.9989926658813909,0.15677419354838712,0.08989247311827957,1.7440191387559811,0.2724731182795699,0.1629032258064516,1.6726072607260725,0.21440860215053764,0.09569892473118277,2.2404494382022477,0.10597837849540388,0.1321730889004867,0.17012572972328588,0.2988897507800708,0.10825345545588913,0.14260700014337904,0.2000083574724618,0.32840753102197867,-2.802402321383826,-2.720292319252515,-2.601325880202123,-2.197701870625085,-2.253880973011866,-2.1670527131207886,-2.021971324355536,-1.69744362533131,0.6434360498243644,5.068068068068069,2.325444274683707,3.3283283283283285,0.4768211920529801,0.8697219178363685,0.8791489045852217,0.9302042657094086,0.1794071849843523,-0.11270148609866629
6,4.0,15.0,2,5.42684093016225,37.95438393839815,4,0.7976347503363141,535469.0624611513,1074.362471206017,65177.31394544357,60.66603748014327,0.9247424887614197,0.9622136596498188,7.294605144625881,0.9989827380452931,0.1341935483870968,0.1032258064516129,1.3000000000000003,0.31440860215053756,0.1429032258064516,2.2001504890895407,0.4698924731182796,0.14827956989247312,3.168963016678753,0.04419838294236432,0.05206819116098,0.05869317886364558,0.10578153149011313,0.05117708287214772,0.05868642107468872,0.06550664926744441,0.11441119053352053,-2.820391810591215,-2.7971694784099452,-2.777620378755368,-2.6386714569793632,-2.4160471044044036,-2.396925607133699,-2.3795588337568874,-2.255030143328758,0.6712653842021613,5.0240240240240235,1.2975171686575868,2.9099099099099095,0.5033112582781457,0.9402561278670495,0.9134846805368164,0.9801159633088616,0.1783899845331102,-0.1489096120774086
6,4.0,16.0,2,3.9684242654033977,16.600200006902956,3,0.8523629587666892,574053.6647007985,882.265847152999,81718.91366591265,92.62391140903054,0.9763176483724014,0.9791447527517765,13.122799711770808,0.9994042903287887,0.14064516129032262,0.0832258064516129,1.6899224806201556,0.32129032258064516,0.1529032258064516,2.1012658227848102,0.4172043010752688,0.15258064516129033,2.734319943622269,0.08591987654487995,0.10641237477830703,0.14929579397547665,0.25283787742792285,0.09951108262751567,0.1309933001263078,0.1818230473126582,0.3025362696598254,-2.693870166764668,-2.633477069685999,-2.5070960658113526,-2.201948932141186,-2.0953850010526933,-2.022127723729023,-1.903849877320479,-1.6229572748073435,0.6365363681360868,4.957957957957959,1.473356144568958,3.152152152152151,0.5298013245033113,0.9450554978655248,0.9203045350722893,0.9815935877105679,0.1659393434760832,-0.11775530876217849
6,4.0,17.0,2,4.05677833738931,17.31329460085617,3,0.8949838149839675,640940.8762327362,666.5896899867449,93443.81820764643,140.18191341888974,0.9700785321617613,0.9655910654774097,3.6497192472048456,0.9995597264837272,0.1213978494623656,0.09322580645161291,1.3021914648212227,0.28559139784946236,0.19655913978494624,1.4529540481400436,0.32451612903225807,0.15258064516129033,2.126849894291755,0.21561208626069994,0.20606589505289208,0.2483120195863022,0.32125494282111633,0.30394096213649463,0.27573990635242845,0.3123214912673332,0.4060711311847934,-2.3762572334636665,-2.4051768604903523,-2.277194701089452,-2.056218388310211,-1.5557130796796215,-1.6187432954479708,-1.536982342666997,-1.3274490515218749,0.671206198425595,5.1121121121121105,2.6388908144575076,3.042042042042041,0.4966887417218543,0.9360744917848861,0.9157651949253807,0.982047170142048,0.17788896625580264,-0.14690291674465442
6,4.0,18.0,2,4.753944044879314,27.26472417290791,4,0.8589240016988458,647090.1940639154,11721.314125481975,98859.94740580673,8.4342033962631,0.9658036048793831,0.9705905972247628,8.69300324798275,0.9994144578735522,0.12451612903225809,0.1631182795698925,0.7633487145682268,0.301505376344086,0.14623655913978495,2.0617647058823527,0.30688172043010753,0.07913978494623655,3.877717391304348,0.07489354940655037,0.0892238033083771,0.10968708775608398,0.14746967497819094,0.10486807703127014,0.1140236242469306,0.13786877436453004,0.18506283116706612,-3.045842934443798,-2.998661658637468,-2.931287844185543,-2.806891536861518,-2.2691825277331765,-2.2459729792403578,-2.1855249082581754,-2.0658867562034606,0.6732418424163361,5.156156156156156,2.5736529368675245,3.262262262262261,0.5695364238410596,0.9182886067018007,0.89687778866313,0.9699806415796348,0.17956596896568872,-0.11460342182662754
6,4.0,19.0,2,5.399635025173664,32.57335123001901,6,0.7963187502814304,515801.0591026752,944.2983127758162,75204.70505963422,79.64083387861396,0.955428104488039,0.9753047966181706,40.93069439303272,0.9993498599807843,0.1374193548387097,0.10666666666666666,1.2883064516129037,0.30172043010752686,0.15301075268817202,1.9718903724525652,0.2835483870967742,0.1688172043010753,1.6796178343949042,0.10250804296467869,0.10266120588431979,0.119890617849718,0.19800981394650885,0.13571834517238549,0.13232952449342622,0.15045120318137714,0.23942368190039318,-2.38418392157966,-2.3837770448744946,-2.338007178454892,-2.1304838353867965,-1.805448493273336,-1.8125275989729945,-1.7746721645784391,-1.5888123505365908,0.6759676450431288,4.847847847847848,3.0724688427090037,3.0860860860860853,0.5198675496688742,0.9491194265463404,0.9238295497937744,0.9729488101655619,0.1559053543815464,-0.16127789653515306
6,5.0,0.0,2,4.537172398322269,24.36804368244263,4,0.7157380117864132,450754.55403741274,12375.06017730697,60129.48597902769,4.858924733900802,0.9541770498799401,0.9538940663414014,176.60632638328048,0.9983656258607516,0.11483870967741935,0.13311827956989247,0.8626817447495961,0.3160215053763441,0.18268817204301074,1.7298410829899944,0.327741935483871,0.24107526881720434,1.35950044603033,0.07857541422191479,0.09625271120140019,0.14447783672126968,0.24782254183389812,0.07087275207513427,0.09595580820103408,0.15359254374780767,0.2616673912373328,-3.9012362053498086,-3.8263919782111824,-3.62221074776704,-3.1846577331856762,-3.6009561249360282,-3.5037434075279417,-3.2803645793297442,-2.8615061453659143,0.6999625932486774,5.09009009009009,8.470868266557403,2.931931931931931,0.5264900662251656,0.9222865761399601,0.8953530834823081,0.9611533869651994,0.17479971410065573,-0.10533045378139193
6,5.0,1.0,2,7.1835956839855095,61.28501829008532,6,0.623297526876007,336153.5962680365,4931.938212901376,56483.73100327624,11.45264367982579,0.9391009508850702,0.9628553662994812,18.57431163499119,0.9990976659735218,0.10838709677419356,0.14666666666666667,0.7390029325513198,0.25591397849462366,0.08645161290322581,2.960199004975124,0.2921505376344086,0.16139784946236557,1.8101265822784813,0.0797038167483313,0.0932986374391086,0.10505478863658897,0.14212438380794387,0.09369026003887451,0.09977802561818988,0.11310485125606792,0.14943449528133487,-2.6424695063766577,-2.603434356852177,-2.5696786251463988,-2.4632397670519004,-2.2789825268732,-2.263674392389778,-2.2301631087432923,-2.138809545727785,0.7111647519042452,4.86986986986987,1.5892828656229763,1.874874874874875,0.5066225165562914,0.9464417457965115,0.9106545225012478,0.9759566551223458,0.1700506255915974,-0.13119077845655908
6,5.0,2.0,2,6.564908328297458,49.84782659255702,6,0.6250560941777428,381440.1279088665,9523.071884457766,54352.72903677513,5.707478605247336,0.8974666180350392,0.9492267101324454,43.75567960488704,0.9992612379628678,0.1664516129032258,0.13645161290322577,1.219858156028369,0.33086021505376345,0.09956989247311827,3.322894168466523,0.4317204301075269,0.2346236559139785,1.8400549954170489,0.14353955510258534,0.1782738680183061,0.18615511442658944,0.2672696622118208,0.14848370781796646,0.1898507233308779,0.1928501538884974,0.27617867681130076,-3.1609318055082825,-3.032738150924585,-3.0036508969977858,-2.704282075575484,-2.8234957045038107,-2.6863291092416746,-2.676383463605589,-2.4000790303312973,0.7179101516849914,5.1121121121121105,5.939826693920351,2.447447447447446,0.5596026490066225,0.9607747204372153,0.9029891805094206,0.9749523323933672,0.18510491982097843,-0.12094899095933169
6,5.0,3.0,2,5.402059785753084,32.52196569392835,4,0.6635358431663225,384730.80066808284,5542.83856327104,47922.20670740941,8.645787922628706,0.9236994879712886,0.9486718627921336,53.8501169586013,0.9979872959359856,0.11483870967741935,0.11322580645161291,1.0142450142450141,0.3390322580645161,0.11634408602150537,2.9140480591497226,0.3494623655913978,0.22118279569892474,1.5799708313077294,0.0639814860165724,0.07133639917594337,0.0926294580556007,0.16096551343439502,0.07444517736969596,0.07767178373604132,0.09677397160535291,0.1547725777709538,-3.773551839736205,-3.743900560761465,-3.6580577485643064,-3.382561437708718,-3.4076497413737616,-3.3957702242658017,-3.325440986104041,-3.1119053527003007,0.7110036837707434,5.002002002002,3.5772850993678698,2.557557557557556,0.5463576158940397,0.9412608192736474,0.9051041372415672,0.9673415207152678,0.1905323420184947,-0.12185476108081424
6,5.0,4.0,2,6.415532635841648,50.48620682289813,7,0.6259958943687302,399186.63695979805,1574.5933325305334,66130.70242662338,41.99859167467992,0.9608860696662088,0.9559819610136369,29.32076085650129,0.9991831388628692,0.14064516129032262,0.1129032258064516,1.2457142857142862,0.3210752688172043,0.1596774193548387,2.0107744107744105,0.3527956989247312,0.1389247311827957,2.539473684210527,0.1015833140543788,0.11618632062488994,0.15263558100506744,0.2172084960904901,0.12596372214993526,0.14309254991382192,0.1749305335028467,0.2695051406899887,-3.2259964130027354,-3.173560558290242,-3.0426801048408585,-2.810814428589035,-2.451383579698329,-2.4033428653893565,-2.3140478187663276,-2.048797227926722,0.7824867138294344,5.156156156156156,3.7633583622865325,1.2362362362362358,0.5397350993377483,0.908679900447352,0.8902150877824414,0.9662848073290442,0.1759522624005578,-0.12187659271837217
6,5.0,5.0,2,5.586642163962975,34.770787531772896,5,0.6922987517456063,412765.25496020843,9550.025785977059,53331.03823362112,5.5843868308639175,0.9582973587293372,0.9705658965115419,29.040484161350385,0.9991291284287687,0.12451612903225809,0.09978494623655913,1.2478448275862073,0.288494623655914,0.14956989247311828,1.92882818116463,0.2743010752688172,0.14516129032258063,1.8896296296296298,0.1045495933313114,0.13867917274476446,0.17221552038949695,0.2335452421048412,0.12295989750344903,0.14629048468106284,0.19054204567642213,0.25277098000207426,-3.105480612081858,-2.987116997103679,-2.8708107487228154,-2.65811526015865,-2.6425135874056,-2.5722187474735363,-2.438889210019912,-2.251394015652841,0.7101746526032571,4.935935935935935,3.4004119327037095,1.4784784784784788,0.5165562913907285,0.8949431081424951,0.8873937640143668,0.9535615520838941,0.17698166693792342,-0.10544298470253513
6,5.0,6.0,2,6.30782950861671,43.59734697978131,5,0.6428750293734962,393726.0750833903,5338.973836437235,70971.0308185594,13.293009666801304,0.9231342871650936,0.9441157862226764,19.598773885894353,0.9993613465034236,0.12451612903225809,0.1232258064516129,1.010471204188482,0.3380645161290322,0.1564516129032258,2.160824742268041,0.4801075268817204,0.21139784946236562,2.271108850457782,0.21937491060371306,0.24682238482507787,0.2736001002299348,0.3304293005175992,0.24586371677148924,0.29123868479972476,0.3008789381686232,0.3564100676471531,-2.2935123724771116,-2.212870432351114,-2.1341962743949474,-1.9672294733681723,-1.9126793451978392,-1.7975970105234302,-1.7731469026169009,-1.6323059873457453,0.7414745942039194,4.957957957957959,2.5084150592775414,1.5005005005005003,0.5198675496688742,0.9714594369491593,0.9324562887386231,0.9855728842113974,0.16195366380501947,-0.11776591870719065
6,5.0,7.0,2,4.183508372624683,20.031356047106126,6,0.8013079577361871,361227.8389012066,3149.2652110379736,41290.35328095862,13.111107040537128,0.9142006127876164,0.9270456512998569,21.405677610949486,0.9978103922612643,0.11161290322580646,0.1032258064516129,1.08125,0.3526881720430108,0.09978494623655913,3.5344827586206904,0.2381720430107527,0.1881720430107527,1.2657142857142858,0.1069873145436609,0.1152012249615404,0.13813288332888715,0.2056843508870722,0.1108467153688623,0.1147169684766524,0.13726837557408111,0.20172534373005613,-4.25799491194701,-4.218829971363164,-4.109488988596751,-3.7873952380356135,-4.122358337154,-4.104414782941732,-3.9998602784828017,-3.7010201069867428,0.7442388939404195,5.046046046046046,4.8493740673352335,2.953953953953954,0.543046357615894,0.9018245398596187,0.8869808833838025,0.9566335390290104,0.1724605945695772,-0.13916481531824768
6,5.0,8.0,2,6.257829716335513,53.598882388228375,5,0.6760206574613894,450072.2935678174,4051.72007451021,71239.89734388502,17.58263059485836,0.9306127730697166,0.9514830792049023,9.087340766425417,0.9983526357952138,0.12451612903225809,0.06999999999999999,1.7788018433179729,0.3020430107526882,0.11967741935483871,2.523809523809524,0.32,0.18473118279569892,1.7322467986030268,0.09263213974254454,0.11253505155133178,0.13435527322908694,0.2101792600462311,0.10489834735108915,0.12421409154656987,0.1459900814112432,0.23127334353378473,-3.4421131026975513,-3.3666111188611145,-3.2838357923034214,-2.996196401540778,-2.959619643992975,-2.895752868872953,-2.82375138481787,-2.5417655152412464,0.7466732481814482,5.156156156156156,3.7633583622865325,2.491491491491491,0.4900662251655629,0.9223483242799677,0.9083830626134027,0.9749359661943093,0.16432737028643038,-0.13552931595341816
6,5.0,9.0,2,6.84487227925799,50.99170144174813,6,0.6452413045500274,471655.223564465,6192.716178514328,90453.68422033463,14.60646372494259,0.9371513751284821,0.9512419708201704,41.43739471933556,0.9996615485777239,0.15688172043010754,0.1032258064516129,1.5197916666666667,0.34021505376344086,0.12333333333333334,2.7585004359197907,0.37516129032258067,0.16139784946236557,2.3244503664223854,0.10372987283477648,0.12783386969292101,0.1718810463164255,0.25574883020151723,0.11806945891189498,0.1339850111634084,0.18628435061584814,0.2718829098370687,-3.034567302332077,-2.952956637751982,-2.8038228912502507,-2.5198656031704756,-2.568213571710479,-2.5218669090320622,-2.3695693446371004,-2.120303250235183,0.7279708760638733,5.1121121121121105,2.266498079273693,2.381381381381381,0.5198675496688742,0.9076516108033953,0.8963069733362707,0.969305424093958,0.1890311701344827,-0.11829955008302395
6,5.0,10.0,2,3.9626685952626692,16.805046711571986,4,0.7705764432505471,447467.131068453,9992.606229793875,52383.05110312079,5.2421810585246424,0.9604799936128237,0.979582695561138,12.941983203386394,0.9994484133641932,0.12150537634408601,0.10666666666666666,1.1391129032258065,0.22913978494623657,0.1732258064516129,1.3227808814400994,0.2910752688172043,0.218494623655914,1.3321850393700787,0.30347390429093923,0.3481310590011524,0.37845910147260925,0.4280521888066833,0.3157480950880101,0.3795933289958869,0.40284159819278703,0.4296359982137289,-2.5116669029649685,-2.3506336004696093,-2.24127094919704,-2.0624387175833174,-2.1462419728650213,-1.9459833841832768,-1.8730622702065902,-1.7890182718634984,0.7629383706476198,5.09009009009009,7.65391938823014,2.6896896896896894,0.5529801324503312,0.9077061231135416,0.8881916331064889,0.9472715598730529,0.19525190468632309,-0.09119548702497574
6,5.0,11.0,2,5.330590518343318,32.938539414657065,4,0.6500339347943684,349083.6765482417,4891.130349914448,47244.45551398806,9.659210066812966,0.9376634003382904,0.9402719907910843,11.242361064423863,0.9991253671680523,0.12451612903225809,0.13999999999999999,0.8894009216589864,0.3352688172043011,0.12612903225806452,2.658141517476556,0.38215053763440865,0.28956989247311826,1.319717786854809,0.16198859056671838,0.1518549524925019,0.18494267371492348,0.25044784659720926,0.19599429540542163,0.1719045733415999,0.19905891634223363,0.27755432832300275,-2.6365127405834237,-2.6683947240389965,-2.5642956657471982,-2.3582063202631542,-2.16872181757708,-2.2337013388921956,-2.160455321145168,-1.9487221063563047,0.6944861656544512,4.957957957957959,3.4888485160357896,1.984984984984985,0.48344370860927155,0.946904332127187,0.9132553617598271,0.968384658411612,0.15959509997880042,-0.13165951085102398
6,5.0,12.0,2,6.879762675233654,52.906494135947284,4,0.5918038757128974,285810.84036578226,3358.3883468348276,40166.32376797166,11.959999743873315,0.9300358851620283,0.9300683629034645,18.9597170044733,0.9992614932883646,0.1309677419354839,0.13333333333333336,0.9822580645161292,0.2989247311827957,0.18225806451612903,1.6401179941002952,0.34913978494623654,0.2509677419354839,1.3911739502999143,0.07766115691673486,0.09756242185778996,0.11167446338924304,0.20423572348231536,0.0790829224429656,0.1039885803371388,0.12165744000577144,0.21343483403693436,-2.823526599627097,-2.7626034894830496,-2.7194027450517506,-2.436047899999217,-2.426745563407994,-2.361115664396051,-2.3145557429261645,-2.0727094472997503,0.7019295702267371,5.0240240240240235,4.165044248545185,2.403403403403404,0.5463576158940397,0.9598482976317554,0.9353051948067526,0.987152515781502,0.1512006688694635,-0.12099690932527304
6,5.0,13.0,2,5.596846543376236,33.989692893936315,5,0.7099829646377701,437812.2903184535,7257.095916456314,68049.30109393224,9.37693284990522,0.9582239692006265,0.9690933822860206,110.13112654802947,0.9992352482888577,0.12774193548387097,0.08,1.596774193548387,0.3249462365591398,0.1229032258064516,2.6439195100612425,0.41096774193548385,0.20172043010752688,2.0373134328358207,0.09955995188559329,0.11830166525949362,0.14708204128712424,0.23685324539451594,0.11724205275688543,0.13424159839331515,0.1690178717999699,0.2683495792560976,-2.825359918989137,-2.766553021305403,-2.6762472635237677,-2.3945672532937126,-2.3073673776504884,-2.262933683047254,-2.172034882277046,-1.9124000162683354,0.7361585528590092,5.156156156156156,4.165044248545185,1.918918918918919,0.5761589403973509,0.9335699208451941,0.9085529185986906,0.9762766145451383,0.17139305452934803,-0.11284387430347537
6,5.0,14.0,2,5.388187742434422,33.5211044842609,6,0.7022978530549475,403784.771582282,4824.381644228273,45075.52225661873,9.343274554272785,0.9570454336134293,0.9594225750247378,53.740252279048484,0.9987541343478582,0.1535483870967742,0.10311827956989247,1.4890510948905111,0.30483870967741933,0.13602150537634408,2.241106719367589,0.35451612903225804,0.22182795698924732,1.5981580222976246,0.09543173084927695,0.11026310858982533,0.14705318250052057,0.22002649552203568,0.12651653543272784,0.14773559184179147,0.19044958098305856,0.27686304986497334,-2.9529276412887846,-2.9045111902788685,-2.7844114367489916,-2.546192918095928,-2.0952498143153684,-2.0443510557188755,-1.9418917860849099,-1.7346093222790544,0.750567779376875,5.002002002002,4.165044248545185,2.447447447447446,0.5198675496688742,0.8944928507424309,0.8880463972229361,0.9613416009878362,0.16748521461407406,-0.11027365983187594
6,5.0,15.0,2,7.0034686028304804,53.98486505886548,3,0.5666825522598133,306854.97853302513,6798.785671713375,31189.70384407379,4.587540385901533,0.9233789330370639,0.9355963756614291,20.417024453995374,0.9987279777620708,0.12451612903225809,0.06978494623655915,1.7842835130970724,0.3582795698924731,0.15602150537634407,2.2963473466574778,0.38419354838709674,0.1747311827956989,2.198769230769231,0.1424402992881548,0.14253943074757852,0.15284699171545593,0.23631214484472662,0.15060407230668515,0.13605227660413288,0.15419914705531731,0.2526386098507553,-2.923087014009015,-2.9227491134739494,-2.8876146527637525,-2.6031144540814624,-2.603341812252257,-2.647942094594893,-2.592323148156818,-2.29061276656014,0.7141911922000104,4.97997997997998,3.0724688427090037,1.786786786786786,0.5331125827814569,0.9597052616695344,0.9105010896400861,0.9787133621217778,0.17517774625138682,-0.12463459414425074
6,5.0,16.0,2,5.062527576898926,28.58386905834783,5,0.5852892844391429,291852.52863251424,5792.382160839929,30863.54700101941,5.328299505111385,0.87528167348624,0.9409332902413436,24.039750063667324,0.9980978606874565,0.12129032258064518,0.13645161290322577,0.8888888888888892,0.2758064516129032,0.12258064516129033,2.2499999999999996,0.38645161290322577,0.2579569892473118,1.4981242184243435,0.175486074052381,0.16388417381661413,0.17759224087189168,0.2481007555910592,0.23212847289986646,0.19184447555051087,0.20704426047618713,0.30116975478456154,-2.391305014193357,-2.4249535449638646,-2.3851965821611936,-2.1807035354276407,-1.6860309100839448,-1.774483290873806,-1.7411088183131422,-1.5344355829736651,0.7533962604546812,4.89189189189189,2.3843904700937206,2.447447447447446,0.5562913907284768,0.9442645880356737,0.9248084526679208,0.9711347957771606,0.15384815700968746,-0.1274108237451293
6,5.0,17.0,2,4.275104685725046,19.73601513352685,4,0.7261682024233487,368286.3305980952,1431.3641493405244,54452.095040141096,38.04209785834648,0.9047843293274648,0.9363402816740912,24.408168871096702,0.9983081685431401,0.127741935483871,0.10666666666666666,1.1975806451612907,0.3081720430107527,0.15301075268817205,2.0140548137737175,0.35935483870967744,0.23752688172043007,1.5129017655047536,0.04777857102620252,0.059187911996251084,0.07898574650756393,0.16520092609702097,0.05090423389322423,0.06256451698390517,0.08465149556841771,0.18006988568609464,-3.1177774756575762,-3.080420842834421,-3.015598480484638,-2.733311465295886,-2.766749858538657,-2.7327584661589412,-2.668371765620893,-2.390213515644706,0.6898993849526742,5.0240240240240235,2.3843904700937206,2.7337337337337337,0.5695364238410596,0.9029540813805143,0.9011675427043125,0.9656366558488126,0.15976277764034671,-0.12476975286972261
6,5.0,18.0,2,5.233869448535845,30.243646746139085,4,0.7319900038303221,434390.1286375265,12474.82066694849,81635.48186258004,6.54402047468865,0.9001462456870315,0.9478180352782422,6.2685236006459855,0.9985912209922584,0.14064516129032262,0.0964516129032258,1.4581939799331107,0.32129032258064516,0.07634408602150537,4.208450704225353,0.44924731182795696,0.16440860215053762,2.732504905166776,0.11471811230196742,0.10764467231648539,0.1321603035338132,0.1763569672775146,0.11995540879195847,0.11203180348223143,0.13731858189870466,0.18435866666653036,-2.989696427495154,-3.013584229277348,-2.9307921874579694,-2.781535086936763,-2.6811330514211336,-2.705273010117048,-2.628234621319836,-2.4849228763552507,0.7227658141696929,5.1121121121121105,2.6388908144575076,1.3463463463463456,0.5397350993377483,0.9703375630683224,0.9248324258815458,0.9773311268898363,0.16367539283319127,-0.13130230240963844
6,5.0,19.0,2,4.7381785179886275,29.81507947032432,5,0.8044057878684009,467508.58757603413,7412.340853454018,74819.51089262697,10.093911272005581,0.975895613971961,0.9716602327900878,93.9411490849399,0.9989309679805485,0.13838709677419353,0.09655913978494624,1.4331848552338529,0.19956989247311827,0.21655913978494623,0.9215491559086395,0.25698924731182793,0.16516129032258065,1.5559895833333333,0.2304422300715477,0.22467823214587437,0.24707924698002315,0.35109694694900606,0.26878093413374154,0.24848218866587488,0.2658060789757721,0.3755147038178477,-2.515499204588778,-2.534340327066991,-2.4611167989587353,-2.1211079630276037,-2.141255565673007,-2.200697125307064,-2.1499669429625565,-1.8287031596295429,0.7018765358184789,5.002002002002,4.165044248545185,2.623623623623624,0.46357615894039733,0.9544651910606894,0.9172894105612087,0.9720255978024027,0.16198371661236105,-0.11902309421165992
7,1.0,0.0,2,4.16230758912754,20.60340160371675,4,0.5620669078354301,118.76974035521656,7.333621851113176,53.67489252716144,7.319015571959725,0.6663382810169418,0.8057781051399182,3.3972980744101853,0.9987681265427863,0.26419354838709674,0.16591397849462367,1.5923525599481527,0.26419354838709674,0.16591397849462367,1.5923525599481527,0.2581720430107527,0.1625806451612903,1.587962962962963,0.2135106894743803,0.2135106894743803,0.2135106894743803,0.2135106894743803,0.3315348020683416,0.3315348020683416,0.3315348020683416,0.3315348020683416,-1.3668873591644317,-1.3668873591644317,-1.3668873591644317,-1.3668873591644317,-0.7243087425143567,-0.7243087425143567,-0.7243087425143567,-0.7243087425143567,0.6556129356777916,2.1171171171171164,2.7075220544471525,1.1041041041041042,0.3443708609271523,0.9793170474748883,0.8661269060827167,0.9889413296294068,0.3327205642096288,-0.15184227847933568
7,1.0,1.0,2,4.94837786147775,33.52343804821971,4,0.21352793087329403,97.65065147550837,3.146334222153848,32.68044217010797,10.386831106498379,0.6646509363772084,0.564163219954853,33.065575933818984,0.9957834794658819,0.1286021505376344,0.17978494623655913,0.715311004784689,0.17064516129032256,0.2163440860215054,0.7887673956262423,0.08559139784946238,0.04935483870967742,1.7342047930283226,0.1867241133368611,0.23212195699402666,0.27082915959167864,0.35964901141619865,0.13226422143506428,0.20802180164330578,0.24690791481454513,0.3390558633804465,-2.923261356378669,-2.760082090643373,-2.620951850311898,-2.30169531661186,-2.9167147711854264,-2.6620712971223046,-2.531363651451504,-2.221627336140073,0.8010721718301458,2.0290290290290294,2.266498079273693,0.8178178178178177,0.5662251655629139,0.9240943637100729,0.8696614570635924,0.9448910241410492,0.24688468578959502,-0.1710890205874878
7,1.0,2.0,2,6.895559293667604,67.14093068325928,5,0.19244640233827848,94.36933934698637,7.667279436771375,43.33891007244618,5.652449533089643,0.567008899239124,0.4386235605384863,77.27244525020065,0.9979905298699657,0.11161290322580646,0.0832258064516129,1.3410852713178296,0.33537634408602146,0.15333333333333332,2.187237026647966,0.2605376344086021,0.12946236559139784,2.012458471760797,0.1269326704331898,0.1269326704331898,0.1504272473181673,0.308605096297204,0.1375840606356418,0.1375840606356418,0.1718659787079335,0.34409595147885047,-2.758669023954913,-2.758669023954913,-2.6844321818597296,-2.1846307146913317,-2.2889865880811318,-2.2889865880811318,-2.197997023650065,-1.7408717784594727,0.7592002500551659,1.984984984984985,2.5736529368675245,0.9939939939939944,0.5364238410596026,1.0014961584213486,0.8885861362281414,0.9838215049240128,0.2714516775247404,-0.17097871161434444
7,1.0,3.0,2,4.402424097063747,28.263130445497612,5,0.21545349923817203,146.85100540865153,1.1001949031351317,25.286231234800734,22.98341063273854,0.5255720600558997,0.4606328702071806,5.739285024907252,0.9952688917347294,0.10193548387096774,0.09333333333333334,1.0921658986175113,0.17838709677419354,0.09956989247311827,1.7915766738660908,0.15720430107526878,0.12408602150537633,1.266897746967071,0.08420677997389021,0.08420677997389021,0.10182222843980855,0.18012089337260573,0.08026642145221699,0.08026642145221699,0.09895196886710257,0.1607432737080722,-4.557887077414644,-4.557887077414644,-4.470215293905061,-4.0805241875810365,-4.50620946700952,-4.50620946700952,-4.414660139442115,-4.111915334481422,0.7679623517763443,2.1391391391391394,5.366976945540476,1.1041041041041042,0.5562913907284768,0.9655157841189518,0.8841221444520526,0.9435090984188825,0.2457136894675881,-0.2493485807468972
7,1.0,4.0,2,5.5244345524157,35.59467634990122,5,0.19053251427744633,191.84825380886065,1.879529843171785,32.78241923034796,17.441818947139602,0.80324251556705,0.6887615704604474,16.99944410769781,0.9977799094240795,0.2573118279569892,0.11279569892473118,2.281220209723546,0.2573118279569892,0.11279569892473118,2.281220209723546,0.12903225806451613,0.045806451612903226,2.816901408450704,0.12146437949486677,0.12146437949486677,0.12146437949486677,0.12146437949486677,0.12612798017891974,0.12612798017891974,0.12612798017891974,0.12612798017891974,-2.130852580957538,-2.130852580957538,-2.130852580957538,-2.130852580957538,-1.908329117648793,-1.908329117648793,-1.908329117648793,-1.908329117648793,0.6789945848626531,2.1391391391391394,4.8493740673352335,0.9939939939939944,0.4105960264900662,0.9848895580928416,0.8720360160658835,0.9787631811335061,0.33576911970876216,-0.19581361990212826
7,1.0,5.0,2,4.219051560963332,20.227334817460616,4,0.3783297426504325,168.9165666319133,4.541862440159595,42.268055755905706,9.30632671350136,0.6995335740355546,0.5950146064523549,26.02052537212812,0.9965768898627152,0.10193548387096774,0.18967741935483873,0.5374149659863945,0.3061290322580644,0.12967741935483873,2.360696517412934,0.19924731182795702,0.0778494623655914,2.5593922651933707,0.06686835469326782,0.11316461962254545,0.13400931146698675,0.159590163899337,0.0815040922546021,0.12294497358391232,0.12286010017151706,0.16405941082400444,-4.352967727429908,-4.137000186138939,-4.039761740370392,-3.9204295693544102,-3.7455036317408665,-3.5765132527826413,-3.5768593552221666,-3.408854069218338,0.792854724975872,2.2052052052052047,3.4004119327037095,0.9499499499499499,0.6059602649006622,0.8763768976710467,0.8692933227243408,0.9153961562785005,0.21517560620303935,-0.20411067948280212
7,1.0,6.0,2,4.853666513017059,27.37564628303908,5,0.28648700796941073,193.15119521209851,0.3889594575866806,26.272439898768496,67.54544564047171,0.5446983756600254,0.663986639738836,5.8778683329076165,0.9950277844484847,0.11784946236559142,0.14311827956989248,0.8234410217881294,0.19591397849462366,0.2063440860215054,0.9494528400208442,0.23408602150537633,0.19870967741935483,1.178030303030303,0.1698622347839952,0.1721372680793938,0.2054867803743736,0.346089042075361,0.20393451179955688,0.19940226973816946,0.23337248420298906,0.37609709751366915,-1.602631524391492,-1.5982394340288792,-1.5338561690257393,-1.2624149378897096,-1.2567300765815033,-1.263885021742823,-1.210257034022404,-0.9849410055365245,0.7783593164534609,1.918918918918919,2.3843904700937206,1.1041041041041042,0.5,0.9907619968287698,0.8562907514015206,0.9688515840716363,0.28633656274581415,-0.17818182191734744
7,1.0,7.0,2,5.7266162700050245,40.623995919354954,4,0.38962768269602843,160.69148516648534,20.731752148465347,40.926076831704535,1.9740770842050637,0.6653508189614966,0.735913627310089,19.06300986461579,0.9984886881005162,0.10193548387096774,0.11322580645161291,0.9002849002849002,0.20150537634408602,0.1360215053763441,1.4814229249011854,0.15806451612903225,0.1047311827956989,1.509240246406571,0.1222143570973054,0.11367252662484523,0.1203586325943301,0.20402420505916932,0.13633052392844985,0.11501757136477643,0.12079001219318099,0.18446074821177497,-2.5872022944454183,-2.6123786499438215,-2.592671892553767,-2.3460743743586367,-2.3991085252506448,-2.4583118288412136,-2.442277092884211,-2.265411972808417,0.7674264059262628,2.0070070070070063,1.5892828656229763,0.8398398398398399,0.5695364238410596,0.981070454511966,0.8951459797248108,0.97092232355412,0.2013590447493398,-0.18071692319055999
7,1.0,8.0,2,6.764076119503818,52.29771406200849,4,0.3069200681798029,125.02098349057981,1.9630083108135454,74.76003827868277,38.084422703080335,0.7682889322245631,0.8039338339119131,8.603569789736877,0.9992621470660188,0.2295698924731183,0.07989247311827957,2.873485868102288,0.23290322580645162,0.08978494623655914,2.5940119760479043,0.30720430107526886,0.17215053763440863,1.7845096814490944,0.17028166036739237,0.17028166036739237,0.17028166036739237,0.2526922072417969,0.24698498370912544,0.24698498370912544,0.24698498370912544,0.3623173728636352,-1.6113200577422004,-1.6113200577422004,-1.6113200577422004,-1.4512780762584234,-0.9724356531841912,-0.9724356531841912,-0.9724356531841912,-0.8234966217513353,0.745817441181115,2.0290290290290294,3.9591102664684588,1.0160160160160154,0.4271523178807947,0.9905016786077186,0.854142755523019,0.9800579832503227,0.3540726206268787,-0.11371576765083116
7,1.0,9.0,2,6.107831023281102,47.75490686029493,6,0.08079520753585545,128.80771698832302,0.12750734271714498,26.943416089003385,211.30874124459737,0.6797705554943259,0.7338051862018545,1.9102046135643687,0.9983312594020027,0.06838709677419355,0.1464516129032258,0.4669603524229075,0.23559139784946243,0.21279569892473119,1.107124810510359,0.21462365591397853,0.17516129032258068,1.225291589932474,0.23981280759485205,0.2712385780473779,0.2712385780473779,0.3714904896401217,0.24567935164785515,0.29621281673047023,0.29621281673047023,0.3890835421183808,-1.5741061866868535,-1.5090333991090832,-1.5090333991090832,-1.301443537240933,-1.3313696244422313,-1.2421784819542456,-1.2421784819542456,-1.0782624297402568,0.7854768307846044,2.0510510510510502,3.0724688427090037,1.0160160160160154,0.48013245033112584,1.0049708509408355,0.8520440486310483,0.9765215587421173,0.31072872612836905,-0.11917054439335768
7,1.0,10.0,2,7.643870386161788,71.72254096062238,5,0.19966278664747106,202.19774502707753,5.466788709012362,35.43653133736268,6.482147605036064,0.7270726557604131,0.8588479079500898,9.019228708759286,0.9981353852903184,0.11806451612903228,0.09,1.3118279569892477,0.29559139784946237,0.17881720430107526,1.6530366806975347,0.2343010752688172,0.1486021505376344,1.5767004341534008,0.1081665300933473,0.14734211263735475,0.17334830898327563,0.31521350838010326,0.1417831369974905,0.16816429915650877,0.19922971356986333,0.3225358595588807,-1.902246023614636,-1.8186860332893957,-1.7632158303225265,-1.4606228905552412,-1.4875706623760163,-1.4418434755087675,-1.3879969466323892,-1.1742670455183628,0.815967653256098,1.896896896896896,2.776153294436798,0.7517517517517519,0.6622516556291391,0.9841727196496277,0.9168687522938989,0.9828825929806502,0.18296647302685598,-0.16518761667021536
7,1.0,11.0,2,6.902659998278453,55.75978220647234,4,0.4194884483672653,238.6848800846421,3.359319799686294,66.34319817499626,19.74899745513709,0.732236983330935,0.7704022126922087,3.682479526801695,0.9985640040360378,0.2135483870967742,0.17935483870967742,1.1906474820143886,0.22688172043010754,0.1629032258064516,1.392739273927393,0.29989247311827955,0.11881720430107526,2.5239819004524886,0.12273913150822913,0.12273913150822913,0.12273913150822913,0.132385421996466,0.16233352611143528,0.16233352611143528,0.16233352611143528,0.1767616439537598,-1.7820676046936028,-1.7820676046936028,-1.7820676046936028,-1.762472131554461,-1.2340251830162232,-1.2340251830162232,-1.2340251830162232,-1.212770111557648,0.7164474307239389,2.1171171171171164,1.8046618049350174,0.971971971971972,0.45695364238410596,0.9784361484696197,0.897200216406232,0.9886483829901506,0.29393955542549416,-0.1659816577269757
7,1.0,12.0,2,4.513932661159645,22.110862787533062,4,0.34753277953708006,179.83716777118755,0.7692408885479821,40.112779654374826,52.14592756515017,0.7272665140382223,0.6631929370111156,19.24782812460526,0.9981232124172931,0.09870967741935484,0.3327956989247312,0.29660743134087236,0.25365591397849463,0.2194623655913978,1.1558059774620286,0.2117204301075269,0.15161290322580645,1.39645390070922,0.1327888659933361,0.25646633116506046,0.26067421001339147,0.24014476786320885,0.18538680424005188,0.3178426589538642,0.32938191567433905,0.2991468259898895,-1.9272366049018541,-1.652383424708956,-1.6430320939574372,-1.6886554615994664,-1.3436104470867196,-1.125139802248647,-1.1061071301019827,-1.1559764209262395,0.7954414688896131,2.095095095095095,1.4360089846512607,0.9499499499499499,0.5099337748344371,0.972207831785273,0.885418339986891,0.9829334249082418,0.2414665833915673,-0.16544241955956482
7,1.0,13.0,2,6.472999886953908,51.06209064132832,5,0.2988238487313515,189.1591884239789,7.0446512859092705,31.936659235236835,4.533462046463055,0.6512855194801839,0.8147746634576553,6.19903998779627,0.9987449637766566,0.3143010752688172,0.11279569892473118,2.7864632983794086,0.3143010752688172,0.11279569892473118,2.7864632983794086,0.3116129032258064,0.11268817204301076,2.7652671755725184,0.1796905603654883,0.1796905603654883,0.1796905603654883,0.1796905603654883,0.26244754979715923,0.26244754979715923,0.26244754979715923,0.26244754979715923,-1.2043368056111616,-1.2043368056111616,-1.2043368056111616,-1.2043368056111616,-0.7102116930438629,-0.7102116930438629,-0.7102116930438629,-0.7102116930438629,0.6023876268661063,2.0070070070070063,0.29817722900196736,0.9499499499499499,0.33774834437086093,1.0010132830964429,0.8524091271188405,0.9871122171568099,0.3832197421733396,-0.17700202269725276
7,1.0,14.0,2,3.5233366518770426,13.987251504639122,4,0.4244208773736686,132.98211845136714,5.210188612620224,25.174703778240715,4.83182196461411,0.4936231361055481,0.6569827532793138,11.69989618004035,0.9956548950466033,0.48989247311827955,0.08623655913978494,5.6807980049875315,0.48989247311827955,0.08623655913978494,5.6807980049875315,0.2649462365591398,0.12182795698924731,2.174757281553398,0.12772713453197104,0.12772713453197104,0.12772713453197104,0.12772713453197104,0.16989491538080084,0.16989491538080084,0.16989491538080084,0.16989491538080084,-2.025314306764225,-2.025314306764225,-2.025314306764225,-2.025314306764225,-1.3353080619809357,-1.3353080619809357,-1.3353080619809357,-1.3353080619809357,0.6626015390684835,2.0290290290290294,4.8493740673352335,1.0160160160160154,0.40397350993377484,1.0101854888386559,0.7133298138139418,0.9131482538005925,0.6108129875365892,-0.041130019548268865
7,1.0,15.0,2,4.6946966278650715,24.408750541208693,4,0.28198817415305777,191.51196413767565,2.0449265547707096,36.78880177016386,17.9902802300344,0.6271113667202015,0.6642035015605374,4.888113987516202,0.9982198913561673,0.10193548387096774,0.16978494623655913,0.6003799873337555,0.2631182795698924,0.08978494623655914,2.930538922155688,0.19967741935483868,0.06172043010752688,3.2351916376306615,0.02413758827108331,0.024911841133153426,0.050470788933571084,0.06583215824968333,0.02687755292883737,0.028126752639559775,0.05137645777359194,0.07391051860885171,-2.1285982692221155,-2.1269094314491523,-2.071159018893842,-2.037652057516748,-1.7426343430372822,-1.7403973189877713,-1.698762543473142,-1.6584093192537201,0.7284309720164458,1.984984984984985,0.5764488282925874,0.5535535535535532,0.6324503311258278,0.9415129302708345,0.9117255245313175,0.9795318446662479,0.2452210702525392,-0.13527376085027024
7,1.0,16.0,2,10.685098514004578,141.1459869090884,4,0.26971247557420897,176.312490242693,16.258304030719568,35.007358146593404,2.1531986411650363,0.885035970890884,0.8206785274975134,35.08341674349107,0.9989935406765028,0.11806451612903228,0.14666666666666667,0.8049853372434019,0.2854838709677419,0.19580645161290322,1.457990115321252,0.2889247311827957,0.10849462365591397,2.6630327056491576,0.07089412998443848,0.10538737499943673,0.11698875252975134,0.19911038442931775,0.0698552459465196,0.1275445362575752,0.14147123799391134,0.19797487479919432,-1.9464241736480403,-1.8741627790196402,-1.8498585501891376,-1.6778183826826456,-1.4917631539024594,-1.3992412563313779,-1.37690565704415,-1.2862853067381572,0.8197065082173218,1.918918918918919,2.6388908144575076,0.8178178178178177,0.5860927152317881,0.916471986347043,0.8924996314416795,0.9635624387758371,0.188167880487981,-0.14224019835638246
7,1.0,17.0,2,8.43159636227341,85.09478627700607,3,0.32483032611247475,127.0145013760183,1.8622712775489665,52.28511781448376,28.075994321997474,0.5186482765164997,0.857612382655846,30.539693263978013,0.9978231569417682,0.2994623655913978,0.09,3.3273596176821982,0.2994623655913978,0.09,3.3273596176821982,0.13161290322580646,0.08483870967741935,1.5513307984790876,0.13246422639526953,0.13246422639526953,0.13246422639526953,0.1361263665759035,0.14825822804833702,0.14825822804833702,0.14825822804833702,0.15233844706133745,-2.082935039290686,-2.082935039290686,-2.082935039290686,-2.0741423181913112,-1.7588003435494768,-1.7588003435494768,-1.7588003435494768,-1.7503749136385092,0.743534711734309,2.0070070070070063,4.165044248545185,0.971971971971972,0.49337748344370863,0.9913590592866801,0.8791323608248464,0.9837743692400548,0.30961290676787423,-0.16901753017833487
7,1.0,18.0,2,6.725847709947481,54.82620968771945,6,0.31614523349495105,197.65636637830872,0.8848326105467113,49.215147174504175,55.62085595386864,0.5316045593274994,0.641060179282133,5.308979078259529,0.9989910377293673,0.21301075268817202,0.08655913978494624,2.460869565217391,0.3081720430107527,0.08623655913978494,3.5735660847880304,0.2878494623655914,0.10139784946236559,2.83881230116649,0.14287208626128578,0.14287208626128578,0.14287208626128578,0.1808746338396013,0.15817551032077526,0.15817551032077526,0.15817551032077526,0.19687251456281485,-2.1431052458013515,-2.1431052458013515,-2.1431052458013515,-2.0480862203286487,-1.8379535219300684,-1.8379535219300684,-1.8379535219300684,-1.753466439281878,0.7000314303279355,2.1171171171171164,3.7633583622865325,0.9939939939939944,0.48344370860927155,0.9923708536382495,0.886208009010011,0.9787152649136404,0.2818095950645659,-0.18538806492654084
7,1.0,19.0,2,4.955564954549216,30.83258238324455,6,0.23697733749766337,119.08667861297245,0.07442516822978285,31.3231330508922,420.8674806643913,0.5126611394522341,0.6953168101997522,3.204187059398152,0.9953411477463414,0.12483870967741935,0.14645161290322578,0.8524229074889869,0.2898924731182796,0.1556989247311828,1.861878453038674,0.23881720430107528,0.20344086021505375,1.1738900634249472,0.16671165564971874,0.16671165564971874,0.16671165564971874,0.2559919360546691,0.18860244768900583,0.18860244768900583,0.18860244768900583,0.26907425869266716,-1.7811109685335915,-1.7811109685335915,-1.7811109685335915,-1.5902789620844926,-1.520362320414379,-1.520362320414379,-1.520362320414379,-1.369577653937371,0.7986986082671292,1.9409409409409404,3.0724688427090037,1.06006006006006,0.4900662251655629,1.0211558902770466,0.8764887444948585,0.9760152378148834,0.2833314519003675,-0.19428286628409078
7,2.0,0.0,2,8.210004095494629,87.81421166625285,4,0.6895612285523622,519.3745298871327,22.514391778154668,80.62439074901381,3.5810157140128607,0.9101878668581784,0.8369945105132184,10.921866116575726,0.9992384378421,0.10193548387096774,0.13655913978494624,0.7464566929133858,0.26903225806451614,0.12645161290322582,2.127551020408163,0.2,0.07559139784946237,2.6458036984352775,0.10041065148204566,0.07998686950674612,0.09527895041145638,0.12087738239526012,0.0944183467665568,0.07911632404754605,0.09487005506755164,0.13100193398736015,-2.3684413301831273,-2.4222131199765937,-2.3819520869853865,-2.3145564643068766,-1.9692172695758308,-2.0024920243040496,-1.9682350149288272,-1.8896650486568092,0.6902216369483946,2.0730730730730733,1.05931476351837,0.7737737737737733,0.5894039735099338,0.9412247541064166,0.9113371775171966,0.9724724065651443,0.21271297275298842,-0.14530249391167555
7,2.0,1.0,2,3.6162757282904816,14.08519509105048,4,0.7948539267635714,530.7251541410935,10.170555248894816,64.42911972353396,6.334867482336832,0.9165691392742784,0.9362618587477208,8.963865775315359,0.9986449116961374,0.11161290322580646,0.13333333333333336,0.8370967741935482,0.2759139784946236,0.08645161290322581,3.1915422885572133,0.17870967741935484,0.07161290322580645,2.4954954954954958,0.03820411701469412,0.04794624162944791,0.05960669975951996,0.10261422093681681,0.04161068066897007,0.054385931600376754,0.06987846766664899,0.10675261419542419,-3.2306016473963193,-3.1978785671811334,-3.158711945748442,-3.014252844577669,-2.6608684388674457,-2.625399281066606,-2.5823858632151486,-2.480008623893368,0.7159597312389722,2.0510510510510502,1.9466563433422632,0.7957957957957954,0.5827814569536424,0.9116521651085494,0.8904884182686982,0.9636907972544136,0.1837846632625839,-0.14039350120516547
7,2.0,2.0,2,5.42197232974014,36.477271675307755,5,0.7143514352038973,617.3658680175072,7.7266379004373595,98.0788477499339,12.693599598394824,0.8869355310692821,0.9265439887673114,3.219707825611725,0.999397730030857,0.10516129032258063,0.21000000000000002,0.5007680491551458,0.3047311827956989,0.11989247311827955,2.5417040358744396,0.3682795698924731,0.08494623655913977,4.335443037974684,0.046480527092632236,0.05674351769056634,0.06938644316460496,0.08108701343795821,0.0732389781033426,0.07798598741679036,0.08950682434612035,0.10211879796511866,-2.5082224833488604,-2.4812257994891724,-2.4479687231207192,-2.4171905017403583,-1.7676829909986926,-1.7586286529080368,-1.7366540693844787,-1.712598276442732,0.7265347717236242,2.0290290290290294,0.7060717714137765,0.5535535535535532,0.5264900662251656,0.9361562017496816,0.9091103982839703,0.9802499282069321,0.20560582929656607,-0.13365596241207545
7,2.0,3.0,2,4.603143276593993,25.879626581719215,4,0.7667707094871483,526.6816563318472,15.761556990897864,58.51582863299621,3.7125665101987386,0.9341017358427768,0.9035725833652533,10.051368706913655,0.9990162341199699,0.10193548387096774,0.17623655913978492,0.5784014643075046,0.33569892473118274,0.1364516129032258,2.4602048857368004,0.19430107526881718,0.1021505376344086,1.9021052631578947,0.20351464471507572,0.15448179988416208,0.14842186758668802,0.18628583032762994,0.2625930451037764,0.1932864433006939,0.18012632795682929,0.22613296936981978,-2.599491196672056,-2.7595198119378708,-2.7792976277573183,-2.65572092020946,-1.8572695463304902,-2.03182857378994,-2.0649742897234113,-1.9490996923142785,0.7703382164677909,2.1611611611611603,2.5084150592775414,0.8838838838838833,0.5993377483443708,0.9487085037972293,0.9066916546952403,0.9743145939588649,0.19354438725571488,-0.14147232526554032
7,2.0,4.0,2,7.69370610720899,80.03492489868003,4,0.639523566192524,497.6309867879501,7.768385594793252,64.08391004396145,8.249321466086029,0.9457972804732008,0.9566163931833503,29.04948941856144,0.9992998016025665,0.10838709677419356,0.1032258064516129,1.05,0.2724731182795699,0.18989247311827956,1.434881087202718,0.26408602150537636,0.08612903225806452,3.066167290886392,0.09785471706436615,0.10962541969401057,0.13300490402808096,0.19755688035269364,0.13635692602131694,0.14809946015594633,0.18080447131440572,0.262830968346182,-1.9536109454156132,-1.9281212887855,-1.877492618041265,-1.737704216016255,-1.2945894771809445,-1.2769875747467632,-1.2279631981582098,-1.1050065704646115,0.8094655854614389,1.9629629629629635,1.3650078065460138,0.7077077077077075,0.5927152317880795,0.935323712304038,0.9052612972610824,0.9772809185386284,0.21326082390788975,-0.14939202242251898
7,2.0,5.0,2,5.369212294456117,37.8855764862922,5,0.5853774351466963,459.0423027492177,3.02129000854433,57.53655538053302,19.04370491340365,0.86401655011397,0.9037624945189618,31.739333856345475,0.9988509388530635,0.09860215053763441,0.21634408602150534,0.45576540755467204,0.2886021505376344,0.14956989247311828,1.929547088425593,0.25924731182795696,0.10161290322580645,2.551322751322751,0.07419735906010325,0.05983153753442807,0.06372887726437039,0.08500927733794059,0.04101165216942723,0.04101057449629816,0.05626213799710337,0.07410339931191169,-2.2892879829737622,-2.324811215604516,-2.315174028784369,-2.2625527010769435,-2.0160285643661604,-2.016030829899226,-1.9839683051162866,-1.9464616007685824,0.7024103924410445,2.0070070070070063,0.5479472336900282,0.6636636636636631,0.5728476821192053,0.938068929896067,0.9096592893323491,0.9753682773377238,0.2005948908966337,-0.16228067332744872
7,2.0,6.0,2,4.590636944537725,26.06304771797007,5,0.5828744493694771,445.0935638868603,4.872230889712407,62.32744693194905,12.792383682709266,0.8301436409492178,0.9234864770202819,5.786345215202241,0.9989780457829159,0.12129032258064518,0.19666666666666668,0.6167304537998907,0.3111827956989247,0.2432258064516129,1.2793987621573828,0.43376344086021507,0.05279569892473118,8.215885947046843,0.21007585951032454,0.3322518678579267,0.3949469958274329,0.3966126598715699,0.16443408388058867,0.34828285984909535,0.4168291624273708,0.40755669036293907,-2.2807201169906435,-1.9279656361878945,-1.7469482039206445,-1.7421389908596836,-2.040123099809868,-1.591236749266678,-1.4238736572607669,-1.4465133845235114,0.7706040097598998,2.095095095095095,2.5084150592775414,0.7297297297297298,0.543046357615894,0.9562392858134551,0.9174077979329928,0.9780707454298363,0.18232070149418408,-0.1624664714180449
7,2.0,7.0,2,5.068798587685066,33.27884415118191,4,0.7713553940078822,476.38786784932057,6.56504781210774,86.06522022117805,13.109610574724268,0.919408648315751,0.9157951693169608,9.571036740808365,0.9971786240313036,0.10193548387096774,0.11666666666666665,0.8737327188940093,0.2860215053763441,0.09301075268817204,3.0751445086705202,0.25849462365591397,0.1282795698924731,2.0150880134115674,0.1155827256066967,0.12209592381238046,0.15142702019143683,0.2216490146023719,0.1174536527869403,0.13134408499639513,0.15902251646136598,0.22290617123260295,-3.0777399395424268,-3.0550742467386085,-2.953003098412931,-2.708633112558552,-2.759489086462539,-2.716057377511185,-2.629514240372633,-2.4297669424530923,0.7518453143861256,2.183183183183184,3.2322839781813806,0.971971971971972,0.5596026490066225,0.968047727710472,0.914345365278287,0.9777379242261621,0.19417726669025004,-0.16017912170654852
7,2.0,8.0,2,4.2038592041173555,19.09723100666429,4,0.7153654613260422,483.05344383168546,3.49979711635471,78.70416916097014,22.48820904308481,0.8101046735040552,0.909164212427333,18.26713959698702,0.9988002311296319,0.07548387096774194,0.12645161290322582,0.596938775510204,0.26924731182795697,0.17591397849462367,1.530562347188264,0.2840860215053763,0.079247311827957,3.584803256445047,0.06387192585135534,0.06387192585135534,0.07954163510439222,0.11047535792178126,0.08529236900750191,0.08529236900750191,0.10671854563915956,0.15829164164163073,-2.16189722444724,-2.16189722444724,-2.1257095468446385,-2.0542711065846846,-1.344267691328453,-1.344267691328453,-1.3127794692794228,-1.236986894309125,0.7538809200514944,2.0730730730730733,0.7427982482564911,0.5755755755755753,0.5132450331125827,0.9569188830428302,0.8916686829173526,0.9815969053414204,0.29989008485846425,-0.10600832209207993
7,2.0,9.0,2,4.323380155525712,20.039813141562536,4,0.6423935405353651,487.6306208392461,23.299208842660242,56.026369200959444,2.4046468521444653,0.854194992933727,0.8739005814125476,14.136352196479203,0.9988846081220984,0.0953763440860215,0.1832258064516129,0.5205399061032864,0.28612903225806446,0.12301075268817203,2.326048951048951,0.2665591397849463,0.06516129032258064,4.090759075907592,0.05383968102661941,0.07006572808352539,0.06683272469551355,0.10173538855071171,0.05267000923772434,0.07192690633952316,0.0652589077805201,0.09797714614031479,-2.9082888773896376,-2.85841357482907,-2.868351116707935,-2.761067998777687,-2.760255852673124,-2.7041466157146345,-2.723575307118455,-2.6282434694246977,0.7300660599169124,2.0510510510510502,3.152376410445192,0.7957957957957954,0.5331125827814569,0.9437801888205215,0.9048478351457673,0.9695248496861578,0.18882542866483346,-0.14186279799132345
7,2.0,10.0,2,4.188275681677531,21.134491592644512,5,0.8145935708346267,494.22368141271625,21.543659276744776,71.90576093495133,3.3376762977573518,0.9428734612974929,0.9570770366497653,7.090242319289748,0.9990371783113771,0.1341935483870968,0.12666666666666665,1.0594227504244484,0.28215053763440856,0.1529032258064516,1.8452883263009843,0.3110752688172043,0.12215053763440861,2.5466549295774645,0.08981911581764315,0.10920244039051778,0.10588642045912697,0.1547198879506172,0.1318190267576232,0.15783444080798834,0.1555504461136332,0.21565458359270523,-2.2040533948593124,-2.1571156014262165,-2.1651455272510907,-2.0468925825036743,-1.3855850463997057,-1.344065398083226,-1.347710569991032,-1.2517865671800366,0.7789453038793914,2.095095095095095,1.7589165903277326,0.861861861861862,0.5397350993377483,0.9124104230344211,0.9038180455563372,0.9787692044466013,0.1553631832793629,-0.13368507393995954
7,2.0,11.0,2,4.1923947390538485,20.55270407683411,3,0.747227126204665,502.5658047439711,3.421615182524272,71.62556817341856,20.93326231986652,0.8948492498072834,0.89646241093286,20.12237532727697,0.9979031633278773,0.10193548387096774,0.12666666666666665,0.8047538200339559,0.24978494623655917,0.0964516129032258,2.58974358974359,0.20612903225806453,0.042473118279569885,4.853164556962026,0.04012271643823572,0.03864402955208192,0.05206626359417188,0.07296732038517513,0.04904729610189018,0.04331145269179461,0.054702910316983454,0.07624644829817666,-2.623150874621876,-2.627191827424002,-2.590511570926795,-2.533393201380222,-2.2062718106225967,-2.219579338509068,-2.1931504196602827,-2.1431680174291863,0.7090887833003996,2.0290290290290294,0.5079784355067009,0.3993993993993996,0.5629139072847682,0.9156809462324749,0.8868927633070762,0.9687960116111876,0.2133979418716837,-0.16467934083677072
7,2.0,12.0,2,6.615483711110141,52.598630676734004,5,0.7368481848162123,614.6521412567059,10.411583869970428,78.98738813031325,7.586491077321321,0.9675976111306237,0.962013740617627,3.190458694570567,0.9992777433217045,0.10516129032258063,0.1332258064516129,0.7893462469733656,0.3060215053763441,0.09956989247311827,3.0734341252699786,0.1935483870967742,0.09096774193548388,2.127659574468085,0.10291959639289093,0.08842468409948352,0.10542843278614182,0.14195759677969794,0.1296126352583728,0.10607976136301336,0.12225714094688249,0.15883405699772735,-2.482387442568846,-2.522497546539025,-2.4754450281174507,-2.374362073211152,-1.962426458837538,-2.0154850580951793,-1.979010588202723,-1.8965421255979549,0.7644858475898543,2.271271271271271,5.101615314749834,0.8178178178178177,0.5993377483443708,0.905757751875227,0.888692479324482,0.9685365814189041,0.17778277770215123,-0.13473240019326588
7,2.0,13.0,2,4.680344077004922,23.52966363137079,3,0.5922026918125844,511.9405044483009,1.7648946850075917,76.05943146432999,43.095733762721835,0.8806958828420881,0.8993683988744245,9.177026900557637,0.9993562330761392,0.1438709677419355,0.0832258064516129,1.7286821705426358,0.3466666666666667,0.14956989247311828,2.3177570093457946,0.3539784946236559,0.09903225806451613,3.574375678610206,0.06283671307732795,0.06518869376951177,0.07744168752809837,0.12298482467916319,0.07296090861813105,0.08061392226367237,0.09468661380028352,0.15525563821011693,-2.330853027847031,-2.3250033307939,-2.2945284626456037,-2.181256463403308,-1.7061053743513686,-1.6920209114284732,-1.6661217935968702,-1.5546516959219177,0.7748636459947803,2.095095095095095,1.5107033044866556,0.6856856856856854,0.5662251655629139,0.9483176700736214,0.9298599714584461,0.9876592268581792,0.16289892229801758,-0.1433191605412298
7,2.0,14.0,2,4.453827875028659,23.84300790798031,4,0.6147377238702134,399.91460605845447,3.1558566672923463,68.70938088692222,21.772022030985745,0.7914526770539696,0.8913916277437741,5.007085676144507,0.9974039687776403,0.10193548387096774,0.1395698924731183,0.7303543913713404,0.2693548387096774,0.18204301075268817,1.4796219728292972,0.19129032258064518,0.06924731182795699,2.7624223602484475,0.20080791520170585,0.17600602218395583,0.18011157889376742,0.23823379396649974,0.1796901655843557,0.16918763425479885,0.14860727828457893,0.2119607397688406,-2.6308608592215452,-2.7125062243548435,-2.698991139985754,-2.507658588531993,-2.5372034168614426,-2.5696875554845375,-2.633342222656806,-2.4373911171060927,0.784025815100313,2.1611611611611603,2.154434690031882,0.7517517517517519,0.6192052980132451,0.939831193492994,0.8985128124559792,0.9681019727544954,0.1828163937306336,-0.1771778232832317
7,2.0,15.0,2,5.477096043025809,36.826278238419974,6,0.7803687150860753,599.9729096646928,28.83530304962751,71.61956229371047,2.4837457810118506,0.9702503507924305,0.975798824234588,2.530711645642343,0.9992820858471699,0.10193548387096774,0.07989247311827957,1.275908479138627,0.25311827956989247,0.10956989247311828,2.310107948969578,0.22494623655913976,0.08548387096774193,2.631446540880503,0.06636930005517898,0.07562540494130446,0.07562540494130446,0.10927240142893915,0.07509438360500527,0.08473334146627652,0.08473334146627652,0.12610587333324652,-2.3541284009759633,-2.3307893447558454,-2.3307893447558454,-2.245949214666121,-1.7809035604198802,-1.7623437700265823,-1.7623437700265823,-1.682681058502939,0.6686944454821582,2.183183183183184,0.49510201595563513,0.7297297297297298,0.5132450331125827,0.9363913675552178,0.894971463309023,0.9710737529852822,0.24239792872957455,-0.11606214905201855
7,2.0,16.0,2,4.505106665270272,26.505627656960733,4,0.7686791621176787,512.0742159872746,19.38120256445893,66.99199367069419,3.456544734408972,0.9610267507170858,0.9712323813274868,1.9131130684569337,0.9984939824952266,0.10193548387096774,0.12,0.8494623655913979,0.2563440860215054,0.14301075268817204,1.7924812030075188,0.23096774193548386,0.08505376344086021,2.7155499367888747,0.031947647655282546,0.04725199886962329,0.05523052783178082,0.10644844481442489,0.03828367893648287,0.059658255725373976,0.07005453417820344,0.12314438064031853,-2.4404469376194333,-2.4018648744047466,-2.3817511103864635,-2.2526314317360363,-1.8242689963725567,-1.7837237993196067,-1.7640032143157256,-1.6632976748527852,0.7623498324952185,2.0510510510510502,3.5772850993678698,0.9279279279279278,0.5728476821192053,0.9517728185713615,0.9218693496880004,0.9843836340876235,0.15924243283693768,-0.14185202887481443
7,2.0,17.0,2,3.920959410050089,17.13430104858794,4,0.7219011034699099,491.55424593372175,29.996171820735707,50.01248767599444,1.6672956794247287,0.8858921977393732,0.8821916577442727,4.4549440554888236,0.9984652236331376,0.11483870967741935,0.12989247311827956,0.8841059602649007,0.2986021505376344,0.1429032258064516,2.0895410082769,0.30150537634408603,0.0553763440860215,5.444660194174758,0.08350078182929643,0.09821820760242893,0.1063264800052579,0.18387595227868456,0.08817678682764468,0.10904321621355295,0.11417227995685872,0.18601144153482907,-3.0550769613494655,-3.006017597720534,-2.978989319110901,-2.7204843456094103,-2.6520068107289596,-2.5913175103825736,-2.5763998028890502,-2.3674580441911135,0.7704871623301354,1.918918918918919,2.266498079273693,0.861861861861862,0.5794701986754967,0.9573612790028786,0.9144544598059717,0.9807489767509296,0.1877589118316666,-0.1670985763659412
7,2.0,18.0,2,4.879414771730545,28.03970390909991,5,0.6247641758185731,492.4514307480513,17.248451512431934,55.01835002123,3.1897559025269695,0.8299780439791226,0.8782970019605363,2.515060131930369,0.9990617472416232,0.1374193548387097,0.19645161290322583,0.6995073891625616,0.301505376344086,0.15666666666666668,1.9245024021962933,0.3155913978494624,0.05580645161290323,5.655105973025048,0.08990564070460122,0.09596252004945585,0.12498571958649295,0.19093785400803318,0.10512946246209476,0.11551799046058721,0.15331082053391157,0.2304253359115368,-2.326132319144711,-2.3106513938391915,-2.2364702918924046,-2.0679016266462042,-1.7293663623960789,-1.709290194814529,-1.6362543238958378,-1.4872280196960628,0.7790811822946316,2.0510510510510502,2.776153294436798,0.7517517517517519,0.5894039735099338,0.952095224230666,0.9193052409714993,0.9773188436191148,0.1840481336085218,-0.14582824183663942
7,2.0,19.0,2,4.355720042130173,22.04125274656716,4,0.6123536424161276,449.3508772202247,15.708872287544681,39.54043952804107,2.517076897963711,0.8633627046404343,0.9024241023145743,1.8422612530902596,0.9983451454782306,0.09204301075268817,0.13666666666666666,0.6734854445318647,0.25311827956989247,0.1596774193548387,1.5851851851851853,0.22516129032258067,0.09569892473118279,2.3528089887640453,0.04345753086184002,0.04584351128651067,0.06129082601398053,0.09596259468234604,0.06428220057198611,0.06489523738709911,0.08123180664549058,0.12870147029019646,-2.0084050651454435,-2.003395339675999,-1.9709613744914745,-1.8981627711280116,-1.3727382521588947,-1.371838900787571,-1.3478724511338984,-1.2782324131416347,0.7632270533376644,2.0510510510510502,2.6388908144575076,0.7297297297297298,0.5960264900662252,0.9143796958844631,0.9025394704730881,0.9743277363085816,0.1990865245113512,-0.1299466480606759
7,3.0,0.0,2,6.738780238670228,54.577111118897164,3,0.6523694963111357,641.268577786129,22.802821366782563,138.38459751434024,6.06874891876005,0.9006208911187574,0.849455756584374,5.845881697528701,0.9994246754808901,0.10204301075268818,0.16333333333333333,0.6247531270572746,0.18086021505376346,0.2096774193548387,0.8625641025641028,0.210752688172043,0.10569892473118278,1.993896236012208,0.05146993752141177,0.08847235661303457,0.15130263964832344,0.19505148490806784,0.06460334820094923,0.11493075196394797,0.18946898163882567,0.243954880286881,-2.3791018525563685,-2.2862924337595505,-2.1287016006600767,-2.0189708046400936,-1.7142968816459399,-1.6220620942257478,-1.485456244237627,-1.3856002035233568,0.8242245065430838,2.3153153153153148,2.3843904700937206,0.8838838838838833,0.5728476821192053,0.9530509324058003,0.8992655419603925,0.9807417669628585,0.21077744630905199,-0.11035629621652811
7,3.0,1.0,2,4.437951898617872,21.130058806449853,4,0.7062277351426072,818.4296033543995,8.758622199781033,99.66475323568667,11.379044667342576,0.9343441469933824,0.8853773011522199,12.146887119121573,0.9984783031437813,0.16752688172043012,0.1,1.675268817204301,0.2464516129032258,0.1295698924731183,1.9020746887966802,0.26774193548387093,0.05881720430107527,4.552102376599634,0.056344267483666055,0.056344267483666055,0.056344267483666055,0.07434157072709045,0.06855353647822096,0.06855353647822096,0.06855353647822096,0.08592686463676409,-2.7195582409724453,-2.7195582409724453,-2.7195582409724453,-2.6676911111872856,-2.087917506970776,-2.087917506970776,-2.087917506970776,-2.0489736949137534,0.6707076320738972,2.469469469469469,0.2560993100258457,0.8178178178178177,0.5629139072847682,0.9014000377925446,0.8805970041503515,0.9556220791994854,0.2735691316898265,-0.14288501933198486
7,3.0,2.0,2,5.1916420123920055,31.005595241250766,5,0.6914552840982697,647.4481172660328,16.48685920583165,116.29961623719961,7.05407954209148,0.876377177250389,0.7799599688682273,3.7414553844995995,0.9991060884556767,0.05580645161290323,0.04967741935483871,1.1233766233766236,0.2464516129032258,0.09311827956989246,2.6466512702078524,0.28365591397849466,0.06870967741935483,4.1283255086072,0.1141753006711305,0.1007688455684403,0.10662426108160397,0.1412976840805506,0.11623698776758117,0.1141822651089,0.11533419312505398,0.14405534337736386,-2.662978722811837,-2.7032813974988765,-2.6856787646793236,-2.581443030720669,-2.3413240963177646,-2.346767605047405,-2.3437158402822877,-2.267625847570518,0.7080604498186804,2.2492492492492495,1.6719497597319883,1.1261261261261257,0.49337748344370863,0.9833509462051201,0.9001089618827862,0.9788212870406408,0.2839445123945108,-0.12963715610191107
7,3.0,3.0,2,8.279572581438265,90.41548145440883,3,0.5506438821310052,731.4673140830877,21.040767351553455,109.14486279899947,5.187304292442605,0.9261662653885205,0.7946056777665202,8.012934660183925,0.9991903053612766,0.10838709677419356,0.15333333333333332,0.7068723702664798,0.2629032258064516,0.14956989247311828,1.7577282530553557,0.15881720430107527,0.07193548387096774,2.2077727952167416,0.06278288107616528,0.09269623062819773,0.12688510357828792,0.1740382713741813,0.060054564642845074,0.08076476278680962,0.1275788422553547,0.16601871829137782,-3.61500991536443,-3.499628908072834,-3.3677564612148134,-3.185878467651563,-3.40213032305916,-3.327169808914663,-3.15772635686415,-3.0185933147135735,0.7980983781661375,2.469469469469469,2.5084150592775414,1.0160160160160154,0.5894039735099338,0.9071007819697178,0.8932279371569467,0.9600259729035783,0.18455086716658692,-0.13338198441017612
7,3.0,4.0,2,6.511796236286903,50.88714255314944,5,0.5406401544520537,573.4711184759411,30.51955074399993,98.19902762988302,3.217577757077198,0.9370142121010262,0.8409230016732481,3.527335691039907,0.999351152544448,0.09204301075268817,0.09333333333333334,0.9861751152073732,0.2465591397849462,0.15333333333333332,1.6079943899018232,0.23913978494623653,0.09548387096774194,2.5045045045045042,0.07472956292424578,0.07150196565527704,0.0797403805384977,0.12533339281398656,0.10276800544457963,0.09701069672659056,0.10565438743723847,0.1609196898482146,-2.180976160785997,-2.1885840043073856,-2.1691650477050817,-2.0616967131654755,-1.4674745706365742,-1.4768909804282686,-1.462753726751076,-1.3723641436568699,0.7259182662834366,2.3373373373373365,1.0331266974971984,0.8838838838838833,0.5165562913907285,0.9602581368127866,0.905590903894149,0.9761770709246574,0.24884508297906716,-0.13839380316154815
7,3.0,5.0,2,6.425569823084635,55.3795520136078,4,0.7211428294496789,795.4020388878342,0.2406904586393251,113.24899382555233,470.51717158118043,0.9142723518222334,0.8475615997222291,49.83739392113296,0.9990933348983748,0.25892473118279574,0.10301075268817203,2.5135699373695206,0.26903225806451614,0.1229032258064516,2.188976377952756,0.22655913978494618,0.11236559139784945,2.016267942583732,0.10334960745388236,0.10334960745388236,0.10334960745388236,0.13887763862662753,0.1080817291584316,0.1080817291584316,0.1080817291584316,0.14754965835744327,-2.630429806232579,-2.630429806232579,-2.630429806232579,-2.5262041315098163,-2.2020826998648726,-2.2020826998648726,-2.2020826998648726,-2.1046391930661725,0.7395508147437884,2.3373373373373365,3.316347955442545,1.06006006006006,0.46357615894039733,0.9575027126723626,0.8641284039653792,0.9687426295198776,0.3106826521916943,-0.13358650195047056
7,3.0,6.0,2,5.729047739300829,41.315819068756994,6,0.7168191179426149,701.118595600792,2.1466271956895224,109.89418197275022,51.19388321988108,0.8952740445533355,0.8560225540407035,9.025777158332424,0.9984895161090304,0.15505376344086022,0.22989247311827957,0.6744621141253508,0.26924731182795697,0.19978494623655912,1.347685683530678,0.16774193548387095,0.10924731182795697,1.535433070866142,0.18644718224526985,0.28806387880872025,0.29735380108881093,0.3885536643780504,0.13962261266520232,0.2741974431734954,0.2968351841991545,0.3638594773113992,-3.3811432390525815,-2.9588220337636697,-2.920212914327097,-2.5411842951233026,-3.443993303896428,-2.905305488565448,-2.8146891733816863,-2.5463985138700376,0.8014513211540388,2.3153153153153148,4.8493740673352335,1.0160160160160154,0.5761589403973509,0.9669640164953949,0.8781081758214714,0.9579894454912127,0.22987193089285257,-0.1390638171612295
7,3.0,7.0,2,6.792024788182689,62.19969499556309,6,0.7210949847883177,799.7110926407596,28.026568459911818,135.17148712453715,4.822976716463934,0.9363031689078751,0.8979979868634574,128.6192259625184,0.9992942233729921,0.10838709677419356,0.16989247311827957,0.6379746835443039,0.28569892473118275,0.13311827956989247,2.1462035541195474,0.19838709677419356,0.04559139784946237,4.351415094339623,0.060531241802876314,0.07144754505122196,0.08433110683992409,0.10562983040155173,0.0688807677916625,0.0759951769983794,0.08369129083436803,0.1111989843778562,-3.0916108805662095,-3.0556874274405184,-3.0132901050613943,-2.943200104802457,-2.693564506048355,-2.672983768954925,-2.6507202624714843,-2.5711453332797984,0.7366498107869185,2.513513513513514,1.2975171686575868,0.8838838838838833,0.5695364238410596,0.943345066129121,0.9118946301892126,0.9652349970038192,0.18038197029244182,-0.13752469115811045
7,3.0,8.0,2,4.7147646070365266,27.21897841643352,6,0.5748809587359198,517.2902827164049,8.080629298916982,78.74421558365943,9.744812275228766,0.7728396853828454,0.8072909304559952,5.565156633792537,0.9985793682533584,0.09516129032258065,0.10989247311827958,0.8659491193737768,0.28537634408602147,0.11279569892473118,2.530028598665395,0.22677419354838707,0.08161290322580646,2.778656126482213,0.03528120156386784,0.04353995693880671,0.04930323147889309,0.09016025773880192,0.034768980329444706,0.0462618490870443,0.0528385021272123,0.08830564746382007,-2.766949226875693,-2.743261954650163,-2.7267320725137156,-2.6095483735896825,-2.431890074286503,-2.402933904326048,-2.3863640915822866,-2.297004967238342,0.7442529264463591,2.293293293293294,1.5892828656229763,0.8398398398398399,0.543046357615894,0.9525563470585708,0.9168987701414152,0.977797773828346,0.21751555358060642,-0.1845502025897772
7,3.0,9.0,2,5.447980360896521,35.49487710778379,6,0.6521662363745377,605.6246016412717,10.681652098450238,90.83186226131704,8.503540596917167,0.877599755817119,0.8013437612747847,31.879049087025027,0.9983836955751175,0.1820430107526882,0.16301075268817203,1.1167546174142482,0.15376344086021504,0.16655913978494624,0.9231762427372497,0.13516129032258065,0.05602150537634408,2.412667946257198,0.33969916369807884,0.33687990553738795,0.443786558274219,0.5380639658275173,0.3767023297691439,0.34603266583897174,0.40286678354870314,0.5040249396860985,-2.994918450554723,-3.0077057254120723,-2.5228105243674053,-2.095197636682473,-2.72629587545567,-2.860444585242233,-2.6118528960741765,-2.1693884412592945,0.8087769754974348,2.3373373373373365,3.9591102664684588,1.0380380380380387,0.5894039735099338,0.9033004069245657,0.8563762170407802,0.9243596523058,0.22932918658267273,-0.15295915697621293
7,3.0,10.0,2,7.286530808832408,71.81910779632611,4,0.7245303838760898,708.8835663744721,51.88432840847629,120.97363835615903,2.3316026643682197,0.8993631854294047,0.8932129119352862,117.03387128487847,0.9992367262419302,0.13161290322580643,0.11655913978494623,1.1291512915129152,0.25612903225806455,0.10978494623655913,2.333006856023507,0.3213978494623656,0.07913978494623657,4.061141304347826,0.10112479790995582,0.10112479790995582,0.10112479790995582,0.10484512096652755,0.13899674442467277,0.13899674442467277,0.13899674442467277,0.14593788261141494,-2.249491917901117,-2.249491917901117,-2.249491917901117,-2.2401815746762948,-1.4511015900218545,-1.4511015900218545,-1.4511015900218545,-1.4394032641512833,0.7192002613241687,2.293293293293294,0.1466108684046983,0.7737737737737733,0.49337748344370863,0.9557173378623014,0.8988631123061879,0.9793371772760103,0.27464289871373293,-0.14291207226845126
7,3.0,11.0,2,4.687272165089663,26.47298968146717,4,0.4937213426070005,441.31664642005893,1.0115505437164483,80.44682185268015,79.52822758328773,0.8435810314154784,0.7158590352318857,179.62595007736545,0.9986908507686099,0.3055913978494623,0.08655913978494624,3.530434782608695,0.3055913978494623,0.08655913978494624,3.530434782608695,0.25505376344086017,0.0886021505376344,2.878640776699029,0.11389874373793796,0.11389874373793796,0.11389874373793796,0.11389874373793796,0.13025676081405288,0.13025676081405288,0.13025676081405288,0.13025676081405288,-2.240860195965242,-2.240860195965242,-2.240860195965242,-2.240860195965242,-1.8184913787141814,-1.8184913787141814,-1.8184913787141814,-1.8184913787141814,0.7098010485081914,2.359359359359359,6.248788072006888,0.9939939939939944,0.4337748344370861,0.9640382302064588,0.8801182817732145,0.9712399418135056,0.312708272227008,-0.19717566037621614
7,3.0,12.0,2,9.062253948185154,101.67002054971017,4,0.6121733866982403,810.0013955687614,11.06505210076594,128.1829516942249,11.584486952876786,0.9278880074255664,0.863277798317856,17.491315681396852,0.9993128125266512,0.11161290322580646,0.1032258064516129,1.08125,0.32602150537634406,0.11258064516129034,2.8958930276981847,0.24419354838709678,0.06526881720430108,3.7413509060955517,0.11137477592247738,0.15097851153694059,0.18036001317325764,0.2758330006474784,0.12738246819825833,0.1433939838245892,0.1657711613292828,0.24978301844722128,-3.31107134933048,-3.1635054342894855,-3.0540281815260313,-2.6982900538029067,-3.0655266581627285,-3.009277813507086,-2.930666243517838,-2.635530541780285,0.8002515424963339,2.491491491491491,3.2322839781813806,0.9939939939939944,0.5728476821192053,0.9665383115876375,0.9118035181537446,0.9695973878590898,0.1784878227307975,-0.14385314520284623
7,3.0,13.0,2,4.808934623109579,27.42113101073723,5,0.52566367613096,543.6759763318328,9.497142315296934,81.58439670944738,8.590415306090588,0.8427600724002713,0.8029475362576692,25.52892148734221,0.9981548674576377,0.12150537634408602,0.07655913978494625,1.5870786516853932,0.17021505376344087,0.11279569892473118,1.5090562440419448,0.23526881720430107,0.13849462365591397,1.6987577639751552,0.22105506080215107,0.21619730783703572,0.2294121884304022,0.34062152703334453,0.24164670406505193,0.22355758935452588,0.24137397515562703,0.34003587985731415,-2.793024555003988,-2.8104427608757443,-2.76305881352418,-2.364300958079821,-2.5610668681917135,-2.622156379648154,-2.5619879124829037,-2.228792637089976,0.7987188220568829,2.3153153153153148,3.9591102664684588,1.0380380380380387,0.5894039735099338,0.9113578194027285,0.8655588409326844,0.9464577426673104,0.21148491940024358,-0.16661650219844026
7,3.0,14.0,2,4.512879434553896,27.225963508136857,5,0.30873529131339117,372.9023475000672,0.23520103532794923,76.86443749235146,326.8031426187245,0.8213276642089136,0.6504682645117006,2.8577142530004953,0.9983237645808638,0.10526881720430108,0.10311827956989247,1.0208550573514077,0.3203225806451613,0.06602150537634408,4.8517915309446265,0.1610752688172043,0.13440860215053763,1.1984000000000001,0.09772842679560644,0.09772842679560644,0.11880602730613674,0.20088917978422158,0.0848223579411215,0.0848223579411215,0.09683540818874653,0.18548484806659754,-4.34207904604518,-4.34207904604518,-4.2406454973934675,-3.8456296873057823,-4.281070978768063,-4.281070978768063,-4.2248756365546205,-3.810186152345503,0.7705739992360727,2.3373373373373365,5.939826693920351,1.0820820820820811,0.5761589403973509,0.9561511634743093,0.8432784155437937,0.9183214894528191,0.3094922011856511,-0.09893721969043698
7,3.0,15.0,2,7.378209812659646,62.46728993075986,6,0.6888833009967543,973.9631305057718,19.183618219619355,180.8557856744268,9.427615979631156,0.979838585063032,0.9230197207214011,11.515180722817323,0.9998750649019188,0.08516129032258064,0.1232258064516129,0.6910994764397906,0.09494623655913978,0.09311827956989246,1.0196304849884528,0.1829032258064516,0.11946236559139786,1.5310531053105307,0.16593527975923525,0.21282714961576027,0.24415566077372747,0.30180306844581317,0.21906664387942903,0.26777232694703007,0.27434918709621076,0.3254834252312929,-2.3644868296119204,-2.23155325023738,-2.142740175871903,-1.9793157641996664,-1.8429510605263362,-1.728008870441122,-1.7124879155582646,-1.5918144961663718,0.8094514938781121,2.293293293293294,2.3843904700937206,0.9059059059059056,0.5132450331125827,0.950635031681442,0.8888204607188069,0.9711053547805637,0.2267286378125453,-0.08674321842037419
7,3.0,16.0,2,3.9788502894706315,17.666493521697237,4,0.7448393913831173,745.3610949066028,5.5502456780555,115.73387211882859,20.852026888902575,0.9529577484687899,0.9108992088190591,8.87537185357318,0.9981369995507432,0.10838709677419356,0.07322580645161289,1.480176211453745,0.16451612903225804,0.04655913978494623,3.5334872979214778,0.10118279569892472,0.10204301075268818,0.9915700737618544,0.1288579514938048,0.1288579514938048,0.1288579514938048,0.2140827481900303,0.14099177940791874,0.14099177940791874,0.14099177940791874,0.22474982271447747,-2.510054329306632,-2.510054329306632,-2.510054329306632,-2.264492919111292,-2.164220857959765,-2.164220857959765,-2.164220857959765,-1.953197377624491,0.7644308597308646,2.381381381381381,5.646141419303673,1.1701701701701699,0.4735099337748344,0.9559691521574013,0.8761429405789392,0.9755021428996149,0.24167871830792992,-0.13692006608156426
7,3.0,17.0,2,4.515830852361456,24.093309464993542,4,0.554308396078063,539.3700639228638,11.136751761368528,76.61942330755417,6.879871703105905,0.9003250725046524,0.8913478945505175,5.957093339639547,0.9993800168899276,0.10838709677419356,0.14301075268817204,0.7578947368421054,0.26634408602150533,0.12301075268817203,2.16520979020979,0.1424731182795699,0.08526881720430106,1.6708701134930648,0.10565722653562497,0.0905693593990484,0.09789077923266713,0.1534406826458461,0.14432388866675844,0.11396281147645285,0.12234154236270925,0.17995621263850367,-2.3337011832000187,-2.373071516849834,-2.3539669781479278,-2.2090148645194874,-1.706494633240299,-1.767044430761143,-1.7503345342227403,-1.635432266507962,0.7682778278616397,2.3373373373373365,2.5084150592775414,0.9059059059059056,0.5993377483443708,0.9112071447249259,0.8949172214034988,0.9656000888439371,0.19059151302799773,-0.163324916485906
7,3.0,18.0,2,6.619994300755517,51.729912843417466,2,0.6282072489818137,600.7328178088646,32.77800535843158,93.40711662592884,2.8496888570402734,0.8854834436521221,0.7855739284255467,12.87060957007497,0.9988611341860665,0.10193548387096774,0.06666666666666667,1.5290322580645161,0.2572043010752688,0.09924731182795699,2.591549295774648,0.15741935483870967,0.11086021505376345,1.4199806013579048,0.05664798612558869,0.06300434486840736,0.07586546511402904,0.17208259398406855,0.05254911935321706,0.06237814197461523,0.07621789346510152,0.15246126087472658,-3.3323885223240364,-3.309934701685707,-3.264502828047448,-2.9246160719036505,-3.166656901554405,-3.133805444074797,-3.087548962110024,-2.8327214132236698,0.7307641353287336,2.183183183183184,5.366976945540476,0.861861861861862,0.5728476821192053,0.9705771781109318,0.9161627880533197,0.980035389991369,0.17025126908302562,-0.15911396626500818
7,3.0,19.0,2,7.000701937910168,58.52464097411766,6,0.6853452880757902,581.976401847312,9.316053842719743,114.50023378096559,12.2906367560815,0.9170987262581729,0.8796455368396635,5.440027072662182,0.9993390963150229,0.11483870967741935,0.11989247311827955,0.9578475336322871,0.2693548387096774,0.08645161290322581,3.1156716417910446,0.22451612903225807,0.0689247311827957,3.2574102964118565,0.08206093283773025,0.08689008722591678,0.09196104816023033,0.12489783533666154,0.10401273058165128,0.10561439874295622,0.10465888459094959,0.14690228603608366,-2.1499542618549805,-2.1386436406716665,-2.1267666714234448,-2.049623657801974,-1.6243934302500578,-1.621489662163762,-1.62322197574009,-1.546636173551809,0.7011911079193417,2.447447447447446,1.2333634979137746,0.7517517517517519,0.5695364238410596,0.9303094880363184,0.9098138914110102,0.9748620966440722,0.1750083638336015,-0.13436440392119153
7,4.0,0.0,2,5.091414678426631,33.75933262347762,4,0.6226645217058463,305.7328906683692,12.259845967417652,57.280723701509444,4.672222135069348,0.8511596209527894,0.895525371484936,5.32717431381408,0.9989839449037138,0.09204301075268817,0.18666666666666668,0.4930875576036866,0.2595698924731183,0.1,2.595698924731183,0.24849462365591396,0.07838709677419356,3.1700960219478733,0.0381484882337223,0.0381484882337223,0.04466203544360046,0.05347648570197349,0.04952994303198357,0.04952994303198357,0.058118800574235185,0.0710932838569797,-2.380068207398061,-2.380068207398061,-2.3639506607269025,-2.342139609261047,-1.681919143213823,-1.681919143213823,-1.666720596123627,-1.6437613964659676,0.7751748612293945,1.984984984984985,0.5479472336900282,0.3553553553553552,0.5960264900662252,0.9311703573715294,0.8962027257828993,0.9732136134595087,0.25051070597597214,-0.13390888833031353
7,4.0,1.0,2,4.286841758221328,26.10110804595408,4,0.6858239145970337,305.1352847734187,5.8543278197849995,42.8958496392462,7.327203217810504,0.8684532286632289,0.8997492352641254,4.8939424456699125,0.9971278367243437,0.11161290322580646,0.1032258064516129,1.08125,0.2239784946236559,0.11258064516129032,1.9894937917860553,0.1817204301075269,0.0753763440860215,2.410841654778888,0.10785905451173815,0.10496354748195509,0.1193906121543111,0.21389448827157118,0.12414878718889306,0.11846622992129728,0.13863198354743603,0.22395491946733606,-3.1050615410197855,-3.115139239577844,-3.0649264073000686,-2.736009376092175,-2.58513624292717,-2.6019087089922928,-2.54238807374929,-2.29055144810651,0.8095492117066861,2.0070070070070063,2.6388908144575076,0.971971971971972,0.5331125827814569,0.9678282261138018,0.9115677395816313,0.9760405755358178,0.18832323950778557,-0.1862591437602822
7,4.0,2.0,2,5.013028205417974,36.73148941582602,5,0.6421022901416467,269.9610679190694,25.240834315931224,47.119275897591905,1.8667875755537802,0.8528790967997117,0.8912579041966958,8.83827143465195,0.9988494646756337,0.0953763440860215,0.15978494623655914,0.5969044414535666,0.26301075268817203,0.16602150537634408,1.58419689119171,0.23838709677419354,0.11526881720430107,2.0680970149253732,0.06783190886682398,0.07919328481985387,0.15072343555837,0.17741026675810181,0.08570181613276485,0.0929812567171161,0.15273819502414063,0.17513938792405503,-3.0680906059994424,-3.0306963515036203,-2.795265654385699,-2.7074299765861545,-2.4284264410267853,-2.409091845046128,-2.2503741186193005,-2.1908753138436006,0.7882454326459742,1.9629629629629635,1.8504070195423021,0.8838838838838833,0.5264900662251656,0.9500955030641376,0.8945372694637511,0.9694300877519819,0.21718034973938632,-0.16269266797810483
7,4.0,3.0,2,3.2129647273174844,12.824220248098163,3,0.63562555201546,246.86022598538804,1.134706907540473,38.107625904229025,33.58367315030185,0.7804752114967901,0.7737256675009059,2.0907189338198218,0.9956699859016851,0.11483870967741935,0.05,2.2967741935483867,0.2859139784946237,0.08301075268817204,3.4443005181347157,0.20838709677419356,0.101505376344086,2.0529661016949157,0.03004868360380962,0.03532431294774285,0.04242362577059719,0.10971971971910682,0.033961015931034566,0.03788744929532873,0.045574369196107044,0.11101400370259812,-3.631276726656767,-3.6115259724371938,-3.584947762796044,-3.333006520365364,-3.2279389842991955,-3.2148191335117313,-3.1891339294712115,-2.9704728290132687,0.7685160471463595,1.874874874874875,2.776153294436798,0.7077077077077075,0.5695364238410596,0.9369387145722539,0.9141665221650371,0.9761551998651113,0.17109153275852118,-0.1727626512876498
7,4.0,4.0,2,4.266238972268057,23.610497981145414,5,0.5656357472348825,245.67560033660976,3.2570831470262154,35.275040750118535,10.830254911461312,0.7946929339412064,0.803479318740992,32.72652562394774,0.9985161390642506,0.10193548387096774,0.12666666666666665,0.8047538200339559,0.24989247311827958,0.15301075268817205,1.6331693605059734,0.22978494623655915,0.06236559139784945,3.6844827586206903,0.0561113714769771,0.05334204978699444,0.05383037560990677,0.08348079909900791,0.08314093113195938,0.07765339833548932,0.07655725068166847,0.10521051768264135,-2.5833379592229715,-2.590917342665938,-2.58958083897612,-2.5084303068139846,-1.7224097906572462,-1.73271865985659,-1.7347778808590915,-1.6809499052273262,0.692237188223879,1.918918918918919,0.822081575524054,0.6196196196196196,0.5496688741721855,0.9454462004385524,0.910796480556774,0.976601634162272,0.2443020277682222,-0.18253350580166008
7,4.0,5.0,2,4.1563615125792115,18.971453705446045,5,0.7433035424263961,321.94828400057133,4.0008944694085296,43.206918057850444,10.799314600326841,0.8776093550830795,0.911377511308164,2.991419968737216,0.9984898489126854,0.10838709677419356,0.12,0.903225806451613,0.2627956989247312,0.1364516129032258,1.9259259259259263,0.30333333333333334,0.14526881720430107,2.0880829015544045,0.0629542626480514,0.06476274407270813,0.07174741581690522,0.09754381448518672,0.09939097224715147,0.0949223182285396,0.10331200116766444,0.15158777944022708,-2.0951544638825386,-2.0911108534389053,-2.07549372227841,-2.0178151718432096,-1.2246310196688603,-1.230707410376396,-1.2192992791498252,-1.153654794418477,0.7083718892524944,1.896896896896896,1.2975171686575868,0.6856856856856854,0.5364238410596026,0.9585051054267064,0.9250058188690858,0.9812707740098029,0.19749828554377544,-0.15514241899881975
7,4.0,6.0,2,4.354656892927371,23.363147177700647,5,0.6949947560589632,266.15772829818354,1.5051612589229357,46.25045457181683,30.72790659315319,0.841816385900903,0.8708514998224973,1.8869428543973332,0.998046173812858,0.10193548387096774,0.17666666666666667,0.576993304930006,0.26924731182795697,0.10666666666666666,2.524193548387097,0.2743010752688172,0.058924731182795696,4.655109489051095,0.08377235882809698,0.07704579150889945,0.08228863925249215,0.09269179879775608,0.09535089730039291,0.08458581412124629,0.09133899233733446,0.1042294436507961,-2.126284541717484,-2.1418948501898827,-2.129727801728519,-2.1055852455207376,-1.777239574541553,-1.7983882517381786,-1.7851212120166466,-1.7597971165860316,0.6871574811473118,1.918918918918919,0.822081575524054,0.641641641641642,0.543046357615894,0.9643388628756596,0.9189008101446989,0.9812511996366433,0.20340269998619626,-0.1947099398904919
7,4.0,7.0,2,5.678936178278938,40.58841443816141,5,0.3281416632262356,288.0252279413491,12.908681327039886,34.2589968788039,2.6539501604274163,0.7784016437576788,0.778043432285964,4.597965970032982,0.9985749511972588,0.0953763440860215,0.18,0.529868578255675,0.26924731182795697,0.11000000000000001,2.4477028347996086,0.2833333333333333,0.0753763440860215,3.758915834522112,0.05004200557896248,0.07416229911185619,0.07417341362054863,0.09382638770743722,0.07016360953342161,0.08976765579339181,0.09563915459605393,0.12216696913841316,-2.070683819330906,-2.018107282442541,-2.018083055441511,-1.975244218690364,-1.4588305042847323,-1.4280735012413226,-1.4188616424164635,-1.3772418634282666,0.7368636287350294,2.0070070070070063,0.3842240846055061,0.5315315315315318,0.5629139072847682,0.9556449575146014,0.9099418249663035,0.9787047507784237,0.22022798923388823,-0.15524271606437623
7,4.0,8.0,2,4.771276433956581,28.316429974793834,3,0.5751591339393053,326.6621856413982,0.2506924441152155,36.72949884490655,146.5121893662901,0.7764992161400884,0.8957409618388817,4.329720058216601,0.9984210950228533,0.2860215053763441,0.15978494623655912,1.790040376850606,0.2860215053763441,0.15978494623655912,1.790040376850606,0.2753763440860215,0.10903225806451614,2.5256410256410255,0.10124081920492442,0.10124081920492442,0.10124081920492442,0.10124081920492442,0.14483974679625375,0.14483974679625375,0.14483974679625375,0.14483974679625375,-2.080708115519621,-2.080708115519621,-2.080708115519621,-2.080708115519621,-1.2973712831952602,-1.2973712831952602,-1.2973712831952602,-1.2973712831952602,0.6838042744531968,1.896896896896896,1.143398527376694,0.9499499499499499,0.4470198675496689,0.9752445758595107,0.8898461321436483,0.983694439544029,0.32737663278978546,-0.15970853585998232
7,4.0,9.0,2,6.057049921577333,52.401487554814565,4,0.6545563554775768,307.0716929900746,25.404442255217482,46.33081425568378,1.823728849869495,0.831681997588724,0.8708823491721672,6.91992761744276,0.9983971143679691,0.1086021505376344,0.11322580645161291,0.9591642924976257,0.1843010752688172,0.1193548387096774,1.5441441441441444,0.16043010752688175,0.10204301075268818,1.5721812434141202,0.12727068656582555,0.14289226922285406,0.17241645935544153,0.2526811978129833,0.1338697731603348,0.14595610493182232,0.17984052629940625,0.2403067530920119,-3.1841216041533333,-3.1271268200162203,-3.019408871049455,-2.7265658510657427,-2.953718764077534,-2.9125013768578665,-2.796947100951191,-2.5907422796254607,0.7548758429162687,2.0290290290290294,3.5772850993678698,0.8398398398398399,0.5728476821192053,0.9766129508189733,0.908576495630121,0.9741560008300166,0.20677511930404197,-0.156424585412478
7,4.0,10.0,2,3.3549641926296396,11.397106418526164,4,0.699304544061975,210.5944308232585,2.65739499150164,25.562333031845863,9.619320091139748,0.8051369949315432,0.9195497704364153,16.930685792772415,0.9977365957651395,0.32451612903225807,0.1064516129032258,3.048484848484849,0.32451612903225807,0.1064516129032258,3.048484848484849,0.3295698924731183,0.11526881720430107,2.8591417910447765,0.1362783226364794,0.1362783226364794,0.1362783226364794,0.1362783226364794,0.175083512814884,0.175083512814884,0.175083512814884,0.175083512814884,-1.8156889658400472,-1.8156889658400472,-1.8156889658400472,-1.8156889658400472,-1.1939522855104565,-1.1939522855104565,-1.1939522855104565,-1.1939522855104565,0.7010439865262557,1.786786786786786,3.8612343143774956,0.9499499499499499,0.41721854304635764,1.0168700997072129,0.6331084683587861,0.7955833242505014,0.5703487344728071,-0.044468810627139976
7,4.0,11.0,2,3.483970127443765,14.473540274453612,5,0.6263188412825396,229.3677159705239,0.9194235415747757,36.9658718138256,40.205487615110414,0.7798521441006347,0.8311460908843499,8.898228634249309,0.9939696079726514,0.1374193548387097,0.11967741935483871,1.148247978436658,0.31849462365591397,0.09946236559139784,3.2021621621621623,0.25698924731182793,0.09967741935483872,2.578209277238403,0.195411393374965,0.17279901655000734,0.22647121153902042,0.29836641819445425,0.24788176111810864,0.2048739763230332,0.26137053853690845,0.34008816486952376,-2.2977503812181634,-2.3623269822810835,-2.2090495116813855,-2.0037306230716827,-1.7205358577462335,-1.8189199043984785,-1.6896791067376367,-1.5096056930902355,0.7630746753292259,1.984984984984985,3.0724688427090037,1.0160160160160154,0.48013245033112584,0.966499416283348,0.8890684256468702,0.9711742789923365,0.22411882492542126,-0.2088390618070728
7,4.0,12.0,2,6.488246252257666,54.24709765094375,5,0.6204888320449917,328.91477929107253,5.680477586778174,49.15190216213835,8.652776357492167,0.8322525501531732,0.9032846470846805,2.7720302241170196,0.9986248034202805,0.11516129032258064,0.14623655913978495,0.7875,0.20376344086021506,0.12247311827956989,1.6637401229148376,0.1370967741935484,0.1421505376344086,0.9644478063540092,0.1325777977428309,0.2306415921677838,0.23440617159639918,0.28429868397789465,0.13073859801576315,0.26585681698912667,0.2481954199536766,0.29423246590125135,-2.981180232518306,-2.644151914930079,-2.631213705892854,-2.4597417614633157,-2.706573008429809,-2.2858625942947457,-2.340853947181455,-2.197510845020101,0.8247490354673086,1.9409409409409404,4.381689931514194,0.9279279279279278,0.5264900662251656,0.9593042587500276,0.8945535722639599,0.9639019999446311,0.19527594052555475,-0.1639510023410418
7,4.0,13.0,2,3.9042461880634267,19.566019038294588,3,0.6411134512807847,290.9217021273165,18.717488971915593,28.42576769782499,1.5186742057375353,0.7717405361966309,0.8633080171037916,4.4967572419850805,0.9974583802119863,0.10516129032258063,0.13333333333333336,0.7887096774193546,0.27021505376344085,0.16322580645161291,1.6554677206851118,0.1324731182795699,0.08505376344086021,1.5575221238938053,0.1478959217217423,0.1478959217217423,0.1571730106283125,0.22360778872443016,0.15022479090318325,0.15022479090318325,0.16803690336438445,0.23632894290247738,-2.6244554038951136,-2.6244554038951136,-2.5958822439561784,-2.391265088815662,-2.340250144585829,-2.340250144585829,-2.2911962320728834,-2.1031224289162247,0.8177701871464154,1.9409409409409404,4.165044248545185,0.9279279279279278,0.5761589403973509,0.9802720277141506,0.8874096773607809,0.9740683473542946,0.24928401051139035,-0.16822192038179487
7,4.0,14.0,2,3.5612030501801657,14.20233653505911,4,0.5046001655417982,222.40007765065886,2.07024032603434,36.53597647263405,17.648181234408053,0.6772538270902777,0.8768639038156805,6.363211447829634,0.9978016898760725,0.11483870967741935,0.11655913978494623,0.9852398523985241,0.29236559139784946,0.15655913978494623,1.867445054945055,0.28139784946236557,0.1390322580645161,2.0239752513534417,0.09735275538701138,0.11183219348401356,0.12201817683652776,0.24225902912621225,0.11366112457336025,0.13117727600386828,0.14944310733057325,0.26681834621015427,-2.3824495559823324,-2.344232488272934,-2.3173475765200093,-1.9999835488135718,-1.8120502341022542,-1.7762398378980433,-1.7388967800120896,-1.4989323206091616,0.7701954755266196,1.9629629629629635,2.3843904700937206,1.0160160160160154,0.5,0.9800584374573849,0.888320852170638,0.9792841995986336,0.26878372130172173,-0.14089576959066785
7,4.0,15.0,2,4.987728330709748,31.162804837577163,5,0.6674826537636552,323.22284592161475,4.470499053001175,42.90778849666325,9.597986262374446,0.8812584151628093,0.8932647150196372,3.4990117154530345,0.9989445741458768,0.10516129032258063,0.09322580645161291,1.1280276816608994,0.2627956989247312,0.19301075268817205,1.3615598885793871,0.26698924731182794,0.10591397849462365,2.5208121827411167,0.06684140150968702,0.07920501013337551,0.09721044570762298,0.16294197786830386,0.09944856794140049,0.10955392707527944,0.140302826033264,0.22798801435915292,-2.065606819745855,-2.0382391736339547,-1.9983829792262404,-1.852881987944472,-1.308653521056004,-1.2939687253393883,-1.2492853752746655,-1.1218639683875278,0.7509909374342836,1.9409409409409404,1.05931476351837,0.641641641641642,0.5662251655629139,0.9566655720633984,0.9205243341271562,0.9833103587660978,0.1724262056295522,-0.14537110948833307
7,4.0,16.0,2,3.80871633610145,15.889799385024954,3,0.6752238338773735,240.9865092798666,7.7977145724918655,25.279525084695287,3.2419146468728557,0.8094902998710585,0.8907293458530959,19.09037393632209,0.9984601291531121,0.12774193548387097,0.10666666666666666,1.1975806451612905,0.3079569892473118,0.09311827956989246,3.30715935334873,0.23634408602150536,0.09548387096774194,2.475225225225225,0.08236909636064185,0.10932941235103254,0.10269185607912563,0.16271469505574382,0.11485470050628643,0.14466214910817177,0.13862496395345605,0.20916512639599594,-2.017949133793488,-1.958661084443976,-1.9732576405061988,-1.8412622647616437,-1.3749829337135742,-1.3286801028127273,-1.3380582541288457,-1.228481307207981,0.6963855078020381,1.918918918918919,0.7814350607844542,0.7297297297297298,0.5728476821192053,0.9851340790256544,0.9422761795595898,0.9926802376172698,0.16359516229872945,-0.17247949128465234
7,4.0,17.0,2,6.576149693864384,59.579642856863316,5,0.4918622937351298,289.89539029717355,18.75929310329792,45.23936282051705,2.411570765028661,0.8135785952956397,0.8127445620164542,3.251183581686529,0.9973435645698726,0.10516129032258063,0.12311827956989248,0.8541484716157204,0.19064516129032255,0.06935483870967743,2.748837209302325,0.15946236559139787,0.07473118279569892,2.1338129496402884,0.056852341752535014,0.07966021080894405,0.09648834339667649,0.16500354041848136,0.05970052828263789,0.07900484464244749,0.0950970964485892,0.14867776802790758,-3.256859971462492,-3.1781002617663394,-3.1199896669510054,-2.8833942614852015,-3.1453570785692286,-3.0807830041008364,-3.0269534746253797,-2.8477229744543027,0.7869957088314072,1.918918918918919,2.3843904700937206,0.8178178178178177,0.5695364238410596,0.9659866112133623,0.9042124306223215,0.9752766053156573,0.1776068219413588,-0.1800749625039581
7,4.0,18.0,2,5.003846069661495,36.331689602516015,3,0.3560079806091875,182.81665859880934,17.57333680934248,31.39098750329438,1.7862849750086194,0.6769408825067811,0.8172388932599005,10.471770642077185,0.9979831309136998,0.13118279569892471,0.2663440860215054,0.4925312878482034,0.21677419354838706,0.19989247311827957,1.0844540075309304,0.2446236559139785,0.0724731182795699,3.3753709198813056,0.09549050041005883,0.09549050041005883,0.09549050041005883,0.1104553373788595,0.1252929820251664,0.1252929820251664,0.1252929820251664,0.15085960958588074,-2.107531826065399,-2.107531826065399,-2.107531826065399,-2.072663347406053,-1.4579171531518225,-1.4579171531518225,-1.4579171531518225,-1.4153039991436287,0.7212786737515524,2.0290290290290294,3.7633583622865325,0.7957957957957954,0.49337748344370863,0.9499849372602656,0.8582604171105741,0.9617295667648562,0.3349987948876514,-0.08475065533849026
7,4.0,19.0,2,4.240120399703898,24.581413910729474,4,0.530728090988603,224.16318051718363,3.219815036919756,24.345436823373966,7.561128991640492,0.8133363994839371,0.8085088048582512,12.402143660399851,0.9974761871510277,0.10193548387096774,0.09989247311827956,1.0204520990312165,0.28634408602150535,0.13612903225806453,2.1034755134281196,0.23795698924731185,0.09193548387096774,2.5883040935672517,0.04717393457267997,0.0498216798697377,0.06723367873797144,0.13692072311630699,0.06341125423657164,0.061991612460686886,0.07819272130625277,0.1356244230316301,-2.8281676696315903,-2.8203086616570348,-2.7686265613770473,-2.561782255732867,-2.2396175661142483,-2.2430122840982545,-2.204271387279681,-2.0669378472197426,0.7170457078071484,1.9629629629629635,2.0479120966650832,0.6856856856856854,0.5231788079470199,0.9077395561538312,0.8812981449174969,0.9524814780652526,0.21227246383882892,-0.164978447000109
7,5.0,0.0,2,4.347631818365997,22.55379881993349,5,0.5270404930175294,186.02067981336336,1.667117030307839,59.18966699087256,35.50420631234448,0.7546015616356687,0.7574536304302706,7.138226413291335,0.998437163966479,0.10516129032258063,0.19322580645161289,0.5442404006677796,0.33634408602150534,0.09956989247311827,3.3779697624190064,0.14172043010752688,0.1053763440860215,1.3448979591836734,0.06755845686992597,0.07575754323074249,0.10008122656550392,0.11591348476466565,0.07380513021725249,0.0767028828579068,0.09585763932793127,0.1058850468443784,-3.092352016151227,-3.0651605407978684,-2.9844934021931473,-2.931987252158201,-2.963771856867678,-2.954499210252231,-2.893205059309321,-2.8611179152706585,0.7619038077729839,2.0730730730730733,1.7589165903277326,0.7957957957957954,0.5529801324503312,0.9519690858881055,0.9014711030463044,0.9820797690728711,0.20024415199977139,-0.16123986122436784
7,5.0,1.0,2,8.633281239155915,101.79118355791006,5,0.4940363410722207,262.7737115006328,3.4138891230098207,65.946914235786,19.317239623073807,0.8456881863440115,0.8373595350996086,620.9453940246187,0.998422038065491,0.08870967741935484,0.24978494623655917,0.3551442100731812,0.24989247311827958,0.20279569892473118,1.232237539766702,0.19913978494623655,0.08548387096774193,2.329559748427673,0.13373490497825954,0.13373490497825954,0.10724872233034774,0.12037604729731549,0.07767696930649776,0.07767696930649776,0.07565550029534464,0.11212377132743094,-1.7637593207763715,-1.7637593207763715,-1.8176865213359965,-1.7909586271839544,-1.4354700577084385,-1.4354700577084385,-1.438616198639034,-1.381858306468008,0.6766797290184156,1.9409409409409404,0.006485618253121783,0.7957957957957954,0.5132450331125827,0.9829320649622453,0.8226423438983843,0.9312389710768147,0.3333598064038268,-0.10024288220316513
7,5.0,2.0,2,7.054389211199557,67.37550412202243,3,0.640398081379129,221.573325696028,4.285871763850814,75.62444728112489,17.645055999803656,0.8434056904874648,0.8504900637784671,25.33333635050933,0.9985008687951811,0.09182795698924731,0.19956989247311827,0.4601293103448276,0.25946236559139785,0.18591397849462363,1.3956043956043958,0.27741935483870966,0.13193548387096773,2.1026894865525674,0.21138948972816476,0.13037119748365877,0.13839245664370095,0.16775170602320894,0.2621294500549126,0.13105178971491746,0.14582854414374216,0.18754834694695552,-1.7540811159298573,-1.9342875101129475,-1.9164460801099927,-1.8511432414542934,-1.2250224415166542,-1.4426393060329863,-1.418106742984579,-1.3488429748434203,0.7237229206885691,2.1171171171171164,0.6064329395408061,0.7737737737737733,0.5993377483443708,0.9659301490618187,0.9070501974099622,0.9757319588731688,0.21352586983007238,-0.1404256373409299
7,5.0,3.0,2,5.725421652309504,46.776263281691314,4,0.46094923616349004,183.50435115354054,2.5344418311787384,37.41600668283567,14.763016543738917,0.6810347276855926,0.8515630460585593,4.88116330163204,0.9964044762001374,0.10193548387096774,0.09,1.1326164874551972,0.29311827956989245,0.09311827956989246,3.147806004618938,0.21150537634408603,0.0750537634408602,2.8180515759312326,0.09065676218445108,0.10883538778059187,0.11116681565546777,0.14348916575091175,0.1059911942765406,0.11767617686472258,0.11178845185668704,0.15322815737915518,-2.2251404435754845,-2.1806577957254167,-2.174952849298226,-2.095860856926291,-1.9470820163292484,-1.9216330282287808,-1.9344560378086038,-1.8442035650496988,0.7530483254397436,1.808808808808809,2.5084150592775414,0.8178178178178177,0.5596026490066225,0.9616143804617618,0.914335258996588,0.9801902725384917,0.18973992464237982,-0.21653652223157047
7,5.0,4.0,2,4.651043958802501,29.752470569357506,4,0.5119334464118812,166.7364905144117,11.394710896251635,45.29940607946154,3.975476560301594,0.7113562572870527,0.8654533698882347,1.8458299691385813,0.9974868969069175,0.10182795698924732,0.10989247311827957,0.926614481409002,0.27279569892473116,0.08989247311827957,3.0346889952153107,0.19129032258064518,0.1282795698924731,1.4911986588432526,0.0689907722655539,0.0696015875692853,0.07188951472684267,0.10269094312035132,0.07740505671565907,0.0789194470104777,0.07977987320077423,0.11511651996306535,-2.1834113281558536,-2.1819788385372236,-2.176613170910102,-2.104377380249442,-1.8480825522293758,-1.8450490234836439,-1.8433254733587023,-1.7725413867874018,0.7094845130689629,2.0510510510510502,4.381689931514194,0.7517517517517519,0.5860927152317881,0.9697483390006116,0.9175804992061531,0.9867333663627481,0.20381530652204796,-0.20026766036149668
7,5.0,5.0,2,3.4765008814679152,13.974920776602374,3,0.07473953541190748,109.70841109593476,1.5756913424081078,18.359028794888374,11.651411860161977,0.6019772410542925,0.7552120238539484,3.285588450390216,0.9959800409640855,0.10182795698924732,0.19946236559139785,0.510512129380054,0.32838709677419353,0.21655913978494623,1.516385302879841,0.24752688172043014,0.11236559139784945,2.2028708133971295,0.2873533554061849,0.2710625385601745,0.2751129649808167,0.2980490322975352,0.30618334538858355,0.2237811943116048,0.2677660965524659,0.3171353990850779,-1.7349602029419233,-1.7746206982458101,-1.7647598103877553,-1.708921248165682,-1.451196972045179,-1.6235505057029933,-1.5315510465902824,-1.4282894977774556,0.8075597806332715,2.0070070070070063,4.8493740673352335,1.0160160160160154,0.5397350993377483,0.9482930748382536,0.8829159009760112,0.9635380772059947,0.228841725988506,-0.21407889059298668
7,5.0,6.0,2,5.450514242062139,38.64115294623955,6,0.33925903008333325,129.85704236814786,7.772420245368644,49.42571391703436,6.359114967630023,0.654863497822524,0.82434512494964,112497.16369889605,0.9976898294209131,0.2232258064516129,0.17290322580645162,1.291044776119403,0.2232258064516129,0.17290322580645162,1.291044776119403,0.21870967741935482,0.0753763440860215,2.901569186875892,0.08953322223759566,0.08953322223759566,0.08953322223759566,0.09401242647605121,0.08741624559917481,0.08741624559917481,0.08741624559917481,0.09383522444631022,-1.7638186134308687,-1.7638186134308687,-1.7638186134308687,-1.7551411921321334,-1.390700971863802,-1.390700971863802,-1.390700971863802,-1.380918987385078,0.7922965655346421,1.9409409409409404,0.14298639791355633,0.6636636636636631,0.5728476821192053,1.0351471462084423,0.7532074272969378,0.9298789972248668,0.5069145990203713,-0.058658258150006054
7,5.0,7.0,2,6.120936361799036,47.022437780316416,5,0.3385816316037763,153.62222223472975,6.375078736583557,30.02940863491079,4.710437294301361,0.6664286518677129,0.8990222724490445,15.291980756593022,0.996460708697551,0.11806451612903228,0.12666666666666665,0.9320882852292023,0.3083870967741935,0.09279569892473119,3.323290845886442,0.2556989247311828,0.06505376344086021,3.930578512396694,0.07157213086106072,0.0691511677432536,0.10030217433931671,0.1356709335949169,0.06599071028467592,0.06587455497363087,0.09431866322704166,0.12581278312906446,-2.5474448404426355,-2.554087542809034,-2.4686145904499748,-2.3715688572557543,-2.4610402739139,-2.461346333930282,-2.3863983684892243,-2.303413864669166,0.7548125333444956,1.8308308308308305,0.6711611767496287,0.6856856856856854,0.6192052980132451,0.9796649142598368,0.9154648958218218,0.9737764533190381,0.18164550298776647,-0.1943443673317121
7,5.0,8.0,2,6.485882200651884,50.74180648967413,6,0.6048162506193193,243.27735593044633,18.02860436811365,63.42947928805526,3.5182689681870225,0.8954482680016236,0.8748797085838774,1.7546328527517467,0.999170404662947,0.07548387096774194,0.07655913978494625,0.9859550561797752,0.2625806451612903,0.17236559139784946,1.5233936369307548,0.31032258064516133,0.19473118279569895,1.5935946990612921,0.08127619808175657,0.08127619808175657,0.11076919788729185,0.15465679475137317,0.11278569980790763,0.11278569980790763,0.1408337248942182,0.22068888261440398,-1.8113805522141215,-1.8113805522141215,-1.7532313607349663,-1.666701394626518,-1.1401344191011633,-1.1401344191011633,-1.1040906822252001,-1.001471040229097,0.7502599690862121,2.095095095095095,2.776153294436798,0.9499499499499499,0.5099337748344371,0.9721135059230451,0.9235630489975851,0.9889209533692158,0.23448959002890235,-0.13556904285175742
7,5.0,9.0,2,12.185152774244582,176.5356227249417,3,0.5906684717553996,193.91777336971336,16.98106261381292,97.80328076986034,5.759550093779416,0.9403263939819327,0.872911454386783,5.412526427046456,0.9994144731694256,0.05913978494623656,0.09322580645161291,0.6343713956170703,0.25946236559139785,0.2193548387096774,1.182843137254902,0.2443010752688172,0.10838709677419356,2.2539682539682535,0.16011459208405984,0.1302670635612027,0.11774535460602846,0.15822460846511743,0.11469150451939493,0.12020988499598029,0.13115326047821785,0.21314644855750614,-1.2670336866509737,-1.3120610484140212,-1.3309510385378083,-1.2698848766941018,-0.8924830965738499,-0.886919994761366,-0.875887933409627,-0.7932302668803574,0.764545813722371,1.918918918918919,0.11969557023590428,0.5315315315315318,0.5397350993377483,0.9511418502745342,0.8763999638671884,0.9737444930692033,0.27672121118013526,-0.10393632539857195
7,5.0,10.0,2,4.670799970964168,24.286655054086452,5,0.18099372100554323,111.05149898481595,0.3014174869102473,25.360862451571318,84.13865669022378,0.6233808588788159,0.7600267233450643,4.4548568803107775,0.9976563944956728,0.09526881720430107,0.09989247311827958,0.9537136706135628,0.28924731182795693,0.06268817204301076,4.614065180102914,0.22602150537634405,0.13129032258064516,1.7215397215397212,0.061107044181093736,0.061107044181093736,0.06576658114658362,0.08981786063914406,0.05893104140576948,0.05893104140576948,0.0656789620715419,0.08896839843598543,-1.67876184164435,-1.67876184164435,-1.670430484156879,-1.6274262524128913,-1.5239003696979427,-1.5239003696979427,-1.5129732652563894,-1.4752600027353853,0.7123512493097732,1.808808808808809,2.920555512182745,0.7517517517517519,0.5860927152317881,0.9796142138130363,0.9242196314009414,0.990228087186495,0.20675612440157798,-0.19324334451330066
7,5.0,11.0,2,4.970939238535516,32.434149454804704,4,0.4320113626598805,175.59210428639707,1.0213602477507684,39.64185593377013,38.81280480718642,0.5097081472789955,0.7941505784327962,15.392770412532363,0.9965989549656231,0.1309677419354839,0.18268817204301074,0.7168922895821074,0.30795698924731185,0.20612903225806453,1.494001043296818,0.3334408602150538,0.12258064516129033,2.7201754385964914,0.24986126265223613,0.2418689183258892,0.30213822469620677,0.30004976185232457,0.29722172785777934,0.28134567800203575,0.362851901085705,0.34598826490602796,-2.3933096210489384,-2.4188091101682616,-2.2265205325912363,-2.2331837509648653,-1.6760301507272326,-1.7138923603137153,-1.5195111553516978,-1.5597286233759704,0.834489264090886,1.874874874874875,3.2322839781813806,0.8398398398398399,0.6291390728476821,0.9385264256631897,0.8810278576993915,0.9479098465204354,0.22123840206318288,-0.20758273845729747
7,5.0,12.0,2,5.086061572128482,33.75064746378443,5,0.46578514641730506,183.42449281235827,4.107499753127889,45.59847303930169,11.101272253170105,0.7092332335270572,0.8373408408441523,7.294527626571405,0.9963442043945002,0.10516129032258063,0.10666666666666666,0.9858870967741935,0.2959139784946237,0.09946236559139784,2.975135135135136,0.26709677419354844,0.10172043010752689,2.625792811839324,0.14147465422898375,0.2945655567056306,0.25408980923971797,0.28347034222288486,0.16382204999764843,0.31559975221416914,0.2645165077295714,0.30495843042508164,-2.433757669544158,-1.9997737925680301,-2.1145149138534247,-2.0312266360695452,-1.9930552583946386,-1.6312885465256621,-1.7530469940374627,-1.6566524566215342,0.8001430588632705,1.874874874874875,1.8504070195423021,0.861861861861862,0.5529801324503312,0.9679619219208456,0.9022123113866806,0.9741681925401525,0.1998944387159186,-0.220639489633622
7,5.0,13.0,2,4.39433502335875,21.51892785093244,5,0.47463195712148964,210.38771227312105,1.1069856212905504,36.57790945852445,33.04280449088494,0.7180094752182706,0.7943109027019456,1.4676477530900396,0.9971595654412108,0.10193548387096774,0.2360215053763441,0.4318906605922551,0.27290322580645154,0.26204301075268815,1.0414443988510462,0.3668817204301075,0.17559139784946237,2.0894060012247397,0.2004534474299114,0.23452083081979577,0.31996278155753405,0.3396178679208746,0.2691323403534732,0.3004700251610756,0.3751226373301816,0.4110946522514841,-1.7022934117186175,-1.6297614470535473,-1.447849250249361,-1.4060021258817752,-1.1753157950657902,-1.1249213420495199,-1.0048717091683699,-0.9470247422663229,0.8136976806778505,1.874874874874875,3.0724688427090037,0.861861861861862,0.5364238410596026,0.9789073032566865,0.9165473687668345,0.9852345617489378,0.19364901786414712,-0.1964234179382569
7,5.0,14.0,2,4.8056054488554985,27.836138922962053,3,0.18075539104416782,152.78363565342687,7.741977473745884,22.60022227723517,2.9191795447449502,0.7184772011092737,0.7787620263890642,4.7724240837145375,0.9972662492188328,0.11161290322580646,0.16279569892473117,0.6856010568031705,0.26623655913978495,0.14956989247311828,1.7800143781452193,0.26139784946236555,0.15870967741935482,1.6470189701897018,0.19134247254630957,0.15039440857322514,0.17315543709639386,0.21968218636672251,0.21018264512581877,0.15393282924590299,0.18185166872080077,0.240314742393696,-1.6364811799116754,-1.7193478246540748,-1.6732863047287172,-1.5791300680544442,-1.337436245320137,-1.4326868017761518,-1.3854104693297078,-1.2864120955152867,0.7811148635177417,1.874874874874875,2.5736529368675245,0.7517517517517519,0.5596026490066225,0.9218833134088034,0.8969818646200957,0.976364059605867,0.18973286550157448,-0.18444980081180665
7,5.0,15.0,2,3.435936155937785,13.764941244049965,3,0.2606436558011693,160.20398368606416,4.078167687808497,30.91688938000562,7.5810735964659575,0.5872250902423395,0.7628897908414602,6.696531529908689,0.9926401283297532,0.11494623655913978,0.16935483870967744,0.6787301587301586,0.27204301075268816,0.1695698924731183,1.60431198478123,0.27064516129032257,0.12849462365591396,2.106276150627615,0.28244412897569143,0.3330220706576776,0.42943091650167897,0.464486751372548,0.2716724427991488,0.2996200372065666,0.42356467110704343,0.4353300991523975,-2.1195678291890383,-1.970167089281908,-1.6853877482551407,-1.5818373171067066,-2.022267280258031,-1.9446682588105184,-1.600524782125655,-1.5678570079365364,0.8002054266784714,1.874874874874875,5.939826693920351,0.9499499499499499,0.5695364238410596,0.9980006759931058,0.8937303657912941,0.9671200379580627,0.22820445315280358,-0.24302734042030794
7,5.0,16.0,2,4.077390910844386,20.405415935806026,5,0.24727629348539237,157.0214762360878,0.43491369611217523,29.195036668507715,67.128345070507,0.6407243612817781,0.6354301489835991,14.407271741741937,0.9963698637758771,0.14516129032258066,0.09967741935483872,1.4563106796116505,0.13043010752688172,0.14634408602150537,0.8912564290962528,0.2843010752688172,0.1725806451612903,1.6473520249221187,0.36236865729348633,0.35985456315492365,0.41127695812394816,0.5466537262187339,0.3667685376790643,0.37057695582839,0.4256364990558753,0.5502110597826272,-2.522962330098985,-2.5329100293118136,-2.3294432974544446,-1.7937881886200313,-2.2981710805717728,-2.2843492840024338,-2.084523063285108,-1.6324077312581387,0.8144247929436141,1.9629629629629635,3.9591102664684588,0.9279279279279278,0.6192052980132451,1.0159744983868997,0.8922907165545549,0.9577074720365817,0.2344771458509636,-0.20809783660916825
7,5.0,17.0,2,6.035741151949726,45.90568214133983,5,0.28794148185736523,183.1497868533745,10.068301994993762,49.29319059155382,4.895879227308016,0.6384742677742903,0.7091476809170769,5.583935419000722,0.9980833986306917,0.09870967741935484,0.10978494623655913,0.8991185112634673,0.22731182795698923,0.109247311827957,2.0807086614173227,0.16096774193548388,0.07838709677419356,2.053497942386831,0.07195200306843784,0.08646087826109264,0.10833821260488309,0.19355157149947422,0.07773107575274861,0.08237114159886878,0.10711097555889387,0.1680486417370507,-3.419593922124843,-3.366132827882183,-3.2855210493947866,-2.97153396561977,-3.224728718175278,-3.2085046503412453,-3.122001407137105,-2.90893183818934,0.7810791425133448,2.0070070070070063,5.939826693920351,0.861861861861862,0.5761589403973509,0.9761173151782764,0.9076850705703075,0.9774616181342943,0.19348361149586615,-0.19131692509795994
7,5.0,18.0,2,5.331558312470687,33.58627013675863,5,0.2759724520671244,169.1894220184862,4.092805069792682,35.07624065319162,8.570220192521502,0.49357727277993124,0.818889537917697,4.086527573631783,0.9980802643305995,0.10193548387096774,0.12666666666666665,0.8047538200339559,0.32,0.06989247311827958,4.578461538461538,0.10279569892473117,0.08172043010752687,1.2578947368421052,0.05777849431078751,0.06470119668361693,0.06481489520168968,0.10818398766152504,0.053155506757275706,0.06453019926788167,0.06562122448562745,0.09459658036053135,-3.6275675560958747,-3.6009150435215465,-3.600477302445965,-3.4335056171313294,-3.451660464389477,-3.410194757281667,-3.406217495295543,-3.300589706330431,0.7425366342560062,1.984984984984985,1.8985316814422828,0.6856856856856854,0.6357615894039735,0.9357418379318507,0.8904939715878742,0.9686560712563297,0.19467451386770146,-0.17078002373123533
7,5.0,19.0,2,5.845598618345794,43.05863411333324,4,0.39009345768840076,168.56957388469567,2.694745913234418,51.00022128325973,18.92579965806341,0.8150526761485124,0.7323500930962303,84.6033842574449,0.9989363581118069,0.11483870967741935,0.07989247311827957,1.4374158815612381,0.28537634408602147,0.12634408602150535,2.2587234042553193,0.33580645161290323,0.16172043010752687,2.076462765957447,0.10532871214315603,0.10381710406645929,0.11643701819799525,0.14779483517546604,0.1417851326314749,0.14636280443390426,0.1585536154809279,0.2069799820604716,-1.556910405225544,-1.5595409113959944,-1.5375796884405695,-1.4830106951130508,-0.9954214267547536,-0.9901119025667597,-0.9759720933102102,-0.9198035919872675,0.7263518484340922,1.8308308308308305,0.49510201595563513,0.7297297297297298,0.5264900662251656,0.9257191589963029,0.9015448039432492,0.960969147162129,0.21701381249206297,-0.13945135317159388
8,1.0,0.0,2,7.329047689354922,69.39857513508746,5,0.3134353902766672,29870.582332085734,1402.7571735777667,4579.860484313701,3.264898993624573,0.6635530747535149,0.825668475594371,24.720159020018137,0.995482033968665,0.10193548387096774,0.1564516129032258,0.6515463917525773,0.2627956989247312,0.09,2.9199522102747912,0.2048387096774194,0.06537634408602151,3.1332236842105265,0.02429209622961893,0.023574186817821457,0.032868222435584724,0.04800741483492594,0.03324354737657443,0.03000578603737156,0.03839461766596804,0.06174738117045792,-2.4581628106158777,-2.4599714853336416,-2.4365564318859434,-2.3984153042031475,-1.8004149608470417,-1.8064447255710674,-1.790821992537151,-1.7473315511995084,0.6879242140705638,4.0990990990990985,28.60595535175739,2.359359359359359,0.5397350993377483,0.9448238779097784,0.9271154478957331,0.9845733309940661,0.14171224934111404,-0.1845715183669689
8,1.0,1.0,2,5.055272827910696,33.27585435707208,4,0.17368070206226927,9918.305055454523,120.82801042947382,2565.479129092569,21.232486738578014,0.5924021526074554,0.8365132404145085,195.62343336254867,0.9916884061981801,0.12139784946236558,0.06,2.0232974910394264,0.1631182795698925,0.08333333333333334,1.9574193548387098,0.2063440860215054,0.07494623655913978,2.7532281205165,0.24417228323231518,0.22056887855939597,0.19085151877588544,0.24425461104584378,0.24723365962035698,0.20742535803259743,0.17605519942105843,0.22751855818707706,-2.049914642520245,-2.1139305072192363,-2.1945283069635724,-2.049691357521964,-1.8741443785985703,-1.9732541562815493,-2.0513556909329402,-1.9232285957622226,0.7452830007264508,3.9009009009009,130.9535020482665,2.513513513513514,0.6026490066225165,0.9247764681899818,0.903031305443139,0.9524903907828116,0.1815507089232936,-0.19778182729288893
8,1.0,2.0,2,9.389475867183785,101.89306099384588,5,0.5445326896482421,18108.26880619929,1690.0089374036363,8906.533846579478,5.2701105002809046,0.8231142042069113,0.9253826221394987,10.734547374416097,0.9995310219405013,0.10838709677419356,0.0832258064516129,1.302325581395349,0.26602150537634406,0.07978494623655914,3.3342318059299187,0.18086021505376343,0.07494623655913978,2.4131994261119085,0.014051073261000125,0.01990775550511091,0.029660462954750038,0.062386194374510075,0.019393101682572966,0.026164662495181137,0.03687222199296876,0.07429711464758136,-1.9989669587659935,-1.987092799794402,-1.9673196255237833,-1.900969681794023,-1.4866298379385172,-1.4763639461008078,-1.460130960723868,-1.4033936869014445,0.6593038487366604,4.231231231231231,3.7633583622865325,1.588588588588589,0.5496688741721855,0.9586253197247221,0.9351243513629097,0.9840677142644965,0.1365227367228088,-0.14004121202807232
8,1.0,3.0,2,7.3988525710425765,63.445151611642316,6,0.3902842146217299,15546.128895558228,24.058004791899425,4806.455593414959,199.78612669631448,0.6779099163029552,0.8793862999840416,29.23583960780831,0.992652272858641,0.11161290322580646,0.09666666666666665,1.1546162402669635,0.28215053763440856,0.05989247311827957,4.710951526032315,0.24365591397849462,0.10182795698924732,2.392819429778247,0.039773917378287164,0.0465698494452861,0.0694773864562734,0.1129639758948621,0.04681960148669453,0.051539947151761696,0.0768324757087274,0.13145459584406072,-2.316844227111044,-2.3004469262438603,-2.245175364846223,-2.1402504356853123,-1.8770331574665242,-1.8677377026482611,-1.8179308509634793,-1.7103672346899441,0.7123816787541084,4.0770770770770755,51.26834287936654,2.491491491491491,0.5397350993377483,0.944370226286898,0.9206536583102215,0.9778872386650299,0.17043387208286928,-0.18357388191202187
8,1.0,4.0,2,8.20927160304765,74.94975757119266,6,0.36823169905762787,7818.336972478498,426.4257974603812,6351.768832012053,14.89536718894731,0.6415534873684496,0.8776149009405949,24.41844428322052,0.9991171502789663,0.10526881720430108,0.06989247311827958,1.506153846153846,0.17763440860215055,0.07290322580645162,2.4365781710914454,0.0886021505376344,0.07247311827956988,1.2225519287833828,0.14202209819964187,0.13679924247041217,0.15138403208526469,0.21576241519463368,0.14256660481754693,0.12510193878156342,0.1580880066734892,0.2297846197924395,-2.177478271618073,-2.190733455513054,-2.1537184433363747,-1.990331332679562,-1.9784095898234522,-2.018706903833832,-1.9425960905454522,-1.7771660201174047,0.7514475937522402,3.878878878878879,33.30600343624582,1.9409409409409404,0.5033112582781457,0.950551281441139,0.9176805524520854,0.9787429728423525,0.1650535056335641,-0.13553254006636198
8,1.0,5.0,2,10.291665720937683,119.15802654973585,6,0.48460436432712506,17584.320357743432,329.0470659438975,6373.261236052878,19.368843839317258,0.7694821185682984,0.9044318963767526,6.245516450011591,0.9994277624077427,0.10838709677419356,0.13999999999999999,0.774193548387097,0.26602150537634406,0.10333333333333332,2.574401664932362,0.18483870967741933,0.07204301075268818,2.5656716417910443,0.028979632106238065,0.03875883318338431,0.04296056749406545,0.06294895679629688,0.03807074050154447,0.04987610087082495,0.05782858387797577,0.08293931607708317,-1.7940178593675706,-1.77595020397863,-1.7681872500356244,-1.7312575124380727,-1.313958364713906,-1.297832696581339,-1.2869699107118882,-1.2526696164945035,0.7186228751153687,4.165165165165164,11.483124145435111,1.7207207207207202,0.5695364238410596,0.918945125563633,0.9165544886779657,0.978914599018849,0.14828155477233462,-0.11403824469385486
8,1.0,6.0,2,9.243933127627793,103.28641551914728,5,0.32748729956256795,9663.576276814427,932.3402287095308,3335.502095207265,3.5775589130418566,0.5508988476557168,0.8533942735613845,26.105572261904946,0.9978427626424636,0.10838709677419356,0.12,0.903225806451613,0.2793548387096774,0.09978494623655913,2.7995689655172415,0.16559139784946236,0.03258064516129032,5.082508250825083,0.0501547946699015,0.04739549602914488,0.05305050889585572,0.07592970755665095,0.06859609389250156,0.05553746595665877,0.058807030270331746,0.08282114704779484,-2.1224442673274764,-2.1286099641684504,-2.1159737476846896,-2.064849813209729,-1.6433446641550746,-1.666384965359348,-1.6606162316942283,-1.6182463528351567,0.7446052795609059,4.2972972972972965,35.03842245290676,1.984984984984985,0.5298013245033113,0.945662377636591,0.9152199775642618,0.9753188220114223,0.17235197920966197,-0.1346240739774381
8,1.0,7.0,2,8.940255763218365,103.26832803031378,5,0.4723433358861059,11296.732763952059,182.45607351197492,4769.13635767486,26.138545381783924,0.6635180174507969,0.8286565564863477,22.309406540620092,0.9958809556730506,0.10516129032258063,0.12333333333333334,0.8526591107236268,0.26924731182795697,0.07989247311827957,3.3701211305518166,0.3010752688172043,0.0389247311827957,7.734806629834254,0.018642980190458385,0.022101943944050288,0.02505070542465892,0.03785653271853659,0.027640205738056114,0.030582214112236505,0.03547498423606314,0.0547820084228273,-2.0808025675829116,-2.073468416489717,-2.067216063537444,-2.0400634597701672,-1.3693295541123554,-1.3651864590985707,-1.3582961960790891,-1.3311070023496576,0.6919735722348926,3.8568568568568558,2.8483544033097714,1.5225225225225214,0.5198675496688742,0.9363713796866063,0.9271987102375829,0.9827641127146959,0.14009078448775691,-0.15786882772940036
8,1.0,8.0,2,9.280478360157772,101.56371379522908,5,0.44987474396242166,22644.669658258106,1654.4334503947473,6986.787302139356,4.223069414168524,0.804657679358053,0.8929996341088398,43.285137200622884,0.9993494091259357,0.10838709677419356,0.07333333333333333,1.4780058651026395,0.16462365591397848,0.09655913978494624,1.7048997772828507,0.056021505376344094,0.043333333333333335,1.2928039702233252,0.07704489622798324,0.12171415834403436,0.15290612963748748,0.20548533097080546,0.08767939610561387,0.13127655518237952,0.16362112309077176,0.2353785741869774,-2.171237597402014,-2.066153849603017,-1.9927752198813284,-1.8690834624928023,-1.813243311099816,-1.7265936654144585,-1.6623086200477801,-1.519690205351942,0.7173427890264205,4.143143143143144,36.86095362172154,1.918918918918919,0.5132450331125827,0.9655513625066203,0.9267379630396404,0.9901661207646262,0.15057741742090106,-0.1310270181135708
8,1.0,9.0,2,13.361594482416402,201.7095137566258,3,0.3830788611474627,12368.628094328444,1111.540930650388,8684.357938790396,7.81289982160979,0.8114230934746942,0.8891257537378836,7.3554588780528976,0.9998392208087099,0.10516129032258063,0.08989247311827957,1.1698564593301435,0.2563440860215054,0.07655913978494625,3.3483146067415728,0.1695698924731183,0.04913978494623655,3.4507658643326047,0.033715846845372044,0.03933709672380225,0.05405875144906827,0.09560489189846452,0.037329472839007005,0.04453150750678432,0.06211729885183605,0.11238461964849744,-2.2490437148947753,-2.235960154880195,-2.20169523919818,-2.104995851393051,-1.8546135230573013,-1.8407385881636587,-1.8068590358952608,-1.710017541025483,0.7107989937949208,4.165165165165164,9.375015015145289,1.808808808808809,0.5860927152317881,0.953953466784178,0.9379738435957553,0.9809551845306596,0.13805352170612203,-0.11705454540734388
8,1.0,10.0,2,7.710866713487737,70.029915271387,4,0.4489137424243489,7111.3365299506495,304.22748949335477,2846.8157208857474,9.35752296949461,0.8234680734242643,0.910708084430305,12.536042763005186,0.999434633359158,0.10193548387096774,0.0832258064516129,1.2248062015503876,0.29,0.07602150537634408,3.8147100424328144,0.11204301075268819,0.07193548387096775,1.5575485799701048,0.11995863328157874,0.13252186826110685,0.13528539513303117,0.19544086098274913,0.12577027608853875,0.13914301392447498,0.1366555841679119,0.1963289215448172,-2.1143045681093184,-2.084121322057493,-2.07748193246699,-1.932958071370472,-1.841570734749228,-1.8134009734513064,-1.818640760796829,-1.692938478258955,0.7418897816930564,3.7467467467467457,64.38857427240426,2.2492492492492495,0.5397350993377483,0.956153858099092,0.9228918656576915,0.9815022887303979,0.15147717432738314,-0.14953585645843642
8,1.0,11.0,2,12.145094326494668,171.88346476508121,4,0.41440947866703215,14783.785241582711,758.2037297256646,5721.590530203422,7.54624424265708,0.8305438554289685,0.8910742371175584,16.165135787004676,0.999127351416764,0.10516129032258063,0.14666666666666667,0.7170087976539589,0.2563440860215054,0.08666666666666667,2.957816377171216,0.28193548387096773,0.035698924731182795,7.897590361445783,0.02465640943653046,0.043859810001757774,0.049292473425375995,0.06850519585960703,0.03439886987645067,0.05201515729831587,0.06295127989390843,0.08805816314919365,-2.024679402180869,-1.9848157787845413,-1.9735383152945452,-1.93365534097784,-1.3949835108846547,-1.369533633383618,-1.3537344485878084,-1.317463065862368,0.7336580068164322,3.812812812812813,4.165044248545185,1.4564564564564557,0.5529801324503312,0.9511781819550543,0.920768406573155,0.9762699964906705,0.15559629420401008,-0.1486615348691384
8,1.0,12.0,2,10.569516292497616,123.76374186497807,3,0.21455616712759562,9581.940500253797,1068.1153371195576,3176.7868787873836,2.9741983551648934,0.6666962599713744,0.8548474607419364,8.864093797146024,0.9954679151037721,0.10838709677419356,0.09666666666666666,1.121245828698554,0.2630107526881721,0.05655913978494624,4.650190114068441,0.16268817204301075,0.03913978494623656,4.156593406593407,0.026189155895653442,0.033801221013266776,0.042556239354497635,0.07095642996759115,0.02874064712139635,0.040154492262112665,0.05153105606550903,0.08279093933558007,-2.223952316667614,-2.2065681707059706,-2.1865737914686396,-2.121714511979015,-1.8180212986119282,-1.7966566512565332,-1.7753617878008634,-1.7168489576194328,0.7264359898961867,3.9009009009009,7.275483529196232,1.8528528528528534,0.5728476821192053,0.9098088734137976,0.9233070915417478,0.9743375763344961,0.14834906954308968,-0.13921535051703435
8,1.0,13.0,2,8.053139011536366,70.61892243854575,5,0.40727286239053817,12649.359992402533,1850.7757087799023,4715.550619335507,2.5478779502915385,0.663835944271558,0.8199053619365226,16.477041062024796,0.9990645743005575,0.11161290322580646,0.12,0.9301075268817205,0.28537634408602147,0.06999999999999999,4.076804915514593,0.2578494623655914,0.045913978494623656,5.61592505854801,0.03302442430734023,0.040209588741080465,0.054012765659798956,0.08642576454814133,0.04493991440114466,0.055714162041423564,0.07120860125212043,0.11281668219507535,-1.7954884565820934,-1.7821469822742406,-1.756517126210951,-1.6963323947553097,-1.2389458834292704,-1.2249690562513227,-1.2048689892863202,-1.1508931595150007,0.700522207865004,4.0990990990990985,14.065272421052393,1.6986986986986992,0.4900662251655629,0.9569747377573847,0.9328734252712404,0.9820712609675111,0.14388839391246971,-0.17787966921922752
8,1.0,14.0,2,9.887932292344315,109.54774244690684,4,0.34891098969934353,11547.405957700812,325.33753851270683,3792.460663370677,11.657003002813811,0.7479577694664328,0.8677471838497484,13.02821899108718,0.9977224701661281,0.10838709677419356,0.08655913978494624,1.2521739130434784,0.22591397849462366,0.10301075268817206,2.193110647181628,0.12806451612903227,0.04548387096774194,2.815602836879433,0.06181593170568759,0.07843496621259126,0.10112277246889652,0.1668145107698645,0.06639213383275838,0.08908360015853303,0.10623774830326621,0.176160670898478,-2.507218459631862,-2.462805479807207,-2.40217421503016,-2.2266185383995225,-2.2177127035750965,-2.163810894306919,-2.1230625526977565,-1.9569661011467354,0.6889584220973722,4.033033033033034,30.093900344497243,2.0510510510510502,0.5496688741721855,0.9473443281011621,0.9227760832756458,0.9830871936763708,0.14873508220279177,-0.13745852611530449
8,1.0,15.0,2,5.881567904875193,44.86710976050368,6,0.5529187032856118,3516.095199986489,314.61149990992647,5261.193961127365,16.722827877028173,0.7657579115264073,0.8621251642255124,35.50479742941736,0.9954416613690696,0.10838709677419356,0.1032258064516129,1.05,0.273010752688172,0.06290322580645161,4.34017094017094,0.1924731182795699,0.05838709677419355,3.296500920810313,0.01825763282045286,0.02614542470603802,0.036452452389641725,0.06305807355809435,0.024556498510379315,0.02846507484005307,0.04278467913697206,0.07260966043516383,-3.812313174961455,-3.7816832114068,-3.7416588437656424,-3.638343591720525,-3.016488740801476,-3.004401750142336,-2.960119405682175,-2.8678878001168915,0.6411442076731046,4.143143143143144,10.11916262438234,2.0730730730730733,0.4867549668874172,0.9298818006316985,0.9125872191023455,0.9724725583386723,0.15833374749223902,-0.18934865212580074
8,1.0,16.0,2,7.755789273744547,72.79676740586471,5,0.36595909940024474,10307.035305746396,283.0667767014767,1739.3507041082642,6.1446656664430455,0.6998798081568862,0.8790021770655593,32.82582530481531,0.9979904095534804,0.10516129032258063,0.06666666666666668,1.5774193548387092,0.19129032258064513,0.07279569892473119,2.6277695716395857,0.1513978494623656,0.1635483870967742,0.925706771860618,0.045211259503626894,0.06291007940548342,0.07691713907990336,0.15738177591361702,0.043823327252149186,0.06317947863695009,0.07665779818339687,0.1444747755531135,-2.6146275165604584,-2.5661604373383216,-2.5278030059008674,-2.307455776558702,-2.427369881149474,-2.3782319548377893,-2.3440156140212625,-2.171854032391404,0.7581351581912447,3.988988988988989,40.79534503452449,2.0510510510510502,0.5562913907284768,0.9337389132674531,0.9204157195544024,0.9647901446931533,0.15112271755475945,-0.15470093300498305
8,1.0,17.0,2,6.908678086689614,53.91986115506429,6,0.3524331730697078,11093.604107021842,206.1405302040812,4064.0369839025498,19.714885665032067,0.5286927591588777,0.838741588635118,14.023958637287935,0.9990518338711637,0.11161290322580646,0.11666666666666667,0.9566820276497696,0.2790322580645161,0.06989247311827958,3.9923076923076914,0.2295698924731183,0.0389247311827957,5.897790055248619,0.07045389144788905,0.059583121183515414,0.07074071649594872,0.10469405443323831,0.08862765738736049,0.07755862812944403,0.087707497806095,0.12959346840453617,-2.421411387453568,-2.4497290864535097,-2.420664225552519,-2.332217833956654,-1.6473616762126697,-1.6673696287692448,-1.6490249213642958,-1.5733134481183162,0.7385003635945513,4.055055055055054,10.375666787451848,1.5225225225225214,0.5198675496688742,0.9374234925332607,0.9132149603246899,0.9764558748070193,0.17826741458673495,-0.170079370206369
8,1.0,18.0,2,8.579994513621774,77.75151077740999,4,0.4803098955363667,18946.008714167892,765.8658258697524,7356.62135762265,9.605626872393913,0.7869783486971935,0.8859028912058241,90.23075881538644,0.9975354073798579,0.10193548387096774,0.08333333333333333,1.2232258064516128,0.27623655913978495,0.05989247311827957,4.612208258527828,0.11817204301075268,0.09139784946236558,1.2929411764705883,0.032432972117194626,0.04814989500891335,0.06586659066917895,0.11412696052821558,0.03331158072986605,0.05129278356585813,0.06995813457595129,0.11600261597382848,-2.7653742144117803,-2.7204541499178903,-2.669818595034747,-2.5318870837903185,-2.512567453532649,-2.4658316241583886,-2.4173175915892062,-2.297641113554594,0.6714769843451548,3.878878878878879,15.566543592710588,2.0730730730730733,0.5397350993377483,0.9688007216294295,0.9277328019741642,0.9811631180030113,0.16004639556267014,-0.12141384885500021
8,1.0,19.0,2,9.418940355353055,111.57471932862885,5,0.6016094886313459,12067.41253367476,48.73046129160826,7015.019699111374,143.9555364997009,0.8463988660666159,0.9223604129158784,83.05386461240427,0.9983748099439947,0.10193548387096774,0.09666666666666665,1.0545050055617353,0.25311827956989247,0.056666666666666664,4.466793168880455,0.26225806451612904,0.04559139784946237,5.752358490566038,0.020664848090719213,0.0197338708770526,0.024170788004294376,0.0399051274514142,0.026520233459343907,0.02609139889958788,0.03261545889555825,0.052689865743594556,-1.8249031433938292,-1.8266379358602653,-1.8183701390833438,-1.7890506099514678,-1.280366514352742,-1.2809305377966602,-1.2723497863074407,-1.2459469793800246,0.6644162644034584,4.011011011011011,3.5772850993678698,1.1921921921921912,0.543046357615894,0.9533281366417116,0.9388183481581364,0.9873774554308066,0.14104736089175823,-0.1395804708565624
8,2.0,0.0,2,9.563506252299474,101.95752118619181,3,0.4513489903744192,93585.541471866,3065.827968923313,21320.04329413472,6.954089893576807,0.6838560841001801,0.8539481147126331,261.7375399069268,0.9992956099111993,0.10193548387096774,0.08333333333333333,1.2232258064516128,0.2694623655913978,0.08311827956989247,3.2419146183699867,0.19172043010752687,0.07172043010752689,2.673163418290854,0.017519012359436856,0.025429407726919734,0.03585627922130924,0.06556301710862805,0.02090427316980467,0.03196934453806377,0.04449570496081678,0.07892077886653692,-2.793940233421348,-2.771444966685901,-2.7417934455436446,-2.657314609585297,-2.1305595023009287,-2.106481373573306,-2.0792234094165787,-2.0043127890171863,0.7165876883414315,4.385385385385384,42.91732378422149,2.381381381381381,0.5596026490066225,0.9501600392159136,0.9130189928371112,0.9745460179527976,0.14996007520398094,-0.15024383892057008
8,2.0,1.0,2,9.584165057585297,99.64552316562587,6,0.5078129688038499,64790.43038791375,96.87388424484807,18093.651379456704,186.77532670957143,0.7650946238120778,0.9161596082691641,11.574837500832837,0.9997596577433611,0.10838709677419356,0.09655913978494624,1.1224944320712695,0.25311827956989247,0.0764516129032258,3.310829817158931,0.1853763440860215,0.1217204301075269,1.5229681978798584,0.04098714632521795,0.05964246211610262,0.07075626234616632,0.1312324850577626,0.05013166029427933,0.06795971820604203,0.07501128740134948,0.11953987442747206,-2.441202049509738,-2.393714265619823,-2.3654236834910103,-2.211479262136861,-2.1256689926130847,-2.0857723581876386,-2.0699919585668085,-1.9703433727895139,0.7290262049526421,4.473473473473474,52.56791122018419,2.425425425425425,0.5264900662251656,0.9505063372188843,0.9178377833823318,0.9768759225996637,0.15593468807523442,-0.09312183872889071
8,2.0,2.0,2,7.8021565918835005,64.58797399315928,7,0.5318220288281437,42332.17523232205,95.86292554998724,9242.123815999963,96.40978264512388,0.8320329265695285,0.8935826260878076,10.945759029874432,0.99942327302864,0.10516129032258063,0.09666666666666665,1.0878754171301446,0.2563440860215054,0.07666666666666666,3.3436185133239835,0.2741935483870968,0.05838709677419355,4.696132596685083,0.01800543687612561,0.026407434372621223,0.03166372019672204,0.0545480606909342,0.022515673761947116,0.03235863009624935,0.03792598810366732,0.0657540250374161,-2.154342806053178,-2.135910134893095,-2.124378664173249,-2.074173992817285,-1.6885061175658962,-1.6715033978912324,-1.6618863454210577,-1.6138162031781413,0.720476208866291,4.165165165165164,5.101615314749834,1.6766766766766759,0.5264900662251656,0.9758655233497924,0.9381586120572146,0.990612890471047,0.14794852196470915,-0.1438915722027809
8,2.0,3.0,2,11.263015508840345,150.66182206424833,4,0.39898909736261967,50799.34619100665,580.4264366745106,12007.176498660772,20.686818759418625,0.5642402339336561,0.853536650899493,52.297611198652504,0.9996708901157338,0.10193548387096774,0.11655913978494623,0.8745387453874539,0.25311827956989247,0.10655913978494622,2.3753784056508582,0.20881720430107525,0.03258064516129032,6.409240924092409,0.020371492816635847,0.02495894800407507,0.03441104764586621,0.06246462791427402,0.026125083365484882,0.031653185514580184,0.04513852082285144,0.08038226511003405,-2.109246981037074,-2.0993696898661898,-2.079018288811894,-2.0186158719216873,-1.5341936821777882,-1.5254849874093837,-1.5042408667542428,-1.4487196402618912,0.7070511785517676,4.165165165165164,5.646141419303673,1.4124124124124113,0.5231788079470199,0.9683072204652085,0.9472752666160388,0.9916312581051872,0.12393122261916584,-0.12136323791809822
8,2.0,4.0,2,7.086839355980425,63.33905941892493,5,0.5899875482168717,41494.64188413919,883.7207240294418,7948.752864759708,8.9946434983626,0.8729306300511158,0.9107333277156552,8.707038391558829,0.9994721060405113,0.11806451612903228,0.07666666666666666,1.5399719495091169,0.2918279569892473,0.18623655913978493,1.5669745958429562,0.18161290322580645,0.03645161290322581,4.982300884955752,0.02854463644143296,0.043679375074876174,0.05704040768379418,0.10483614098036012,0.03849765150556208,0.05840062024773114,0.077157420735279,0.14353303675510093,-2.2859031269365224,-2.2502900173018987,-2.218850563297602,-2.1063838249426627,-1.601165536321527,-1.5680216259916708,-1.5367864006598275,-1.4262527665096196,0.7412377374883304,4.143143143143144,11.483124145435111,1.4784784784784788,0.5364238410596026,0.9404311188732554,0.9313401090979896,0.9820375830015045,0.16368232652998402,-0.1472137513478286
8,2.0,5.0,2,9.225138538863211,105.21919943663967,5,0.5616848379081585,60837.309118001634,508.9060125293607,11841.322521882012,23.268191434855257,0.8272344550547064,0.8966209255143072,23.79930976373733,0.9997107980675598,0.10193548387096774,0.11333333333333333,0.8994307400379506,0.2563440860215054,0.12333333333333334,2.0784655623365302,0.2488172043010753,0.0858064516129032,2.899749373433585,0.08001538965524638,0.07942788187175315,0.10077714989187576,0.14172973540654615,0.10934760596019118,0.1094598399580915,0.14310911430046144,0.2082654115354491,-1.8554818383969396,-1.8566667604162113,-1.8136082367963853,-1.7310125305166972,-1.149711340332326,-1.149566461476085,-1.1061298159741282,-1.022021880794895,0.7451024885384805,4.451451451451451,74.96781874966877,2.2052052052052047,0.4735099337748344,0.9063456102344127,0.9002059669131217,0.9697319051737205,0.1788023016537314,-0.11490090429573979
8,2.0,6.0,2,14.12044331085665,218.08446022859766,4,0.4457731957161668,100473.75791507793,1213.5385690701487,19040.314035595777,15.689912558926794,0.7970076239211583,0.9288487269367584,9.119987436769593,0.999907631268102,0.1374193548387097,0.16333333333333333,0.8413429888084268,0.31440860215053756,0.10989247311827957,2.86105675146771,0.2721505376344086,0.0489247311827957,5.562637362637362,0.029744925239098514,0.037953812779507407,0.044097198559102574,0.06733918271342199,0.044754712016315305,0.051642704310460696,0.06252757194509126,0.0900328675944198,-2.0474438979741323,-2.0301214050122605,-2.017157558643889,-1.9681120448697924,-1.3299101206530013,-1.32032053065115,-1.3051664170309523,-1.2668730367696304,0.7006509227376334,4.231231231231231,6.248788072006888,1.3243243243243243,0.4900662251655629,0.9575501397556523,0.9391819367620794,0.9855964206838755,0.1475540297987852,-0.08833110116656033
8,2.0,7.0,2,10.30054393411474,118.67292221970912,5,0.5434075320998165,92383.49789165436,1043.2039853253073,17909.724441082377,17.167998486410596,0.8216268047389799,0.9249191691747211,38.83968698342718,0.9995193940439365,0.11483870967741935,0.13333333333333336,0.861290322580645,0.2854838709677419,0.11612903225806451,2.4583333333333335,0.19817204301075267,0.048817204301075265,4.059471365638767,0.02685788103189096,0.04101817481475234,0.043759791102540496,0.0649655629013966,0.03836675257493434,0.05243668674706188,0.05857630426361373,0.08516664076396939,-2.1468944086542816,-2.115654721300534,-2.1096063131963105,-2.062823266795608,-1.5238269967668339,-1.5015314432472049,-1.4918024587860335,-1.4496667768918674,0.6878031321824064,4.2972972972972965,6.573820143409585,1.5225225225225214,0.5231788079470199,0.954437495471939,0.9472653809980859,0.989117881528085,0.1307035937016979,-0.10828212637347934
8,2.0,8.0,2,9.534886117068677,109.14025262725892,5,0.5071959852458602,71762.39427225034,104.61100767166867,18214.354612024203,174.1150861407591,0.8066000894269945,0.9197854384361961,6.991258314592546,0.9996645156658869,0.10193548387096774,0.05,2.0387096774193547,0.2631182795698925,0.08,3.288978494623656,0.17258064516129032,0.02924731182795699,5.900735294117647,0.033555398919660154,0.030929311469642198,0.03573677981605289,0.07250151471068357,0.04048903956977337,0.03712393009583529,0.04340003088559002,0.08641899768785916,-2.7317847395440666,-2.7392077264515913,-2.725618775103645,-2.62169834176865,-2.0856293337909175,-2.092943863087296,-2.079301892907954,-1.9857942387254934,0.7470492472594571,4.495495495495494,67.73775997517745,2.2272272272272264,0.5529801324503312,0.9402784277256188,0.9217717494439438,0.9833397889574315,0.16865199397850525,-0.12154199899138005
8,2.0,9.0,2,6.17478520103482,48.048746018000216,4,0.4685543050349067,37429.46059505788,472.1419463960156,6716.687408822573,14.225991696126187,0.6159441701298849,0.8923726273289452,11.767325877834928,0.9987363074561962,0.10193548387096774,0.07322580645161289,1.392070484581498,0.26924731182795697,0.0832258064516129,3.235142118863049,0.3296774193548387,0.09215053763440859,3.577596266044341,0.04899722194303288,0.06732710900876204,0.08495585719457728,0.1361988415216931,0.07622649204942614,0.0910071767228248,0.1182857563263947,0.18916613101826432,-2.471926906095302,-2.424282312337081,-2.378460178094393,-2.24526507642958,-1.6605928975144408,-1.6340228565056878,-1.584986360920891,-1.4575704459011904,0.7091772143932261,4.385385385385384,17.22805447131392,1.896896896896896,0.543046357615894,0.9322211581681801,0.9174430935157388,0.979023067420373,0.16774733658834193,-0.17064117874095014
8,2.0,10.0,2,7.639714644223917,63.33099352653309,6,0.47462043660988673,63469.02028252218,993.6979294775341,10394.230513357532,10.460151123412931,0.7923214231183328,0.8560484671665883,8.246759739246128,0.9997799159568764,0.10838709677419356,0.11333333333333333,0.9563567362428844,0.2627956989247312,0.08,3.28494623655914,0.21204301075268814,0.04903225806451613,4.324561403508771,0.04829371732092745,0.05092783282623292,0.05716039764246917,0.08498307063199138,0.06810851512246738,0.07251276873517909,0.07986039475998807,0.12077042620073149,-2.1645447249188505,-2.158553737021003,-2.144378496675082,-2.0810990782781764,-1.44311625637242,-1.4362958807290838,-1.424917432986812,-1.3615646366807033,0.7132007413281257,4.495495495495494,9.862658461312831,1.808808808808809,0.5231788079470199,0.9477336690601079,0.9325958748185955,0.9853241256086722,0.1442037323125573,-0.11987067994352746
8,2.0,11.0,2,9.555782421961789,96.92451897628908,3,0.4666805240874067,58936.67232262622,392.1250623525074,17414.46528179082,44.41048775947862,0.6816306927747016,0.9366374181266991,16.809546599621466,0.9997625121992778,0.10193548387096774,0.09666666666666665,1.0545050055617353,0.10870967741935482,0.06999999999999999,1.552995391705069,0.18752688172043008,0.09225806451612902,2.0326340326340326,0.06409767532107755,0.08467558347294069,0.08802893783597204,0.15090618571545014,0.07792491249009592,0.08543321801959258,0.10109057302479055,0.1704595757810771,-2.6870977921770125,-2.628015930636106,-2.6183880123505308,-2.437859222646887,-2.0635436047218425,-2.046740509108955,-2.0117003749317166,-1.856457093833821,0.7836606308623876,4.143143143143144,160.400310705682,2.447447447447446,0.5662251655629139,0.9103884222857654,0.8860206985328963,0.9528972621978921,0.18332377928840865,-0.09921280114280129
8,2.0,12.0,2,6.995698471567281,68.11077126743042,4,0.5615547888225065,42296.38188426579,631.8655058245281,7428.551066145356,11.756538373544794,0.7364671567528055,0.8445562503018791,20.599842605546193,0.9978764509147064,0.10193548387096774,0.09666666666666665,1.0545050055617353,0.26301075268817203,0.05311827956989247,4.951417004048583,0.23483870967741932,0.07483870967741935,3.1379310344827585,0.0286535307413404,0.038604622442474604,0.04905134780878285,0.08391483761263008,0.03599358704711395,0.044852212079174045,0.06095280185842947,0.10160154580456911,-3.2917115113592392,-3.2579891227575546,-3.2225871243639945,-3.1044412780100505,-2.5931145829582354,-2.5692854575012487,-2.525975917658119,-2.416633438926267,0.6622930573602405,4.2092092092092095,24.569164629827903,2.1391391391391394,0.5264900662251656,0.941619912912303,0.9377318720205774,0.9810452728381105,0.13649219668537682,-0.1926226713048237
8,2.0,13.0,2,6.090850474641278,44.594921396165354,5,0.5624070075448961,36998.27414319838,1083.383153081301,7921.353079940212,7.311681981956909,0.8410596529889781,0.895097454226577,117.57473981222148,0.9982679488656827,0.10193548387096774,0.07999999999999999,1.274193548387097,0.2595698924731183,0.056666666666666664,4.580645161290323,0.23268817204301073,0.07870967741935483,2.9562841530054644,0.0329973579622124,0.039928565004717705,0.04864929068173126,0.07547366835129361,0.04389652460054446,0.05506574923943671,0.06834216525152646,0.1100363356228503,-2.946949421487829,-2.9258265044489686,-2.899250012956999,-2.8175024759611293,-1.9291363387591574,-1.9066001199491076,-1.8798122070961545,-1.7956856023433254,0.7134020673662137,4.341341341341341,15.566543592710588,1.918918918918919,0.5761589403973509,0.920639582823401,0.9107849995518833,0.9779677839898063,0.1649565780014752,-0.16378099498182203
8,2.0,14.0,2,7.255219093561089,63.36873971587622,5,0.43233584632606936,44054.33355469418,654.6083323085095,11758.612857230171,17.962821853737832,0.5826664904525712,0.8527652450631397,11.14321520918369,0.9956298342227131,0.15516129032258066,0.06311827956989247,2.4582623509369683,0.15451612903225803,0.07978494623655914,1.9366576819407004,0.19225806451612906,0.12236559139784946,1.5711775043936733,0.11734879319381382,0.14841690044124528,0.19234402749774468,0.3096036540016185,0.12389976539103839,0.15428885404625373,0.18679351772704572,0.29560239241804304,-3.2975935055354966,-3.181522754259782,-3.017410579732214,-2.57932747302028,-3.208773198739247,-3.0974712159764084,-2.978420804239546,-2.5799013345474897,0.748414495249165,4.737737737737737,58.17880074344935,2.447447447447446,0.543046357615894,0.8709272475959524,0.8870913899389662,0.924293568083837,0.18049467460496585,-0.15077546426189284
8,2.0,15.0,2,6.426244642004829,47.33012916137191,6,0.4976682092280731,28733.27926642714,5.25505405584545,5255.649635183257,1000.1133345787649,0.7305951974170142,0.8826549225594316,33.79808437001304,0.9996703450946484,0.10193548387096774,0.09,1.1326164874551972,0.2597849462365591,0.08634408602150537,3.008717310087173,0.169247311827957,0.06827956989247311,2.478740157480315,0.020621686596613363,0.026629102728240518,0.035956779688639876,0.06541880561425209,0.02563069172533904,0.03236067057962568,0.04584105207081869,0.0754424813835332,-2.2427471914306976,-2.2289903872697576,-2.207630284621771,-2.140163122040941,-1.7171508188026428,-1.7052904403998932,-1.6815336903475313,-1.6293664903440106,0.6748204912859439,4.011011011011011,36.86095362172154,2.3153153153153148,0.5066225165562914,0.9417877425268895,0.9083650152396293,0.9729415083299113,0.167560039919298,-0.1856137851639966
8,2.0,16.0,2,10.977449937552732,146.62261187417766,5,0.5055411751388812,67950.46172665177,162.8511587658017,12421.553825249795,76.27550162607923,0.8769310114711557,0.9378892320824169,5.793865761075746,0.9998049221428132,0.10193548387096774,0.12989247311827956,0.7847682119205298,0.25311827956989247,0.0832258064516129,3.041343669250646,0.2750537634408602,0.052365591397849465,5.252566735112936,0.017582314280916812,0.023775246520477217,0.03263186074603329,0.05311589866687272,0.028100852671702856,0.03713801065302864,0.05102610653792575,0.08475525654481536,-2.1750418354877654,-2.1613308784262326,-2.141722613284649,-2.0963715980441893,-1.2876593551176356,-1.2756861158671238,-1.257285918027545,-1.212598508160041,0.6802890199035451,4.31931931931932,10.375666787451848,1.6546546546546546,0.5364238410596026,0.9673927959467411,0.9387331075733475,0.988595713629211,0.1448624262687496,-0.12216192477919396
8,2.0,17.0,2,9.42580387670688,101.75121932231416,4,0.5718863336590585,82590.18454759479,6.6823255277012406,21169.51396672485,3167.986037041702,0.8485249169641372,0.9230032072880744,35.07752629259449,0.9995038010518066,0.10838709677419356,0.11333333333333333,0.9563567362428844,0.26623655913978495,0.06333333333333332,4.203735144312394,0.19935483870967743,0.06161290322580645,3.2356020942408383,0.02815980512568141,0.03804906707746427,0.044942900575467355,0.06702680505827752,0.03274037213306156,0.04323741244839569,0.05458025511372389,0.0783459176681736,-2.722513385589443,-2.694809604474677,-2.6754972174430156,-2.61363136143332,-2.0987745864983025,-2.075997949479082,-2.0513860777139614,-1.9998189832508446,0.7082156351388054,4.495495495495494,9.375015015145289,1.896896896896896,0.5927152317880795,0.963053329321129,0.9358979933765457,0.9880113703314658,0.13949168802000206,-0.10201736374772385
8,2.0,18.0,2,10.726893906497677,131.2649427075432,4,0.46003939408448347,76153.46674039913,1553.8282574207924,20709.17701428119,13.327841680943852,0.7153054314761131,0.8860898350029845,46.65489089601788,0.9988029192193275,0.10838709677419356,0.13655913978494624,0.7937007874015748,0.2887096774193548,0.0832258064516129,3.4689922480620154,0.23473118279569896,0.06526881720430108,3.5963756177924218,0.039385578019044486,0.037485837988964314,0.04879414488689563,0.08255248968488155,0.03596214746605389,0.03806163548755082,0.053186943758422534,0.08420612272328719,-2.717895209282269,-2.7232702007549023,-2.6912752687200485,-2.5957617707959417,-2.3410298697290894,-2.3359315593706906,-2.299201882877283,-2.2238761845135215,0.7538309886587798,4.2092092092092095,47.498148032284945,2.3153153153153148,0.5728476821192053,0.9461332665981629,0.9267477275747947,0.9823725278613465,0.14876767383096096,-0.13087946617532675
8,2.0,19.0,2,13.959286939457128,215.9706973485429,3,0.4004844141112842,49260.17360873401,1584.4394174052964,13389.55375402517,8.450656810818378,0.7759242841471506,0.9089569760136362,10.741676454001679,0.9994001505624898,0.10516129032258063,0.13666666666666666,0.7694728560188827,0.2756989247311828,0.06,4.594982078853047,0.25032258064516133,0.03569892473118279,7.012048192771087,0.024713812796381546,0.0230210816504702,0.026005089509630975,0.04066628547492295,0.029148207314288088,0.02900777502912628,0.03235855837000006,0.05020994544124286,-2.017723612170105,-2.0212256238329114,-2.0150521506561883,-1.984720293535724,-1.5211425392361055,-1.521362570269113,-1.5161125216850067,-1.488142748684621,0.7282915595549438,3.944944944944944,5.939826693920351,1.1921921921921912,0.5364238410596026,0.9774234595890278,0.9502578998469053,0.9930207081625306,0.13483663818597308,-0.11085674467230809
8,3.0,0.0,2,8.820239648511295,88.83287442508473,4,0.5636856991908578,84644.25530043442,6353.140136311157,12931.754765419144,2.0354902438729687,0.8838770206203623,0.8377950801264802,25.902829835279487,0.9993417136829887,0.10516129032258063,0.09989247311827956,1.0527448869752423,0.26924731182795697,0.06,4.487455197132617,0.21118279569892473,0.0521505376344086,4.049484536082474,0.019293700241469897,0.023138044110066487,0.03384203683284914,0.053807514092608734,0.025835426924021822,0.03279899062881724,0.042290470233031494,0.07298373186104716,-2.323171506204413,-2.3140647327108868,-2.2887083024500523,-2.2414125647872414,-1.5678911349432691,-1.5566834703431423,-1.5414071945061418,-1.4920072325909728,0.6764376848543985,4.2972972972972965,4.381689931514194,1.7207207207207202,0.5496688741721855,0.9495563295358179,0.9313259578756159,0.9856619835251688,0.14305393722930193,-0.13585838752028945
8,3.0,1.0,2,6.520842456512096,51.815836170280214,6,0.5183541472639895,40923.31338031547,58.919160301852386,8600.276164412497,145.96739193756142,0.6714254776327838,0.8953136959115835,6.469992791602757,0.9983300357462684,0.10193548387096774,0.14666666666666667,0.6950146627565982,0.2563440860215054,0.09333333333333334,2.7465437788018434,0.21946236559139787,0.035483870967741936,6.1848484848484855,0.03302626538946733,0.04638848284116024,0.052536034529575296,0.08391979377004606,0.03917161447985419,0.05510760395661363,0.06402134452450206,0.09496835750442822,-2.2085606722567492,-2.178041468992311,-2.1640005075848454,-2.0923202396259697,-1.6720336423260456,-1.64430183201481,-1.6287901398821845,-1.5749361451295987,0.6660585914726457,4.275275275275274,6.248788072006888,1.4344344344344344,0.5033112582781457,0.9618552954362982,0.9335782369051331,0.9818820420883514,0.15278121943701503,-0.15704662970081415
8,3.0,2.0,2,8.884014934836754,87.9555613820077,6,0.534687336049405,74555.79793549782,116.13269480884155,12232.147490091424,105.32905923027072,0.8621975532658558,0.8705053487135491,6.509380597182203,0.9989901952631943,0.10516129032258063,0.10999999999999999,0.9560117302052786,0.2890322580645161,0.04666666666666667,6.193548387096773,0.16397849462365593,0.06483870967741935,2.5290215588723055,0.039243362414065064,0.04219713948237393,0.05563211357123024,0.0804311228408864,0.04238072787435203,0.046892377490295165,0.057552242439689344,0.0831615317545034,-2.657066276704457,-2.648897317854663,-2.611741585400298,-2.5431575042206442,-2.4655605374982295,-2.453944495950322,-2.426498784361888,-2.360563130218436,0.6529124012676291,4.451451451451451,17.22805447131392,1.984984984984985,0.5231788079470199,0.9686562336946143,0.9465958080073397,0.9854482881800695,0.1285970223449837,-0.1344258182016892
8,3.0,3.0,2,7.943365582116349,71.31342527813543,6,0.4778669409922811,48105.542077584374,1229.3282339690684,8268.557755051947,6.726078134849049,0.7479030052109444,0.8622431025264197,6.949112312652392,0.9985885401675686,0.10193548387096774,0.11333333333333333,0.8994307400379506,0.26602150537634406,0.10666666666666666,2.4939516129032255,0.3364516129032258,0.04935483870967742,6.816993464052287,0.023645586544766742,0.0326865880837573,0.043041667038444885,0.06893846936059171,0.03192240553922087,0.037554260918647636,0.05207011839241056,0.08604833053929288,-2.133250957493803,-2.113497141744151,-2.090872179137758,-2.0342898791159425,-1.6758809202248244,-1.6661313722238669,-1.6410023446333333,-1.5821811945869582,0.7122077218810507,4.341341341341341,11.483124145435111,1.4564564564564557,0.5264900662251656,0.96919342821576,0.9365427964728196,0.9832031724650732,0.1556509843503356,-0.161805960328239
8,3.0,4.0,2,10.502618176907982,131.91677143133865,5,0.5523225916600608,57478.47609873675,280.3207778984687,11463.198402006454,40.89314565957144,0.8871577113448964,0.8761330316031442,938.5367744416922,0.9996680411877125,0.10193548387096774,0.11666666666666665,0.8737327188940093,0.25311827956989247,0.11666666666666667,2.169585253456221,0.28440860215053765,0.039462365591397854,7.20708446866485,0.034460447223420766,0.044499802049301554,0.05138870259535171,0.0791045002594156,0.03793596128479295,0.06468862718507139,0.07254346030730159,0.10952395853116584,-2.0316576385681095,-2.010533147230968,-1.9960377416564672,-1.937719041121334,-1.284528950744727,-1.2488093182923996,-1.2383216998566793,-1.1889460671857448,0.7189545874084788,4.231231231231231,5.939826693920351,1.1921921921921912,0.5298013245033113,0.949619918542714,0.9365675530237204,0.9820050986009423,0.13839367672138836,-0.138481880547941
8,3.0,5.0,2,8.766584280664889,99.44686618413769,4,0.4427136520591318,42452.51388566069,309.2082931748028,9755.830354024247,31.550998370244372,0.5997229947545439,0.8356258769733726,91.81963582220428,0.998432013440229,0.10193548387096774,0.09666666666666665,1.0545050055617353,0.2532258064516129,0.09989247311827956,2.534983853606028,0.20311827956989248,0.03892473118279569,5.218232044198896,0.021889319948839053,0.02484866623875223,0.029341675437762563,0.05249388669592753,0.024678290984514316,0.029820604472919274,0.03574973589334935,0.05891658187788286,-2.60156461703033,-2.593693390640107,-2.5817429498622535,-2.520163033761038,-2.1147560130277747,-2.103606114209819,-2.090750185537788,-2.0405183221476717,0.685551478597888,4.31931931931932,4.165044248545185,1.6106106106106102,0.5463576158940397,0.9372279561687336,0.9170453501392798,0.9686991636358975,0.15489270845214329,-0.16717656634290182
8,3.0,6.0,2,6.862880250253742,54.81825755166263,6,0.5984232346255318,70041.0451409551,1410.4553517631703,11571.437370973565,8.20404372000038,0.846459400525215,0.8917032806926447,6.338678443844901,0.997512926206262,0.10193548387096774,0.1332258064516129,0.7651331719128329,0.2759139784946236,0.09666666666666665,2.8542825361512794,0.238494623655914,0.05193548387096775,4.592132505175983,0.05943543666905063,0.05664156034454226,0.07115728287239703,0.10359864553744642,0.05812250012762447,0.060930274652623226,0.07287462087125522,0.10834747409140337,-3.23623927294348,-3.245852278405966,-3.195907433414751,-3.0842850993214626,-2.9860878400914657,-2.977186192724421,-2.9393183521547797,-2.8268567468309596,0.6997620066262534,4.341341341341341,23.354381399064817,2.1391391391391394,0.5562913907284768,0.9313906093590343,0.9206633061177287,0.9769036291790756,0.14382068148051638,-0.13811046033454727
8,3.0,7.0,2,7.155781204328871,59.84441766565579,7,0.6248828421415162,70324.33893458007,179.457093475356,17492.174847197406,97.4727413023633,0.7356273098080671,0.9461894985520682,7.753323679994406,0.9995589274442632,0.10516129032258063,0.17666666666666667,0.5952525867315885,0.2595698924731183,0.12000000000000002,2.1630824372759854,0.2460215053763441,0.035806451612903224,6.8708708708708714,0.048738834555795425,0.04816836081945932,0.05717594380409706,0.07470099127584741,0.05441645898934141,0.06219961198717566,0.07744693507547777,0.10089929881474079,-2.1860848378258217,-2.187395838453919,-2.1666955919774646,-2.1264214359918356,-1.4359872158182967,-1.4241675217152223,-1.4010125490653693,-1.3653971929919044,0.7275152226095473,4.67167167167167,5.366976945540476,1.5665665665665658,0.5,0.9511220757790856,0.9274712827901129,0.9806485182058882,0.16303980841425872,-0.1296516555819285
8,3.0,8.0,2,6.376904015482247,46.35884810041103,5,0.5978770891157386,61860.02562977329,2215.9178589358253,11001.67297090043,4.964837900708055,0.8195036053195978,0.9167279806097917,7.414736378331692,0.9991844870547132,0.10838709677419356,0.14666666666666667,0.7390029325513198,0.2756989247311828,0.08333333333333333,3.3083870967741937,0.2118279569892473,0.06161290322580645,3.43804537521815,0.03530996134403903,0.03675597661846509,0.03857832662446534,0.0525827141082359,0.032367453394705495,0.03839229763913547,0.04225346881887944,0.05901124344609932,-2.638631943112232,-2.6346767845219716,-2.6296922705903647,-2.5913872993792166,-2.1348439373358574,-2.1215515958848203,-2.113032868488754,-2.07606094800957,0.6855376619303607,4.517517517517517,4.27336709002969,1.6766766766766759,0.5198675496688742,0.9629824332961631,0.9420113497984861,0.985316336793387,0.1413026263864758,-0.1344309082903179
8,3.0,9.0,2,12.345882691859195,177.3379915720236,5,0.5034067093461247,59791.27423874789,222.52578259592283,18833.716638159312,84.63611011025554,0.795897240076245,0.8684208506503919,77.85611325320397,0.9997657077263913,0.11483870967741935,0.17333333333333334,0.662531017369727,0.2789247311827957,0.09333333333333334,2.988479262672811,0.22505376344086025,0.03236559139784946,6.953488372093025,0.02928612564500517,0.036114346226192584,0.05161535861035265,0.0683207430944538,0.03867499564427602,0.04795106432268664,0.06374188293290509,0.08581877620373905,-2.24700693314856,-2.231200979002504,-2.19531926017864,-2.156649662732503,-1.6240333051980071,-1.6083625961175343,-1.581686066095804,-1.544390032200207,0.6729701708033347,4.1871871871871855,4.609604486828429,1.39039039039039,0.5165562913907285,0.92330349177955,0.9283092483145007,0.9760540292300962,0.1446421420256607,-0.09919652893155859
8,3.0,10.0,2,9.94305847597628,119.24284649024597,6,0.5401118378698102,50081.49555046843,1363.4832408222271,19330.169855900833,14.17704983615646,0.7699757700614154,0.9122385726351019,19.576938853972614,0.9997205702812836,0.11161290322580646,0.1,1.1161290322580646,0.26301075268817203,0.049892473118279566,5.2715517241379315,0.22225806451612903,0.048709677419354835,4.562913907284768,0.039676798287875466,0.04778302206729963,0.04977307197755832,0.06523460416073824,0.05435888564338062,0.06200590545849828,0.06361901264305515,0.08779419985800063,-2.3244512561959865,-2.3048302348424516,-2.300013341940618,-2.2625888812571398,-1.6371710567006363,-1.6239319120386102,-1.6211391692593276,-1.5792851125799539,0.6739854436120128,4.1871871871871855,4.381689931514194,1.6326326326326315,0.5,0.9489404318664791,0.9300624867693414,0.9892352096268253,0.15249625876850592,-0.1267805749114128
8,3.0,11.0,2,10.458655446909413,133.0282300069285,5,0.4200877743215272,35558.94868180402,1614.8017383052184,5598.757173633196,3.4671483444829923,0.6426701387591722,0.9041810237237033,65.67714726731255,0.9992593197140468,0.11161290322580646,0.09666666666666668,1.1546162402669633,0.26623655913978495,0.06,4.437275985663082,0.2258064516129032,0.0453763440860215,4.976303317535545,0.026589700095243984,0.030283558056947702,0.036713888310824616,0.07076584311136379,0.032589291771788216,0.036921373068924714,0.04529639944232719,0.0817693606554758,-2.0722162967460784,-2.0643527343132004,-2.0506637121743894,-1.9781731953998674,-1.6710540621666037,-1.6635710541870101,-1.6491044768347103,-1.5861030137786498,0.7100531085261215,3.988988988988989,6.915758828738525,1.588588588588589,0.5860927152317881,0.9502437201913234,0.9206145668807443,0.9770636335217224,0.16193680152066794,-0.1477821026696816
8,3.0,12.0,2,10.842261309956173,139.3448179767881,4,0.40547364389572726,51872.84368519249,65.10787963380345,12200.886499050826,187.39492927237384,0.7855565471346699,0.8868331462896762,66.23728701668709,0.9988616212329271,0.10838709677419356,0.09322580645161291,1.1626297577854672,0.29258064516129034,0.07989247311827957,3.6621803499327052,0.1910752688172043,0.09107526881720429,2.0979929161747344,0.045359784512852365,0.05042244866152179,0.06533247030730513,0.10107588896873268,0.04140995201382888,0.05354514918115698,0.06886917016009259,0.10749018240221474,-2.9440722304206615,-2.9284591767379835,-2.8824772665165272,-2.772245993420925,-2.6650105710884495,-2.6312730742292723,-2.588670213928104,-2.4812985526975084,0.6997377761686147,4.2972972972972965,8.911482322840202,1.874874874874875,0.5132450331125827,0.9621671812998693,0.9259965634394807,0.9787619965406568,0.1550512111981285,-0.13757840565244658
8,3.0,13.0,2,7.074493684225516,57.251507394056446,5,0.5450379571038357,51266.926381744575,136.2718124429949,11964.8582760946,87.80141734079986,0.7770310993386367,0.8788320087619212,6.880833667311787,0.9993188846657037,0.10516129032258063,0.14333333333333334,0.7336834208552137,0.26924731182795697,0.09333333333333334,2.8847926267281103,0.2978494623655914,0.04956989247311828,6.008676789587852,0.029686017791032134,0.0312737455357618,0.04233644699585701,0.06051939987141496,0.04336617249395913,0.045996094598640284,0.05799269289653526,0.08553613029079218,-2.0805934985875627,-2.077189017065312,-2.0534678452006236,-2.014479090806005,-1.3476985637542553,-1.3439935492112254,-1.3270928314745762,-1.2882898433826036,0.7001173327418074,4.385385385385384,4.8493740673352335,1.39039039039039,0.5298013245033113,0.9569040733110952,0.9440262260621809,0.9874586118602627,0.1542233038854186,-0.15141610060533886
8,3.0,14.0,2,5.286909616824442,32.68243145088277,7,0.4268693684390834,36833.36682878913,1837.0454614748162,7886.503125447365,4.293036449471384,0.765747008057186,0.8747320669332883,5.759530145299431,0.9983303497897623,0.10838709677419356,0.08333333333333333,1.3006451612903227,0.2627956989247312,0.07967741935483871,3.2982456140350878,0.1943010752688172,0.05838709677419355,3.32780847145488,0.028532754112106744,0.03523713535706845,0.0418486527622787,0.07946627042397228,0.036393256733199784,0.04405925075205509,0.05280437628928862,0.0973129491586737,-2.5823454895150846,-2.5645239636312214,-2.5469492875703823,-2.4469544748722014,-2.0099505524062424,-1.9939603478745633,-1.9757192240683576,-1.8828804895423326,0.6715346760580899,4.1871871871871855,13.369837418249451,1.786786786786786,0.5463576158940397,0.9107568470079777,0.9169796251077525,0.9667306692873869,0.14685075132685205,-0.1700789539525598
8,3.0,15.0,2,7.712445426860772,73.63244388299906,5,0.4542621809213764,36008.52645803314,865.7684328998004,11790.442950031787,13.618471755248615,0.5923000478885482,0.9050557311760614,18.660370462310627,0.9994178700579364,0.11161290322580646,0.1064516129032258,1.0484848484848486,0.30258064516129035,0.07989247311827956,3.78734858681023,0.20720430107526883,0.0889247311827957,2.3301088270858523,0.12511096511213604,0.1831466029687822,0.16546858242119766,0.2359826506576073,0.1494771917365853,0.18325152625864075,0.1621546602691376,0.24679911286782752,-2.10635986555864,-1.9666347878875008,-2.0091959259279673,-1.8394281069616758,-1.6865568553268935,-1.6195835362473248,-1.6614178805057207,-1.4935709040240512,0.7281051271521499,4.6056056056056045,20.0586777950823,2.0290290290290294,0.5231788079470199,0.9694695622150059,0.9279039280121454,0.9772573448961867,0.15760747269130543,-0.13283009394182999
8,3.0,16.0,2,7.268719889012672,60.648729089811155,6,0.5618824662738313,42708.45425402583,1955.9111292833084,8733.553828113752,4.46520994607456,0.7270467126086029,0.9041965861297763,318.81052866276696,0.9989786304019144,0.1309677419354839,0.09,1.4551971326164879,0.28215053763440856,0.07301075268817205,3.8645066273932245,0.2243010752688172,0.06526881720430108,3.4365733113673804,0.053351081406307566,0.05473363986778082,0.07279736413505875,0.12458504779643949,0.07016181676952847,0.06655257400714228,0.09667088840402663,0.14759935797202436,-1.9633241984323315,-1.9604568096572086,-1.922993135140534,-1.8155868829217139,-1.3895521210813406,-1.3949457809959585,-1.34993690912087,-1.2738292979387025,0.6820695330544414,4.165165165165164,6.411304107708236,1.6986986986986992,0.5165562913907285,0.9586303962389883,0.9340650069847746,0.9832900662195216,0.14645315445211599,-0.1257356714571907
8,3.0,17.0,2,6.8198737332815025,55.1995059120242,6,0.5793028193535226,47611.95889827496,688.5805265383713,11752.148373530179,17.06720989135508,0.7182872799542454,0.9129819365119201,16.147827603880845,0.9993634992282753,0.1374193548387097,0.14666666666666667,0.9369501466275661,0.301505376344086,0.09,3.350059737156511,0.2646236559139785,0.03924731182795699,6.742465753424659,0.04294707416427742,0.057033667153012314,0.06100664648013353,0.07892528996451618,0.06657119839506422,0.07824730438497308,0.08263618804299112,0.10612649023620517,-2.0117095852397195,-1.9820997973441723,-1.9737486598275613,-1.9360839645124632,-1.254691632099932,-1.2389969026724046,-1.2330974751097377,-1.2015223988461294,0.6995994564744994,4.451451451451451,6.915758828738525,1.4124124124124113,0.5529801324503312,0.9440133912792686,0.9367474444895881,0.985208469227878,0.14563970894052433,-0.13708801183482183
8,3.0,18.0,2,7.799449862234555,69.92334727209847,6,0.4866703971589902,55794.1372442989,63.219434878403064,15479.90527917516,244.859912287248,0.7112323640431708,0.8624055965905384,9.263239385237599,0.9986173173788291,0.1374193548387097,0.07989247311827957,1.720053835800808,0.3150537634408602,0.1232258064516129,2.5567190226876093,0.29591397849462364,0.09838709677419355,3.0076502732240433,0.06661753357735015,0.09119003736524542,0.12227880236258179,0.20642267364589525,0.07124667013270136,0.08642088132896748,0.1196763322044285,0.2075282461396433,-2.8829451362658824,-2.8070478671081505,-2.7110237750924777,-2.4511279947565248,-2.5571201128579215,-2.5153412256131564,-2.423779581028851,-2.1818984605499625,0.7650664059057759,4.451451451451451,101.62650893929931,2.3373373373373365,0.5993377483443708,0.9849808852725892,0.9358412908873897,0.985359440708481,0.16058342393167077,-0.16321205787608623
8,3.0,19.0,2,8.428874146080153,83.27887443174349,4,0.5864544802879265,50372.27208658797,625.0229369246856,7536.173397439443,12.057434939139748,0.9093173391293232,0.9164649585818786,4.914824123495038,0.9998781739747248,0.10193548387096774,0.11000000000000001,0.9266862170087975,0.2595698924731183,0.06999999999999999,3.7081413210445473,0.28838709677419355,0.05849462365591398,4.93014705882353,0.020089424521417196,0.021138492354458808,0.02217754105557088,0.035552166433492224,0.02397747220050389,0.02808968055143025,0.030426842510541657,0.047817417067460365,-1.9168071460592964,-1.9147550601145222,-1.912722572635323,-1.8865604123915223,-1.3174217927061016,-1.311871190395853,-1.3087165213074676,-1.2852429628019906,0.6649305098091776,4.363363363363364,4.062077257506822,1.2362362362362358,0.5298013245033113,0.9565232037583514,0.9414814531019845,0.9765232395789528,0.12463046317880622,-0.13393216573812095
8,4.0,0.0,2,10.986182777814543,145.78860654703465,4,0.5728238033476474,59906.535202332765,465.70129235694117,13599.862503338767,29.202973507994958,0.9241555338517169,0.9276630058205347,240.06619846279074,0.9993249945622734,0.10193548387096774,0.12,0.8494623655913979,0.26602150537634406,0.10333333333333332,2.574401664932362,0.2378494623655914,0.07247311827956988,3.281899109792285,0.02287479683238166,0.028974606024314193,0.04084631936880149,0.059070211818397146,0.03556617109268123,0.04401738392495279,0.059543937637061305,0.08929890968558726,-2.1620159425176877,-2.1485193254244823,-2.122251623565421,-2.0819289035260375,-1.3634282469403696,-1.3514806960031749,-1.329530675924856,-1.2874658207093925,0.7428630738170324,4.385385385385384,8.470868266557403,1.5445445445445445,0.543046357615894,0.9109957536962829,0.9053212606015112,0.9736087100808055,0.15214369731273938,-0.1264323710906017
8,4.0,1.0,2,9.800276043637563,113.32745207373272,5,0.5209451650614108,39423.80577038383,244.01351952410974,9102.70921478316,37.304118364162065,0.7655731557986996,0.8814343523367733,12.15469883811714,0.9995158237892117,0.10193548387096774,0.13999999999999999,0.7281105990783411,0.26602150537634406,0.08666666666666667,3.0694789081885854,0.22215053763440862,0.042473118279569885,5.230379746835444,0.02041618715684385,0.024358249848841895,0.028162125084216817,0.04637246694218564,0.03313393918241105,0.03952133506640503,0.0472514027316004,0.07642327205514701,-1.6024180964928858,-1.5959696103987424,-1.5897471734474062,-1.5599584193316793,-0.908664145516792,-0.9026612482612,-0.8953965033141675,-0.8679806772900406,0.7317897888760735,4.0990990990990985,7.275483529196232,1.4564564564564557,0.5629139072847682,0.9723396045163682,0.9502655722915213,0.9932929357486525,0.15203569452288082,-0.12816937703482778
8,4.0,2.0,2,7.730161045684373,65.02645894757772,6,0.5319866676617873,52701.340803566774,1810.2812544703784,16439.694701083015,9.08129311977694,0.6371310375506964,0.8907485944950131,545.5876562412626,0.9993951641571829,0.10516129032258063,0.11333333333333333,0.9278937381404174,0.2627956989247312,0.043225806451612905,6.079601990049752,0.21107526881720431,0.07494623655913978,2.81635581061693,0.026999183237077836,0.024890178311387193,0.025748961985475192,0.043567679826234766,0.030851225255645653,0.027055227173416515,0.02907800522427387,0.05211819043820918,-2.3119792126913654,-2.316990488595411,-2.3149499044885076,-2.2726102635191348,-1.8673125698880135,-1.8746265294357487,-1.8707291310394543,-1.82633633131283,0.697174911176233,4.385385385385384,9.862658461312831,1.6546546546546546,0.5231788079470199,0.948851174835947,0.931196205589393,0.981060849101347,0.15031332567097658,-0.13213423761727947
8,4.0,3.0,2,7.390654508566897,64.74991526711821,5,0.4763949326059709,42817.91732693285,368.9076251289037,8539.903816164831,23.14916590076125,0.7575719936599467,0.9129323292798074,14.33531512695263,0.9992481150093682,0.10193548387096774,0.06989247311827958,1.4584615384615383,0.2724731182795699,0.05623655913978494,4.845124282982792,0.22139784946236557,0.03569892473118279,6.201807228915664,0.017921534054187116,0.02024445554311688,0.026553246924340343,0.051118330304307937,0.01880931128347702,0.020641448748399273,0.028346121023843904,0.055764840789392416,-2.1625295480490707,-2.1574144920410245,-2.1435225798899586,-2.0894304472330143,-1.8436353512576218,-1.8401928059526795,-1.8257158991289457,-1.7741967381469812,0.6392053947312285,4.341341341341341,6.915758828738525,1.6106106106106102,0.5496688741721855,0.9699496312624996,0.9430802511844428,0.9884680178363157,0.14090930301131185,-0.1633360492888179
8,4.0,4.0,2,9.242458533100075,106.14582746413568,5,0.40018671217717283,45320.8696389446,3199.6758581152403,9563.773025202361,2.988981837315194,0.7445188460269518,0.8441586128745775,48.94998486896091,0.9993264144680816,0.11161290322580646,0.06666666666666667,1.6741935483870969,0.2918279569892473,0.07989247311827957,3.652759084791386,0.23236559139784946,0.10881720430107526,2.1353754940711465,0.032169032770197295,0.03871656006037102,0.054244715857413396,0.09617221332777844,0.03612299048918375,0.04501509290786254,0.0567907390111892,0.1040702674148043,-2.367487879899879,-2.3514714555162195,-2.3134868054156756,-2.2109246375820306,-2.008263504431558,-1.989736571442293,-1.9652016981368132,-1.8666935373830837,0.7213921686287915,4.363363363363364,25.847135074695583,2.1611611611611603,0.543046357615894,0.9238351738597229,0.9033552230650146,0.968211384577474,0.1720402048826632,-0.14039643253121942
8,4.0,5.0,2,9.75353915816989,114.22377284734051,4,0.41831337841733796,32928.34314778132,964.3067360019221,9579.507720993839,9.934087737176965,0.6946558717179545,0.8734953019571872,12.761729625570222,0.9976499905852223,0.10516129032258063,0.12978494623655915,0.8102734051367024,0.27602150537634407,0.11333333333333333,2.435483870967742,0.19838709677419356,0.06548387096774193,3.029556650246306,0.056261161886133226,0.05012411262852959,0.0708279760697123,0.09349343300866321,0.06270733584478136,0.058001697717873016,0.07406910139863292,0.11008153217280281,-2.4024726899545463,-2.418095754983602,-2.36539000156415,-2.3076906263747183,-1.975698131855666,-1.985617040657647,-1.9517489217126862,-1.8758391286191531,0.6924422603073153,4.231231231231231,12.708787092020595,1.6766766766766759,0.5066225165562914,0.926309007144615,0.912928896531836,0.9633907061696065,0.1525165456822711,-0.13673853395209165
8,4.0,6.0,2,8.278721945143902,75.74299437049164,6,0.6562948414990282,56169.09438259064,1908.8579037932082,13959.041933737291,7.312771634807612,0.8583519839712954,0.9339923929763396,11.678486943438164,0.9997436146845673,0.10193548387096774,0.18,0.5663082437275986,0.2564516129032258,0.10666666666666666,2.4042338709677424,0.25559139784946233,0.04204301075268817,6.079283887468031,0.02333720140753438,0.03241426697379929,0.03894377026671317,0.05656672659027504,0.0317682124496546,0.037484409433986995,0.04650066940192185,0.06807502378374572,-2.012235424846293,-1.9935337880967268,-1.980080938401226,-1.943772053639877,-1.49431054640908,-1.4854885127298816,-1.471573360870079,-1.4382768034762226,0.7343364272055999,4.451451451451451,3.9591102664684588,1.4344344344344344,0.5463576158940397,0.9752906440312964,0.9466188990883317,0.9906712488067257,0.13692011641294366,-0.11094779788103684
8,4.0,7.0,2,7.615104038618098,68.7394429608121,5,0.5346846567013234,64230.232290389744,1723.4832134828418,14564.73303424986,8.45075421698899,0.7692781883840308,0.8978131007359943,36.04839636321498,0.9994995620460316,0.10516129032258063,0.1,1.0516129032258064,0.26924731182795697,0.08279569892473118,3.2519480519480517,0.2609677419354839,0.08172043010752687,3.1934210526315794,0.01862651500339721,0.02258992059199749,0.026188476750109362,0.046381468684030244,0.02396361126278456,0.028774129437735864,0.032847454565146254,0.0551391558843358,-2.4852202901439227,-2.4751834019077448,-2.466070454680122,-2.414933926090228,-1.949871318541046,-1.9402611323585477,-1.9321236695255215,-1.8875905460217892,0.6865562206539909,4.473473473473474,14.796880626863963,1.786786786786786,0.5331125827814569,0.9435142834675623,0.9186200869743559,0.9755092561996983,0.16226691672566726,-0.16151729423239938
8,4.0,8.0,2,6.648194821479853,48.002870389373406,5,0.5895495453687036,49793.142054865646,290.6435116973916,19901.846072710356,68.47510875601964,0.8293551903053115,0.9558529198766806,53.2110726461371,0.9996845289005071,0.11806451612903228,0.09333333333333334,1.2649769585253459,0.26924731182795697,0.0964516129032258,2.7915273132664433,0.20193548387096777,0.07548387096774194,2.6752136752136755,0.04490622540390759,0.043152822004345434,0.052614750275590386,0.08536962383669211,0.058458058850734164,0.056619997218196355,0.07188414070675486,0.11246870786575161,-2.1605867041248876,-2.1645532047689353,-2.1431486924980008,-2.0690515240379335,-1.4641333471905709,-1.4669916025828962,-1.4432552818507351,-1.3801447441658694,0.6965859063175829,4.517517517517517,5.939826693920351,1.5005005005005003,0.4900662251655629,0.9749038355192939,0.9491852240132612,0.9939519854075503,0.153094979174223,-0.1241255126064951
8,4.0,9.0,2,7.515059982378307,65.72115814406165,7,0.44059075498567646,43389.793563394,1333.9487482363295,9765.846767330313,7.3210059833574235,0.721272775442614,0.9015357525481578,159.0683346995896,0.9991922844453737,0.10516129032258063,0.07666666666666666,1.3716690042075736,0.26924731182795697,0.06989247311827958,3.8523076923076918,0.276989247311828,0.0653763440860215,4.236842105263159,0.05190616786191943,0.05204791970437494,0.06194185838015741,0.09883995425807385,0.0602838424300868,0.06692398846597715,0.07501389311407264,0.12082328529463358,-2.3895807872244106,-2.389223515119263,-2.3642867789353463,-2.2712886198858397,-1.8085486377182862,-1.7957692181342757,-1.7801996379874159,-1.6920362993500333,0.6892509317305723,4.363363363363364,8.911482322840202,1.786786786786786,0.5066225165562914,0.9438662861892355,0.9351926208907759,0.9824689295083705,0.1368069889820063,-0.15241860001392216
8,4.0,10.0,2,10.502819725876408,131.93755991847806,5,0.5626838920533723,38052.50562207628,1347.6570598570293,24779.77582092715,18.387300863882977,0.8586479711679211,0.9287000452120482,33.49367715391146,0.9998551028658363,0.10193548387096774,0.12333333333333334,0.8265039232781167,0.25311827956989247,0.08989247311827957,2.8157894736842106,0.24182795698924728,0.025806451612903226,9.370833333333332,0.02829040606506682,0.030173189993205344,0.03446653916572226,0.057788790167873326,0.04096106930909578,0.047322467426814986,0.050713489477491394,0.0842166012611664,-1.9602295864682862,-1.9564314467937372,-1.9477704742917303,-1.9007225016023535,-1.2093517271754026,-1.201329980033843,-1.197053888373079,-1.154806337408543,0.7288220200401424,4.517517517517517,27.19157943036019,1.874874874874875,0.5298013245033113,0.9478101309079909,0.932604350600932,0.9844329510985446,0.16206637683810665,-0.09688380946746397
8,4.0,11.0,2,7.871063353405214,73.85062786354662,6,0.45999650267990144,34341.590894946756,26.42992591243708,7228.049905284645,273.4797641594355,0.6661107696948863,0.892507117685982,8.045026284577833,0.9997015019878657,0.11161290322580646,0.1032258064516129,1.08125,0.2693548387096774,0.08655913978494624,3.111801242236025,0.2738709677419355,0.04892473118279569,5.597802197802199,0.06105818093087702,0.0716782398898191,0.08476128405450652,0.11404745984081838,0.07517816169191813,0.0848046523077246,0.10729141240489574,0.13874755843261333,-1.7917802336320563,-1.7715140027153153,-1.7465476635301433,-1.6906609303727993,-1.3236828263418463,-1.3099045830324154,-1.2777196400220419,-1.2326969572143285,0.7293004643701343,3.922922922922923,9.375015015145289,1.5445445445445445,0.5397350993377483,0.9591521708143593,0.9249958999510061,0.9801744881054587,0.17388785558069317,-0.14857035255820475
8,4.0,12.0,2,5.160985828820257,29.11360721804943,6,0.38483639288370375,23460.684517008754,277.1232170694926,4201.766280933561,15.162086834030609,0.546018941691994,0.8642479848287835,4.161509116105834,0.9958608475145486,0.10193548387096774,0.09333333333333334,1.0921658986175113,0.2896774193548387,0.03333333333333333,8.69032258064516,0.16870967741935483,0.07774193548387097,2.1701244813278007,0.022015081577161137,0.03305626828363899,0.041606299737153365,0.07425597209655566,0.022438397661411688,0.03736351527236436,0.047192414583772976,0.08503977362561943,-2.7041827128973797,-2.673653217340659,-2.6500119046621275,-2.5597337440147814,-2.3326862385282006,-2.297071484045009,-2.27361747551117,-2.1833049945479783,0.6593503735824006,4.2092092092092095,8.05203967082547,1.8528528528528534,0.5132450331125827,0.9529719025365208,0.9245814840087224,0.975757647241687,0.14995830116593903,-0.20915077883808897
8,4.0,13.0,2,7.746350014147735,64.7691479073357,6,0.47600092038503283,48356.746909227135,958.1405721633602,9102.366888202798,9.500032826760279,0.8521106318602578,0.8897426388333411,35.096092518717235,0.998779881397743,0.10193548387096774,0.09,1.1326164874551972,0.2790322580645161,0.07311827956989247,3.8161764705882346,0.19333333333333336,0.08494623655913977,2.275949367088608,0.023651442082992167,0.023578739435023793,0.03353916446523169,0.058957964411377635,0.03141252095159875,0.030446498909824517,0.041563786766059624,0.07662327548734599,-2.220424756973987,-2.22059009829409,-2.1979379684294837,-2.140130198616821,-1.6332821125672272,-1.6349110687072814,-1.6161645251181687,-1.557045408835056,0.7174894420356158,4.1871871871871855,5.939826693920351,1.588588588588589,0.5695364238410596,0.9709902346914723,0.9461390835468998,0.9893679747911455,0.1412949817812122,-0.14619517133469
8,4.0,14.0,2,5.576725864764623,40.231105690883126,5,0.5478667154999887,33004.052049482554,133.61063922753542,6682.96887032695,50.018238884001065,0.7077645734715166,0.8880155669975012,26.52777648019377,0.9983664379059619,0.10516129032258063,0.09333333333333334,1.126728110599078,0.27301075268817204,0.03666666666666667,7.44574780058651,0.15559139784946235,0.06505376344086021,2.391735537190083,0.03569490398100209,0.031002841971712734,0.03405738999352256,0.0550594767899336,0.04148061535952286,0.032203875743907866,0.03708448077777111,0.06078538400728918,-2.756441638824472,-2.7698537789736277,-2.761122430990645,-2.7010884990049817,-2.382623714057336,-2.4056832161931117,-2.393551332916706,-2.3346372045390016,0.6687455888979134,4.231231231231231,7.65391938823014,1.8308308308308305,0.5132450331125827,0.9482272165911135,0.9355749622715374,0.9861645666392295,0.12448190580229425,-0.1511843425473386
8,4.0,15.0,2,9.849248840638419,108.67641866428507,6,0.2848054632655501,29540.82503577852,1211.2558310384231,11898.832934257796,9.823550590511333,0.711438114579885,0.8884971794570576,40.417573315061546,0.9992241854099531,0.12129032258064518,0.08978494623655914,1.3508982035928145,0.3080645161290322,0.09268817204301075,3.3236658932714613,0.22516129032258064,0.045913978494623656,4.903981264637002,0.04597824255717788,0.06231794783743577,0.12133945961476594,0.17995984335626583,0.046116895049466,0.0632927259703403,0.10011010400496796,0.16632565606782884,-2.2594696958842335,-2.2207713447906685,-2.080986988484576,-1.9421526489197762,-2.020558566101178,-1.9841759400572059,-1.906187695813054,-1.7659269026033133,0.7760197054908371,4.31931931931932,61.204983724766905,2.3373373373373365,0.5364238410596026,0.9597164403227832,0.914891278243725,0.977161263809096,0.16853914163121916,-0.12760780367299798
8,4.0,16.0,2,8.08378131198876,77.96185324274036,6,0.5021120202085172,42458.468055110854,466.3203770493377,9110.04285017759,19.536017078691216,0.7458334232503381,0.9158964196224926,58.33079078937275,0.9995878610184934,0.1438709677419355,0.1832258064516129,0.7852112676056339,0.29827956989247306,0.09,3.3142174432497007,0.30000000000000004,0.059354838709677414,5.054347826086958,0.06212567865730751,0.0755536313605181,0.08162477448383458,0.10679741622732439,0.10312990851450259,0.11211269304652942,0.12376769164940887,0.15884758495147122,-1.6625082525492219,-1.6387054021289562,-1.6279434851905852,-1.5833215953651945,-0.9284211585614794,-0.9191223679099603,-0.9070573571479276,-0.870743385379988,0.7218044424900278,4.033033033033034,5.101615314749834,1.39039039039039,0.5231788079470199,0.9748293031081723,0.9483039503339042,0.9912386470149186,0.15238988247550278,-0.1457466898572048
8,4.0,17.0,2,6.852095330508781,53.57514035143522,5,0.5064249565212937,35597.37970524697,1042.1214701187314,6905.49447329685,6.62638154121332,0.8523109959759653,0.8911631489251904,11.596892493945761,0.9993649414350053,0.10516129032258063,0.17666666666666667,0.5952525867315885,0.25311827956989247,0.09,2.812425328554361,0.2821505376344086,0.05247311827956989,5.3770491803278695,0.04406512843676652,0.06442076289551038,0.08745066457064418,0.108891523220155,0.06374849245151551,0.08999082306550059,0.11840927052451274,0.15157978965794294,-2.273865821719315,-2.225446224472634,-2.1706653938382123,-2.1196643924920524,-1.4259751103096265,-1.3860062451165083,-1.3427230050645882,-1.292202034685407,0.7567232385357032,4.2972972972972965,5.646141419303673,1.588588588588589,0.5827814569536424,0.9595382871890675,0.9466722523190166,0.9886015629023375,0.13807714536275886,-0.1623325526128945
8,4.0,18.0,2,8.307002350686963,80.51353925085134,6,0.5048013650318258,52691.13093192348,655.196854865138,8714.513672083853,13.300603639004951,0.7955262702922894,0.8952450281415049,5.857706137668644,0.9992336828728474,0.11806451612903228,0.09666666666666666,1.2213570634037823,0.2629032258064516,0.0832258064516129,3.1589147286821704,0.2719354838709677,0.06236559139784945,4.360344827586207,0.05091776482215418,0.04921778445535436,0.058403310321063384,0.10413882367144564,0.056783535386868714,0.05886760599583105,0.06918658591749202,0.12360995804728649,-2.3355581633896776,-2.339741576455604,-2.317137286621158,-2.2045886079049386,-1.867850883710877,-1.8637238001890017,-1.8432891317021929,-1.7355145671764802,0.6885894604995867,4.275275275275274,13.369837418249451,1.5665665665665658,0.5198675496688742,0.9604240147070927,0.9230101761026849,0.9769204268942833,0.172229797860068,-0.1468207552642747
8,4.0,19.0,2,8.232874438373882,76.00086401375786,5,0.5230918760317294,39792.51399140983,993.8217817107787,6087.837073315127,6.125682879314074,0.8314470931366915,0.8960084874855248,8.239396514777916,0.9991807513770441,0.10193548387096774,0.08333333333333333,1.2232258064516128,0.2564516129032258,0.08,3.2056451612903225,0.2274193548387097,0.0553763440860215,4.106796116504855,0.026582050836151384,0.03337745454924869,0.037266413428515124,0.06077942870540213,0.02721474703259617,0.03383675731321815,0.0415089734730976,0.06937056486520911,-2.088924895422953,-2.0743421686477466,-2.065996582841409,-2.015538377277663,-1.7196845222398867,-1.7079781681900474,-1.6944152658524791,-1.6451616948964731,0.6860104395981586,4.31931931931932,6.573820143409585,1.874874874874875,0.47019867549668876,0.9628309231901493,0.931680785216552,0.9816632137565623,0.1490516127547425,-0.14322714007545104
8,5.0,0.0,2,5.433449218818748,33.07402993990908,6,0.6400889275479773,82144.45466832265,2075.4449535357985,14545.769375342168,7.008506465354093,0.8587449568995272,0.8947621198935205,9.650639373731288,0.999122510710379,0.11161290322580646,0.13666666666666666,0.8166797797010229,0.27602150537634407,0.07666666666666666,3.6002805049088358,0.2518279569892473,0.048709677419354835,5.169977924944813,0.014383178688120238,0.021193281567455428,0.028607440846320838,0.042994380178445965,0.020092381761006337,0.02642295167010902,0.03919077656559005,0.05766686136037242,-2.6326395213655354,-2.614449342792041,-2.594645694646852,-2.556217347790081,-1.896237446358348,-1.883987042856023,-1.8592797875752987,-1.8235263724595754,0.687960713614279,4.561561561561561,5.366976945540476,1.6326326326326315,0.5099337748344371,0.9305895270722274,0.930276691095575,0.9814335169566463,0.13764631661845633,-0.1673260977159195
8,5.0,1.0,2,8.721097003964218,91.76426016692122,4,0.4122650012584801,53128.69085251955,12.55072471524737,11397.872467871013,908.144567462642,0.7321979571589543,0.8883848031281988,6.720065548955139,0.9987319002885003,0.10838709677419356,0.17333333333333334,0.6253101736972705,0.26924731182795697,0.10666666666666666,2.524193548387097,0.27774193548387094,0.04559139784946237,6.091981132075471,0.029503247016576695,0.026625968648471426,0.03134572680766893,0.04000668831868506,0.03763757043489571,0.03446167861427306,0.0403158144565779,0.05351962388529468,-2.327321726005068,-2.33422164858314,-2.3229033255989338,-2.3021337106252444,-1.6390596039853953,-1.6444686638467227,-1.6344981191947447,-1.612009886083742,0.7255748847764564,4.4074074074074066,2.996512177445874,1.4344344344344344,0.5198675496688742,0.9575950856658384,0.9318150394538636,0.9838403308293523,0.1566633599382754,-0.1501555351561676
8,5.0,2.0,2,10.04000640925254,112.62878992619973,5,0.5282997745124833,83601.86668676573,4301.598879571264,18956.30002350602,4.406803273436639,0.843160541497936,0.9288889402530041,9.28510058596907,0.9995511367817403,0.10193548387096774,0.10978494623655913,0.9285014691478942,0.2563440860215054,0.05602150537634408,4.5758157389635326,0.2670967741935484,0.05526881720430107,4.832684824902724,0.04653865733821421,0.05467519568604583,0.05713491617566385,0.09671211441880279,0.0541443167811499,0.05142429071699395,0.060094440136235994,0.10537666102510168,-2.6743827061523184,-2.6515603677189237,-2.644661048737581,-2.533650177291104,-2.2593405750386144,-2.2658378297054114,-2.245127671990993,-2.136963222807889,0.6892641173113414,4.75975975975976,14.065272421052393,2.095095095095095,0.5496688741721855,0.9371790689636166,0.9230482068674695,0.9721906066979769,0.13616620703340573,-0.11005929334897016
8,5.0,3.0,2,7.027524064604462,55.77434453891363,6,0.5457266731124641,71787.54831061086,209.0205329255381,11121.356094951681,53.20700286853433,0.784901646225985,0.9045532123151667,6.606815731684018,0.9998113383643764,0.10193548387096774,0.07333333333333333,1.3900293255131964,0.25989247311827957,0.0464516129032258,5.594907407407407,0.21236559139784944,0.058709677419354844,3.6172161172161164,0.01675210923914843,0.021250137905867696,0.027397773301795346,0.050506253268062275,0.021222435584144914,0.02657890684512249,0.03592336170166563,0.06750387757572772,-2.330742283648517,-2.3200799209777228,-2.305507244141716,-2.2507296932572234,-1.684189582968714,-1.674972664409088,-1.65889359384181,-1.6045527734209655,0.668220924828262,4.385385385385384,6.411304107708236,1.6986986986986992,0.5596026490066225,0.9706147884069593,0.9434717795573557,0.9878309258107664,0.13546067570332898,-0.13614461528316624
8,5.0,4.0,2,10.07326583998657,114.25931814643607,4,0.45123534299054924,63409.988376660825,971.1831791553911,12001.62102107888,12.357731557414667,0.7649672370638126,0.8642494511698519,5.003078491173073,0.9993642956699249,0.10193548387096774,0.09333333333333332,1.0921658986175116,0.25311827956989247,0.06322580645161291,4.003401360544217,0.21580645161290324,0.07204301075268818,2.9955223880597015,0.013407032968968677,0.01846378214202367,0.022964033074484077,0.04492187019164794,0.01808184743997656,0.023651760322643496,0.02928295625074433,0.05575025594497679,-2.3113506048774255,-2.29950385484937,-2.28896084667636,-2.237518902735399,-1.7140777076786373,-1.7043546330201231,-1.6945245800948736,-1.6483221463481768,0.696576845385027,4.165165165165164,3.4004119327037095,1.6986986986986992,0.5264900662251656,0.9597491111995348,0.9427972948285506,0.9896334352621428,0.13030586944738679,-0.14244833278197394
8,5.0,5.0,2,5.4610221308962155,33.50675042342089,4,0.5611983530461264,28491.31649827021,88.23699659628728,6671.608599350978,75.61010524730051,0.6732028451669503,0.9175689834529647,114.5607094648188,0.998968098633681,0.10193548387096774,0.11322580645161291,0.9002849002849002,0.26924731182795697,0.09666666666666665,2.7853170189099004,0.23483870967741938,0.06548387096774193,3.586206896551725,0.04421587699560562,0.051353446745349265,0.055404295921328055,0.08324862282993743,0.053319470505599986,0.06790772214848541,0.07567751536317502,0.11427108802651405,-2.014283723838413,-1.9992415294467785,-1.9907044975307744,-1.932023490864806,-1.3978834965643872,-1.3763422526283688,-1.3648692526371962,-1.307881370644574,0.744483417220306,4.341341341341341,5.101615314749834,1.4784784784784788,0.5364238410596026,0.9515769698877253,0.9280789662141486,0.9806371742583031,0.15822866008435543,-0.15826669524859244
8,5.0,6.0,2,6.2458895385735005,45.681955038657854,4,0.6190548989644566,65937.2134535044,947.7694007016671,11362.126219992017,11.98828133887867,0.8047314576142439,0.9178329966366373,7.780840610369738,0.9992788235216544,0.10193548387096774,0.12322580645161292,0.8272251308900522,0.25311827956989247,0.08978494623655914,2.8191616766467065,0.2189247311827957,0.05881720430107527,3.7221206581352835,0.02200753626971559,0.020769580798686647,0.02464468448127347,0.041407106276606424,0.027759605842087417,0.026226859497152106,0.031549871583473034,0.05033251981509159,-2.429526125854315,-2.4326014513512386,-2.4229749296893752,-2.3813337686429823,-1.8453908450055265,-1.8483001214454435,-1.838196614297442,-1.8025456299319864,0.7188342288901151,4.363363363363364,3.9591102664684588,1.4564564564564557,0.5827814569536424,0.9568037743747201,0.9495352549025416,0.9918501520796188,0.12367947186254376,-0.15057550345201
8,5.0,7.0,2,6.403557107445493,45.1157631063086,7,0.610029443223872,56850.962905230415,138.71305351676708,10973.331795394308,79.10814099458848,0.8177316139359344,0.9273595710756201,49.00322696389435,0.9986894757563163,0.10193548387096774,0.13999999999999999,0.7281105990783411,0.2661290322580645,0.05,5.32258064516129,0.2163440860215054,0.04580645161290322,4.723004694835682,0.014781162267374831,0.018568258390233253,0.020835447164744614,0.028997512802223985,0.018891791039066772,0.023605649403590254,0.02707312917533928,0.03741918772779889,-2.4715417295566176,-2.462041336605314,-2.456353816786993,-2.4358782787138114,-1.8173154223300687,-1.808583900744289,-1.8021610572615188,-1.7829969613993226,0.7270953132800462,4.451451451451451,6.915758828738525,1.786786786786786,0.5562913907284768,0.9255965324411994,0.9196393014963505,0.9781489241157177,0.14070553475232334,-0.1501236778082571
8,5.0,8.0,2,6.455743544712963,46.67169317894357,6,0.4489370824503157,59718.679320009884,3398.3127673615836,8474.09336326132,2.4936178460820493,0.8118932240388488,0.8201222781362789,6.010217164549265,0.9983769431934132,0.10516129032258063,0.09,1.168458781362007,0.2756989247311828,0.07311827956989247,3.7705882352941176,0.31967741935483873,0.05559139784946236,5.750483558994198,0.025098130939201928,0.03773026973387017,0.04161670841010547,0.060132172393805194,0.027454349633348054,0.042338887975022436,0.046843571887375736,0.06754698439631336,-2.8936854598262847,-2.856190982159672,-2.8446553277057904,-2.7896980744561017,-2.3969672272067903,-2.36028231623768,-2.3491799276734353,-2.2981536326542167,0.6872876817536689,4.451451451451451,10.915359353313933,1.7647647647647646,0.5033112582781457,0.9476254451469232,0.93777591941155,0.9871781333479397,0.13568598759499992,-0.1616196322806772
8,5.0,9.0,2,12.181225854376036,171.69878732940026,4,0.519532205089251,82541.4183401277,943.5274867350521,24956.350280022918,26.45005114411765,0.8854258478411062,0.9136153522706667,15.331585171834734,0.9998947689020737,0.10193548387096774,0.07666666666666666,1.329593267882188,0.26301075268817203,0.06978494623655915,3.7688751926040056,0.1996774193548387,0.042473118279569885,4.701265822784811,0.019786508515266768,0.025673133210316113,0.039502041357900385,0.07436970554166085,0.022442233936115746,0.030561564619224327,0.044036988609758736,0.08126747233686225,-2.8323170196674097,-2.8153076768487053,-2.775349185917824,-2.6745994211353317,-2.308710092985421,-2.2895345707328016,-2.257709497622829,-2.1697818103480535,0.7294800209270499,4.53953953953954,13.369837418249451,1.742742742742743,0.5364238410596026,0.952814056102466,0.9344876809810095,0.9859826052723824,0.14013643771017922,-0.11011731264116423
8,5.0,10.0,2,10.058668916552747,120.63022675407291,5,0.4788397822574877,50769.4417308463,442.9614539636859,15331.372160391864,34.61107512449318,0.8742445370498231,0.8874562093939115,4.616879217493012,0.9999036167734214,0.10193548387096774,0.07999999999999999,1.274193548387097,0.2627956989247312,0.10655913978494622,2.466195761856711,0.25451612903225806,0.055698924731182785,4.569498069498071,0.05367001872741463,0.055408504839797354,0.06039495839969893,0.09508100246465931,0.07259806735515947,0.07271668017939165,0.08280485949158294,0.12362600274012667,-1.958614120499518,-1.9550159850548117,-1.9446955486880966,-1.8729060280828829,-1.3087318765627096,-1.3085644924128847,-1.2943282466411161,-1.2367222297388833,0.7218763103009695,4.31931931931932,5.366976945540476,1.6106106106106102,0.5364238410596026,0.961761511493142,0.94039901549863,0.9916245958549781,0.15570698226154034,-0.11656114070028503
8,5.0,11.0,2,6.870896414737137,52.61158112228141,6,0.47150826341401764,33373.85959451295,965.9689680167411,5547.679202561756,5.743123626374724,0.7094499646460225,0.8406344836427371,6.762601206599162,0.9984882005092168,0.10838709677419356,0.16333333333333333,0.6635944700460831,0.2756989247311828,0.07666666666666666,3.596072931276298,0.2794623655913978,0.048709677419354835,5.737306843267108,0.023322584615605886,0.029211780580550815,0.04098186732987153,0.06247387226963145,0.033067532540263386,0.04143823041931815,0.05370218890831424,0.08148861215328809,-2.155072237399876,-2.142077524381284,-2.116106424010067,-2.068683577487596,-1.4635617661410654,-1.4508917671659687,-1.4323288774605578,-1.3902709798847372,0.7103972456275611,4.0990990990990985,5.101615314749834,1.5225225225225214,0.5562913907284768,0.930246733385038,0.9174590059980124,0.9813614955779864,0.16285871647397457,-0.15097394656625746
8,5.0,12.0,2,7.929184118189719,76.46129134411395,6,0.492713150891255,29210.994552248827,1495.139136800416,11352.69710275068,7.593070653641873,0.7098052882751062,0.883380225720879,29.404553700596374,0.9994829407953433,0.11483870967741935,0.09333333333333334,1.2304147465437787,0.2724731182795699,0.08655913978494624,3.1478260869565213,0.3129032258064516,0.042150537634408604,7.423469387755101,0.01853714768441283,0.03129470616833236,0.037373313111581145,0.06185166751460072,0.025633655623562852,0.04429546628909279,0.05378313146477234,0.08538322813062574,-2.108977910014924,-2.081564331431862,-2.0685025555972194,-2.015903204956809,-1.4413614034069187,-1.4137553456174365,-1.3997204249003996,-1.3529750093377988,0.7356012380983796,4.275275275275274,5.101615314749834,1.5665665665665658,0.5794701986754967,0.9438017740038888,0.9331876530301371,0.9804662176596713,0.1277908068766239,-0.14359429398596793
8,5.0,13.0,2,7.201717135629869,59.97027274422307,6,0.45876403710179836,54790.492356719406,153.99135766564822,11139.045725595763,72.33552515188076,0.7189494189151919,0.8575229222346653,7.473959507062144,0.9986074695697562,0.10193548387096774,0.09322580645161291,1.093425605536332,0.26924731182795697,0.07634408602150537,3.5267605633802814,0.24215053763440864,0.06483870967741935,3.7346600331674966,0.04720258657016701,0.06400199151522656,0.07783109688054674,0.11414490364742484,0.061234795900403656,0.07277209173799097,0.08746276302773306,0.13563136820757235,-2.5060629711393103,-2.461876907998734,-2.425503374242741,-2.3299902198230757,-2.0376179229992886,-2.0125758776838563,-1.9806893367360798,-1.876137940059149,0.6861793115043126,4.253253253253254,12.394604219396928,1.896896896896896,0.5231788079470199,0.9551656325511881,0.9197605937260325,0.9737265589166042,0.1645052289698955,-0.14831916508194057
8,5.0,14.0,2,4.912910060402122,27.834823394587616,6,0.6747119676859368,45574.41505891129,1750.5296101926333,8444.60749556078,4.824030080034756,0.8040794419047315,0.8906486002509723,14.565505191011864,0.9991877324231113,0.10838709677419356,0.11333333333333333,0.9563567362428844,0.26602150537634406,0.07,3.8003072196620575,0.268494623655914,0.052365591397849465,5.1273100616016425,0.03004424986944726,0.03186124614496432,0.03604760023431326,0.05905494162977183,0.042503676407583395,0.048855414455665255,0.05524934655826702,0.08592700468964137,-2.21859457523843,-2.2144385319554782,-2.204863020421672,-2.1522379776774514,-1.3672013122547733,-1.3581317164971056,-1.3490018721877857,-1.3051974904678072,0.6906865255922142,4.275275275275274,4.062077257506822,1.5005005005005003,0.5132450331125827,0.8937486036003799,0.9164228267515134,0.9738338286715633,0.13856738399285917,-0.14893110388354677
8,5.0,15.0,2,6.687577566309581,47.955324026170864,4,0.538067453803443,43788.83294741389,323.5789941444998,6182.407598951313,19.10633171753557,0.7032885925788599,0.9052019227640251,17.947537329380246,0.9992743190215575,0.10193548387096774,0.08666666666666666,1.1761786600496278,0.25311827956989247,0.09,2.812425328554361,0.22505376344086025,0.05258064516129033,4.280163599182004,0.033905042778213206,0.042713230263807085,0.048778773045406724,0.06594910481286222,0.04090193305034293,0.05174872268277568,0.06262118566271206,0.08532909542837148,-2.149178997205627,-2.129584265439377,-2.1160908328783026,-2.0778936389753473,-1.5252588380004868,-1.5080091298414269,-1.4907185932191156,-1.4546060816250246,0.7302564734704923,4.42942942942943,6.915758828738525,1.6986986986986992,0.5364238410596026,0.9570899030511243,0.9373483150622045,0.9878708915347341,0.1537550628536053,-0.13098613736587147
8,5.0,16.0,2,5.218715888025898,32.7914979858828,4,0.5653989805651628,32818.65607672136,473.1495664221989,6615.732411745783,13.982327959786101,0.7586422449964276,0.9253953711941163,12.248845342948703,0.9979632388988704,0.10193548387096774,0.056666666666666664,1.7988614800759013,0.2596774193548387,0.056666666666666664,4.582542694497153,0.26903225806451614,0.08172043010752687,3.2921052631578953,0.026201357690578207,0.03457013577002569,0.0354944995464158,0.06950163090027249,0.03434291728215032,0.0442078553773576,0.04500479141438117,0.09186914762191169,-2.1770883742415283,-2.158378582841364,-2.156312014308904,-2.080283431915111,-1.520240001159909,-1.5047095672515378,-1.5034549458506992,-1.4296760959770207,0.654215359927959,4.275275275275274,5.366976945540476,1.896896896896896,0.5397350993377483,0.9544905642881887,0.9339100408015104,0.9859835895636698,0.1356258108650324,-0.17278449427889672
8,5.0,17.0,2,7.4149856029707095,66.03627058419626,5,0.5281739197674589,47822.338202382474,515.3971979565266,8151.019244616898,15.815024367486822,0.751325616897856,0.8950459986890633,8.392615230904722,0.9995458032374055,0.10193548387096774,0.16322580645161291,0.6245059288537549,0.2563440860215054,0.0532258064516129,4.816161616161616,0.27215053763440855,0.08247311827956989,3.2998696219035195,0.030633416314456704,0.037302270540228416,0.04582490869646643,0.06186475854354752,0.06333194563511803,0.07130610244119745,0.0834764545989764,0.11199476436722818,-2.186131164915167,-2.1710914572312,-2.1518710661075353,-2.115697737852351,-1.1224434646728603,-1.1128877419688021,-1.0983035654522573,-1.0641290355601332,0.702800024101379,4.253253253253254,6.573820143409585,1.5225225225225214,0.5331125827814569,0.9483112296384053,0.9253986503019476,0.9788747708640094,0.16105367523753011,-0.16643780070933692
8,5.0,18.0,2,8.59190144853638,81.84173310248948,6,0.5311879713940423,67906.00584449215,1196.6341744007443,13430.637545364543,11.223678742160608,0.8720799427390189,0.8986888827987164,14.212130126691155,0.9994264943653923,0.10193548387096774,0.12666666666666665,0.8047538200339559,0.2627956989247312,0.07666666666666666,3.4277699859747552,0.26483870967741935,0.04559139784946237,5.808962264150943,0.028022191771727552,0.03183830431643415,0.03780262743773728,0.06082144148036207,0.03681515100602135,0.04414606159253855,0.05303972754427795,0.08294788107242929,-2.0667082673360815,-2.0585940992157146,-2.045912208950823,-1.9969674975763099,-1.3480568934261037,-1.3377966774752748,-1.3253492560830116,-1.2834903205158859,0.7149926443201016,4.363363363363364,4.609604486828429,1.4564564564564557,0.5331125827814569,0.921688199240173,0.912829960681672,0.9701405826181106,0.15517026234549355,-0.11944224103719478
8,5.0,19.0,2,7.724062182085709,68.53328669084125,6,0.5268448437396005,54119.60834033195,1332.025993172604,10098.375458504415,7.5812150140195245,0.8008423184441805,0.9083145666502107,39.09004827926646,0.9987601671517339,0.10838709677419356,0.10655913978494622,1.0171543895055501,0.3113978494623656,0.0596774193548387,5.218018018018019,0.2453763440860215,0.07193548387096774,3.4110612855007476,0.03886599693466829,0.04795979181135611,0.05639088695555345,0.0972297580462235,0.044514601187007743,0.052352129920461954,0.06245405143928915,0.10545024206761593,-2.850596221271156,-2.823625229474147,-2.798619717357651,-2.6774970318208133,-2.4351081641382155,-2.4151337822908197,-2.3893884683440656,-2.2798102634275366,0.7490093113708265,4.4074074074074066,40.79534503452449,2.0290290290290294,0.5,0.9431728198493046,0.9172789388084935,0.9754384525781945,0.16901820335844822,-0.1469422064291016
9,1.0,0.0,2,10.572260430972229,118.17250059731006,4,0.31262279514584446,4666.278974308534,1167.8194251071973,8160.01537254881,6.987394795047,0.8276237235820638,0.7405597141509643,2.3472229552676116,0.9996672419714108,0.127741935483871,0.14666666666666667,0.8709677419354841,0.2789247311827957,0.11000000000000001,2.5356793743890513,0.25053763440860216,0.062043010752688164,4.038128249566725,0.027476914829099322,0.03544128438861757,0.03849310191145882,0.056384271629991774,0.041097336521046725,0.057930332496220205,0.06112686047514016,0.08780417032367457,-1.518785535911042,-1.506347610812821,-1.5015815992058918,-1.47364102874194,-0.8943946732731245,-0.8786940787197614,-0.8757125898719339,-0.8508299352141397,0.7091415824052976,4.033033033033034,2.776153294436798,1.1041041041041042,0.5033112582781457,0.9639650282937012,0.9461942733603426,0.9911623072770661,0.13949511366744183,-0.1283156451356859
9,1.0,1.0,2,7.150709460328043,62.18533893013456,6,0.2485154572792735,2965.893563263605,178.31922160187597,2195.484480166172,12.312102197641462,0.6194070641686551,0.8018518049871498,14.887879740406706,0.9986924935190923,0.11161290322580646,0.11666666666666667,0.9566820276497696,0.2724731182795699,0.059784946236559146,4.557553956834532,0.22129032258064515,0.04258064516129032,5.196969696969697,0.022973361456715788,0.026912687754767954,0.03090552187202904,0.0563296488958371,0.036074829576524324,0.03877426492251021,0.04671931138603957,0.07437374563169134,-1.4543576986668272,-1.448493795572358,-1.4425502431564319,-1.4047050366796787,-0.9119118398961966,-0.9093580658807745,-0.9018417335336952,-0.8756795305038049,0.7024949292303085,3.4164164164164155,3.4004119327037095,1.3243243243243243,0.5397350993377483,0.9723340899665054,0.9490492118580103,0.9936381076592427,0.15561257776558682,-0.17828461525387018
9,1.0,2.0,2,8.40193443187943,88.78599099396621,4,0.14794838185865533,-530.6975032351372,545.3959844756813,1906.3112385584855,3.4952791968043653,0.7576169083461295,0.9357726520734115,11.035057614135786,0.9995087739953797,0.11161290322580646,0.19,0.5874363327674024,0.2789247311827957,0.12666666666666665,2.202037351443124,0.24376344086021504,0.04204301075268817,5.797953964194374,0.022207697645068285,0.03246129434805068,0.03791415962370395,0.050275380783936674,0.03467062576588782,0.04817868030213976,0.05633770673870719,0.07449161192501369,-1.3840677757739768,-1.3695537805745865,-1.3618352343194238,-1.3443378907262207,-0.8648953087136494,-0.852792648927168,-0.845482497721776,-0.8292173473497321,0.7482737264027481,3.7027027027027017,2.776153294436798,1.3463463463463456,0.4735099337748344,0.947327596649961,0.9439486759443049,0.9882490114092953,0.13977069429816513,-0.14479557506640844
9,1.0,3.0,2,5.445664312760302,32.99890697014567,6,0.2354079011659661,1965.2467745929357,315.6338449586033,2395.5112593297436,7.589525957344419,0.6451756936005479,0.8244279293794762,2.4792845708215974,0.999301533532666,0.10516129032258063,0.12333333333333334,0.8526591107236268,0.26602150537634406,0.08666666666666667,3.0694789081885854,0.2678494623655914,0.029677419354838707,9.02536231884058,0.016976504749954095,0.024075852282290686,0.030392312183196928,0.05457212034567504,0.02489258233410754,0.035572545491826695,0.04735912891759972,0.08121916166232636,-1.4921797947863735,-1.481403345398229,-1.4718152797169368,-1.435111557622601,-0.908132199059722,-0.8981857887949818,-0.8872087664362865,-0.8556744088469377,0.7668442763056356,3.9009009009009,2.4464027646856312,1.1701701701701699,0.5695364238410596,0.9684178624727505,0.9517430263582088,0.9914715155741279,0.13234368845197683,-0.21079122115528637
9,1.0,4.0,2,6.79611386355653,53.555105883986236,5,0.09753472709465827,1852.539351975407,422.34478788893625,1802.7780095178437,4.268498300947233,0.41721865337070385,0.8885389906341622,6.266279698546862,0.9994977469840451,0.1503225806451613,0.09333333333333334,1.6105990783410138,0.2886021505376344,0.09666666666666666,2.985539488320356,0.22795698924731184,0.04279569892473119,5.326633165829145,0.02917602746657657,0.03213362101418863,0.042936317413604645,0.07119596827972552,0.04875870662023798,0.051542950099730325,0.06584610437382703,0.11027485352728474,-1.4073904254551433,-1.4031028419600273,-1.3874423186192593,-1.3464746837225896,-0.8260449520465406,-0.8236271530217194,-0.8112064891284589,-0.7726251699412314,0.711716912204149,3.8568568568568558,4.609604486828429,1.1261261261261257,0.5231788079470199,0.9767690122310069,0.9518596187297426,0.9939530517320689,0.14613913054566316,-0.17451619123830303
9,1.0,5.0,2,7.977793915930865,75.52579180146796,4,0.34891765352086257,2698.2463871129466,100.35412016735064,3414.2515509085133,34.02203661608416,0.7600403381945979,0.8946249844868577,5.9742232860035545,0.9996366473804634,0.10838709677419356,0.12,0.903225806451613,0.26602150537634406,0.07666666666666666,3.46984572230014,0.24129032258064514,0.04526881720430107,5.330166270783848,0.026031232524175517,0.0323200737561009,0.04134299359251421,0.06135272144542953,0.04725132593715206,0.0541328911572282,0.06793849956181966,0.1013000168912412,-1.3319789030729083,-1.3233784180004673,-1.3110388653704914,-1.2836739885424722,-0.7329210871944044,-0.727627304689109,-0.7170070626496999,-0.6913430441974195,0.7219884071492384,3.68068068068068,4.8493740673352335,1.28028028028028,0.5364238410596026,0.9875540425050331,0.9492204145240154,0.9927520170877963,0.15418679538862437,-0.16539484889531506
9,1.0,6.0,2,5.92534289731489,43.29790401138636,7,0.2861835530631447,943.0925245967541,547.1559034009075,3333.4282733226983,6.092282387164992,0.7287050427615662,0.8590058996425247,3.296300065815283,0.9994714272334412,0.11161290322580646,0.12333333333333334,0.904969485614647,0.2789247311827957,0.11333333333333333,2.4611005692599623,0.23021505376344087,0.04924731182795699,4.67467248908297,0.03576735137063566,0.04381921329822846,0.049358311721985425,0.07364663425923218,0.03712876037420875,0.052367979554543365,0.05962799628153662,0.09066581953991003,-1.5483341181660788,-1.5354046943854425,-1.5265101863166957,-1.487508770516372,-1.1979702641373617,-1.1790101678384965,-1.1699775123824483,-1.1313613529242712,0.7469980426257505,3.922922922922923,10.915359353313933,1.5445445445445445,0.5463576158940397,0.9542796358991642,0.9302103324973107,0.9865639053378785,0.1554971542325287,-0.19157317865204287
9,1.0,7.0,2,9.125300681364376,99.48036193094471,5,0.14855707291687026,701.0730100962885,422.27651414422854,3368.737657054801,7.977563383750507,0.6225521387965449,0.7710284692638596,19.853611243247016,0.9978241646046666,0.11483870967741935,0.16333333333333333,0.7030941408821593,0.2854838709677419,0.11333333333333333,2.5189753320683113,0.23193548387096768,0.04548387096774194,5.099290780141843,0.05638601813299483,0.07274317567586795,0.09083694169934034,0.1092994243914131,0.05872771214411531,0.08916650685647413,0.11365813087389223,0.13330839503379752,-1.629912538304562,-1.6016586795418912,-1.5704051620299355,-1.538514757048334,-1.182236065861245,-1.1440050020398835,-1.1132435724318144,-1.0885628808898813,0.7356768259961977,3.966966966966966,6.915758828738525,1.4784784784784788,0.5629139072847682,0.9435199679242626,0.9194979971058675,0.9824242262960166,0.15748828836054443,-0.14811649582213102
9,1.0,8.0,2,11.737531777002415,159.14342731793107,5,0.38284680116792946,6498.769032477907,777.2237913248698,7225.321788670022,9.296320917240076,0.8771572433014982,0.8562767305441106,8.449392695139638,0.9999435546728871,0.127741935483871,0.13999999999999999,0.9124423963133643,0.2950537634408602,0.10666666666666666,2.7661290322580645,0.2703225806451613,0.04569892473118279,5.9152941176470595,0.0320613751078765,0.05115832890012802,0.06127722709906452,0.06738039940561424,0.03788002414501529,0.07015393684902861,0.07880555263372645,0.08712829349270276,-1.4909243061253223,-1.461509101638578,-1.4459228744873642,-1.4365221049527048,-1.0079277064430419,-0.9741171925507474,-0.9650536625609998,-0.9563346656418752,0.7018690305358952,3.944944944944944,3.4004119327037095,1.1701701701701699,0.5364238410596026,0.9850236770733785,0.9447741328591854,0.9945733202136429,0.16266029070175148,-0.12826413440169354
9,1.0,9.0,2,8.172897692424133,74.03147252819117,5,0.27713099639192695,-1651.5301183808824,149.87350375753988,4580.780469536365,30.564311600714902,0.7302775570656959,0.8769875513448286,12.142210858317716,0.9993079345544106,0.11483870967741935,0.05,2.2967741935483867,0.2918279569892473,0.059784946236559146,4.881294964028776,0.2434408602150538,0.07870967741935483,3.0928961748633883,0.02713918014089787,0.0354395699952108,0.04289785137401212,0.08995119663562712,0.03314514629080668,0.042785974738321624,0.052095060809596874,0.10953127901305475,-1.6923636386623278,-1.6779244941419478,-1.6649502598478545,-1.5830974716867336,-1.3185095217262022,-1.3053622286691198,-1.2926673359699132,-1.2143409974272918,0.7108211790220972,3.922922922922923,7.65391938823014,1.5665665665665658,0.5198675496688742,0.9559837509847293,0.9295144818954274,0.9834598768582663,0.15800042100453957,-0.1561669991755419
9,1.0,10.0,2,12.592539573003936,182.0269903786732,4,0.5219001968644501,2553.2068878950085,71.78567541869171,4197.725616330374,58.47581139060176,0.8607467892188254,0.9122557183793729,5.255092319916982,0.9999353643373295,0.127741935483871,0.12333333333333334,1.0357454228421972,0.2886021505376344,0.08645161290322581,3.338308457711442,0.22311827956989244,0.04935483870967742,4.520697167755991,0.02488574020038019,0.03896846231294507,0.041110226416169716,0.06036240957655732,0.037846843980151444,0.05828349984353056,0.06001170685772668,0.08366087250700716,-1.2572588704511498,-1.2391013805793893,-1.236339907357014,-1.2115171978020112,-0.7872399956286792,-0.7705185903390005,-0.7691045600738717,-0.7497546582979663,0.7607508769898583,3.724724724724725,3.9591102664684588,1.1481481481481488,0.5927152317880795,0.9922189729446348,0.9706489432686906,0.9968134160062384,0.14366090480708085,-0.12065848762163418
9,1.0,11.0,2,7.7012779088253405,66.43284549134103,7,0.5224724657975011,4946.9207549583125,285.0421135893465,3874.3202597697145,13.592097711397681,0.7346750543921238,0.7650433376821367,3.2430142965426216,0.9996251685234171,0.1309677419354839,0.19333333333333336,0.6774193548387099,0.26924731182795697,0.12999999999999998,2.0711331679073615,0.2611827956989247,0.07548387096774194,3.46011396011396,0.04452671245064107,0.06074753265060149,0.08172163931608527,0.11472845896347811,0.06544371987541661,0.09154670104185476,0.12057526089978739,0.16598745920663754,-1.1757535863518112,-1.1557931251100455,-1.1299835274438272,-1.089367126043401,-0.7001556488943692,-0.6805996840955144,-0.658851919304837,-0.6248297765516859,0.7074474201322472,3.834834834834835,2.3843904700937206,1.3463463463463456,0.4900662251655629,0.9794761273361092,0.9479390986898673,0.9901547960327679,0.15786453803023381,-0.14654810280843047
9,1.0,12.0,2,9.03869464209725,99.69356260100093,5,0.424362732165498,-454.7626138978426,850.5336980958981,5969.801946314239,7.018889386368723,0.6812364595106015,0.8560931676107149,8.032895311949012,0.9996490813972896,0.10516129032258063,0.10666666666666666,0.9858870967741935,0.2661290322580645,0.10655913978494622,2.497477295660949,0.2424731182795699,0.05559139784946236,4.361702127659575,0.04700581429796069,0.05425703611182093,0.06280901861258516,0.09698877642400276,0.06998738176855325,0.07810316362169631,0.0922993038330091,0.13885862227957552,-1.7936554130793598,-1.7800076978540165,-1.7639117867401877,-1.6995811659074611,-1.0910782605134113,-1.081556934701862,-1.0649022144710565,-1.010279450020857,0.726500176020015,3.966966966966966,5.792984056612012,1.5445445445445445,0.5066225165562914,0.9378110391718455,0.9252839387692434,0.9777069585111093,0.14484274500365937,-0.14688150085910523
9,1.0,13.0,2,5.9082509373792025,43.195285495751925,5,0.059640068679453706,1599.897190645985,132.94391300529324,1547.8686024401366,11.643019732528161,0.6706906272099837,0.8601027495598944,19.085585781652753,0.9991538578863103,0.11161290322580646,0.05333333333333333,2.092741935483871,0.2756989247311828,0.1032258064516129,2.6708333333333334,0.2634408602150538,0.03935483870967742,6.693989071038253,0.0291500349359385,0.032244854351005804,0.04366862187954757,0.09026764935762627,0.03924858441198275,0.04583348980495822,0.062275498456086896,0.12986946949124528,-1.5118153155548892,-1.506996038056881,-1.4892068560694784,-1.416642478496808,-0.9970341542291392,-0.9902005701483435,-0.9731376297005556,-0.9029909750627577,0.7310075233473865,3.79079079079079,9.862658461312831,1.3463463463463456,0.5331125827814569,0.9590253740214981,0.9405848253638697,0.9858895614359636,0.15051225773891758,-0.17349295053565414
9,1.0,14.0,2,5.13285467427368,29.67727343324816,7,0.173793242955542,2227.9585393593225,211.42307332938645,2575.3890862229405,12.181211093316264,0.7790182310530331,0.8141606741911164,2.89188016570073,0.9966810598199226,0.11161290322580646,0.11000000000000001,1.0146627565982405,0.2756989247311828,0.07978494623655914,3.4555256064690028,0.26397849462365597,0.08161290322580646,3.2345191040843218,0.0272755342966102,0.03345669419103098,0.039062866899592597,0.06765990194464212,0.04291946254188534,0.053201689628410556,0.06156889463059427,0.09769913217841884,-1.4499025107219763,-1.4406891316345962,-1.4323328044604804,-1.3897072569668854,-0.8867264958648569,-0.8772001050991056,-0.8694479650425601,-0.8359736254424306,0.7260464141229435,3.7687687687687688,3.7633583622865325,1.6106106106106102,0.5198675496688742,0.9362144927118823,0.93393994276411,0.9893708963509112,0.14894638931776077,-0.1917715740808445
9,1.0,15.0,2,11.338750213953828,145.2566461925649,5,0.4711410949440571,784.3063146112784,1410.2285222618325,7618.332946904649,5.402197464199478,0.944092261552026,0.7749179741572245,2.103351215470827,0.9999168381693762,0.11483870967741935,0.13666666666666666,0.8402832415420929,0.2724731182795699,0.06999999999999999,3.89247311827957,0.25473118279569895,0.029569892473118274,8.614545454545457,0.02491578974323531,0.039122383769064184,0.04808399365450645,0.06892770386162152,0.03549606965330443,0.052504606251476876,0.06407508483450461,0.09166800440921416,-1.4636374809195132,-1.4423128575960211,-1.42886114954892,-1.3975739692421802,-1.0142850762122175,-0.9963986744081994,-0.98423100626072,-0.9552139274773379,0.6780670341918548,3.57057057057057,20.0586777950823,1.4564564564564557,0.5298013245033113,0.9682081217543751,0.9326329097411082,0.9909844795232459,0.16016206980576092,-0.12027848756268256
9,1.0,16.0,2,10.346157350273065,136.80280762304147,3,0.1532097193336086,2801.700298778094,80.08578899445887,1471.8710021666489,18.3786789222803,0.6858778953996808,0.7172748345128199,7.060126223516414,0.9899553163123651,0.10516129032258063,0.08989247311827957,1.1698564593301435,0.2825806451612903,0.08279569892473118,3.4129870129870126,0.2873118279569893,0.12505376344086022,2.297506448839209,0.04549346994714443,0.05633998463375415,0.07521017294677274,0.14793703457452942,0.05579250017833069,0.07244786099369739,0.09137457106554789,0.16793828113793255,-2.640808646281398,-2.6107998733033533,-2.5585922090444004,-2.3573806730763276,-1.9904522073180815,-1.9553415989985257,-1.9154428353825839,-1.7540414424230675,0.7019056075548709,3.79079079079079,14.065272421052393,1.896896896896896,0.5629139072847682,0.9296072560047081,0.9141187671478289,0.9696354701178513,0.15214445321665004,-0.19277194351895088
9,1.0,17.0,2,5.5510330740506015,34.5792480636836,5,0.17774526397648294,1988.1639804974461,333.6455580550853,1794.7002983367374,5.379062466164858,0.49891311699518814,0.7026991215735767,28.644301327586373,0.9975688826921872,0.11806451612903228,0.13666666666666666,0.8638867033831631,0.2789247311827957,0.07333333333333333,3.803519061583578,0.25086021505376344,0.03913978494623656,6.40934065934066,0.039466705065909234,0.039846325441463645,0.05178998210188885,0.07067354609909536,0.06025841682433621,0.060762633826536454,0.07476428108884098,0.10795596065979775,-1.918153772112897,-1.9173956825607898,-1.8935445883854567,-1.85583472480945,-1.1234161993793392,-1.1228134320245522,-1.106075131161763,-1.0663960628070204,0.7042945720614233,3.834834834834835,5.101615314749834,1.3463463463463456,0.5397350993377483,0.93056594929657,0.9288781250660464,0.9736850077714128,0.13884596916990363,-0.18136671377883923
9,1.0,18.0,2,8.418364156396235,82.25876848319183,6,0.32487459063576074,4254.9437056426195,1476.01220359274,4641.267901857769,3.144464449928345,0.7091177374362688,0.7740751817371798,19.899080308846862,0.9997205689477561,0.11161290322580646,0.16333333333333333,0.6833443054641212,0.2595698924731183,0.10666666666666666,2.433467741935484,0.31086021505376343,0.05602150537634408,5.548944337811901,0.03614341527880447,0.04249509363424547,0.05865843843420642,0.08395788225978966,0.05514022048588209,0.0687003578906861,0.08939283056559943,0.13702582404798233,-1.4714233042614648,-1.4617268331250743,-1.4370518736025897,-1.3984297468049758,-0.765437427007998,-0.7544522661301103,-0.7376891512361057,-0.6991013345437781,0.6610593913452439,4.033033033033034,2.5084150592775414,1.1921921921921912,0.5,0.9719611137584566,0.951998534982005,0.9934694799497386,0.14651930020475679,-0.14799103962123922
9,1.0,19.0,2,11.489441964434436,156.79547033560823,4,0.1962375772136149,1084.1299241734653,258.8710316382975,2579.5152231819775,9.964480022570292,0.5341720126693039,0.8849545904502896,38.02847303341402,0.999743203065715,0.12451612903225809,0.13666666666666666,0.9110936270653032,0.28537634408602147,0.07666666666666666,3.7223001402524543,0.2293548387096774,0.046129032258064515,4.972027972027972,0.05114575596523989,0.07316315589397679,0.08706623577431713,0.11559869151631555,0.06950703114547312,0.09057454009589669,0.11000449009010878,0.15375595006902049,-1.4091084282030035,-1.3764111999387616,-1.355764248986567,-1.3133917517182656,-1.001993996899999,-0.9793076164494857,-0.9583846284141926,-0.9112712146412253,0.7465920548312844,3.3063063063063054,5.366976945540476,1.5665665665665658,0.5397350993377483,0.9612692524244384,0.9375654462508537,0.9852866260246798,0.1565042099205677,-0.14918425748605466
9,2.0,0.0,2,6.974227794316671,62.46719941703499,5,0.18465708837146955,883.7727512137988,185.91354625854112,4480.272702867734,24.098688842378554,0.661763859349852,0.87800860779817,1.1902917460465077,0.9987501975896328,0.10516129032258063,0.10978494623655914,0.9578844270323211,0.26602150537634406,0.10634408602150539,2.5015166835187053,0.24225806451612902,0.06602150537634408,3.669381107491857,0.03622970678447459,0.052671633376630896,0.05799195497659868,0.09328052782918723,0.03406819973871086,0.04976954294412908,0.07014081974350561,0.12097298603909298,-1.8549919560839425,-1.823345782939081,-1.8131056314826663,-1.7451848631792224,-1.216730169011546,-1.1969520666994893,-1.1712915106888253,-1.1072610788598674,0.7142063842210244,3.922922922922923,7.852979529527805,1.6986986986986992,0.5463576158940397,0.9603274872425277,0.9285787791372592,0.9840361565225983,0.16808805168718868,-0.17109309485980345
9,2.0,1.0,2,5.257399037854544,29.546053885280465,5,0.3669038092775191,3802.2615407555977,1159.2560941856398,2483.215146247273,2.142076421855427,0.8167393004788537,0.8984915333471021,2.855686856477804,0.9992370906029584,0.12129032258064518,0.13,0.9330024813895782,0.2886021505376344,0.07333333333333333,3.9354838709677415,0.2775268817204301,0.03903225806451612,7.110192837465566,0.01882341922150989,0.02198685575540863,0.023443569673956173,0.03545812054589854,0.028350847831710588,0.033256441543062794,0.03628467265844919,0.055524694037107046,-1.6454344697566399,-1.6401293823567404,-1.6376864711202628,-1.6175380528532337,-1.0045338698463804,-0.9994622500916963,-0.9963315308250351,-0.9764403457318351,0.716414763991213,3.834834834834835,2.5736529368675245,1.1041041041041042,0.5397350993377483,0.9681383764762855,0.9481426149511172,0.9909272156980697,0.12988191371843452,-0.16953313423191663
9,2.0,2.0,2,8.238129792065495,76.92094018737515,5,0.29483708936253883,9322.538033819365,3544.8683659722287,7538.0406397559045,2.1264656008428378,0.8509197307512089,0.8853210940831407,5.586267398838168,0.9998742513809917,0.12129032258064518,0.11989247311827958,1.0116591928251122,0.2886021505376344,0.11655913978494623,2.4760147601476015,0.22032258064516128,0.04204301075268817,5.240409207161125,0.014826751405502691,0.018701506367140353,0.023259971041513557,0.04158624755285579,0.019242756941316316,0.02649614644583237,0.0318467906375053,0.05992423765637887,-1.6275085609277398,-1.6211074564716865,-1.6135768619363464,-1.5833018093456572,-1.0608751557331224,-1.0530292379235344,-1.0472415004071531,-1.0168704109356743,0.7034962209472545,4.231231231231231,13.369837418249451,1.786786786786786,0.5562913907284768,0.9813527804649668,0.9565284395765792,0.9931474499837365,0.14612843453120686,-0.16052640951621933
9,2.0,3.0,2,5.9423016868074106,40.02487983454521,5,0.31822229669770574,303.6580890111736,494.75376681251305,4113.597427745105,8.314433772272729,0.46900635968938775,0.8470009866870073,2.3391751038733988,0.9993320593580336,0.10838709677419356,0.09,1.2043010752688175,0.2724731182795699,0.0732258064516129,3.7209985315712184,0.26956989247311824,0.08559139784946238,3.149497487437185,0.05148610891806182,0.06059541814574241,0.07614022061991768,0.11165773318486273,0.05942201160438709,0.07234929148696656,0.0903386782506909,0.13602868611973676,-1.5068690624730665,-1.4923974386152072,-1.4677019838086671,-1.4112766205500802,-1.1584182384372006,-1.142496967714178,-1.1203411933047158,-1.0640692636159041,0.7195538945749282,3.6146146146146148,18.124175473742394,1.742742742742743,0.5298013245033113,0.9900206089706253,0.9534697603317859,0.9938570449917518,0.15469842295178285,-0.20175842607654929
9,2.0,4.0,2,7.277267524538478,58.64966826010581,5,0.11859970488952165,845.857014290858,507.2324285965985,2879.706830579358,5.6772924368161535,0.695121158938854,0.9496068435445634,30.650654577196995,0.9995070096890378,0.10516129032258063,0.09,1.168458781362007,0.26924731182795697,0.06999999999999999,3.846390168970814,0.17870967741935484,0.07881720430107526,2.267394270122783,0.02125116431921513,0.025830504203910913,0.031124577116692274,0.05832339828649647,0.028954769616227855,0.034387619807767854,0.04395310819156836,0.07886861527985402,-1.6205886508536531,-1.6130062906249665,-1.604240492734359,-1.5592053424511674,-1.0938187228385234,-1.0876989736528602,-1.0769240787664909,-1.0375940515179412,0.7311977540550008,3.9009009009009,6.248788072006888,1.5005005005005003,0.5794701986754967,0.9813076106559471,0.9422116586270316,0.9926176595984846,0.16663476852960069,-0.1506655139459425
9,2.0,5.0,2,7.690311399204005,68.38185987124952,5,0.3052669301978127,4259.019537892875,540.4839953279596,5364.938328982099,9.92617427224041,0.7029212504816924,0.8895819046915745,7.837663954006373,0.9987636803669802,0.10838709677419356,0.1432258064516129,0.7567567567567569,0.2693548387096774,0.09666666666666665,2.7864293659621806,0.238494623655914,0.05849462365591398,4.077205882352942,0.024682679059024923,0.0324425702479274,0.0472202826363063,0.07312125651136223,0.040280215880463904,0.04810172333079731,0.06878957104027866,0.10600718897942674,-1.5937821216122752,-1.5811015554242398,-1.5569530518580328,-1.5146278432227716,-1.0333801930585986,-1.0249583693004796,-1.002682687988352,-0.9626085435896076,0.7240923863283572,3.944944944944944,4.8493740673352335,1.6546546546546546,0.5066225165562914,0.9712287410935521,0.9330149652945258,0.986437355165823,0.15583372751689514,-0.16479685701285857
9,2.0,6.0,2,7.36190145714327,67.19346189602699,5,0.09375815398051934,1235.961528377567,22.873933011637018,2096.3682576349647,91.64878888857662,0.6210010712654122,0.8437136408138203,21.23726702765255,0.9993786086643996,0.10838709677419356,0.1598924731182796,0.6778749159381304,0.2629032258064516,0.08989247311827957,2.9246411483253585,0.168494623655914,0.042473118279569885,3.967088607594938,0.044398075549575484,0.04815737627122687,0.05361813533116473,0.07301115178031953,0.06143798676273976,0.06148005435468767,0.06801178913471813,0.0929402204916417,-1.6499508950217543,-1.6434600525154335,-1.6340314567080063,-1.6005472997292973,-1.200862824179059,-1.2008089999175182,-1.1924518350588194,-1.1605566314820457,0.7240530421399989,4.0770770770770755,15.566543592710588,1.6986986986986992,0.5364238410596026,0.9808166353351814,0.9435884038806319,0.9855205713478778,0.16620420171390543,-0.15043182751121628
9,2.0,7.0,2,11.532660855396735,150.61110697519365,4,0.4107919248107841,5100.042821779323,343.79253748453436,7863.006436525888,22.871370315533994,0.8611424923294602,0.7913504969211782,3.031611866892749,0.9999303034467513,0.12451612903225809,0.23666666666666666,0.5261244888686961,0.28537634408602147,0.16999999999999998,1.6786843769765971,0.23666666666666664,0.04279569892473119,5.530150753768843,0.04530926941823297,0.05993254120855452,0.07165069941975967,0.09609025294254714,0.06820108448819086,0.08271894424284106,0.1057598695244774,0.13496411878936712,-1.2705292769291536,-1.2510682155205297,-1.2354733609753816,-1.2029485157337643,-0.7770904336412955,-0.7649830038681154,-0.7457676105890098,-0.721412202627458,0.746099937867188,4.2092092092092095,2.5084150592775414,1.1261261261261257,0.543046357615894,0.9794146682774141,0.9644582415976124,0.9957056478030277,0.14308684113425196,-0.12299934389360777
9,2.0,8.0,2,11.02115616405225,145.62259833727262,5,0.30509690772499554,2427.4215327491465,306.2656815082165,6119.73757593953,19.981793408267812,0.8452775552674892,0.8485793627316235,6.346407067429628,0.9997867937034762,0.10838709677419356,0.06333333333333332,1.711375212224109,0.2827956989247312,0.08311827956989247,3.402328589909444,0.16935483870967744,0.05913978494623655,2.8636363636363646,0.02851839435493178,0.0426566014550537,0.051741272832962815,0.0923205417629573,0.03438051363207106,0.048335451626534846,0.06022494792988379,0.10717757127761644,-1.9080552409702392,-1.880286850916783,-1.8624439450558923,-1.7827435304451549,-1.525024611113031,-1.5029852631208296,-1.4842079137277004,-1.4100545777889832,0.6755149323485513,4.121121121121121,11.483124145435111,1.6106106106106102,0.5198675496688742,0.9583593584830311,0.9274070234706895,0.9861045324573234,0.155571050042654,-0.1323255955731149
9,2.0,9.0,2,12.264660314830687,172.4802194113183,5,0.36277052587344694,5452.780198516098,381.06106574546527,5209.172403402885,13.670177490351165,0.8963122841309639,0.9352077567657516,31.743674996618292,0.9997613105571042,0.1341935483870968,0.08333333333333334,1.6103225806451613,0.2950537634408602,0.07989247311827957,3.6931359353970388,0.2667741935483871,0.07516129032258065,3.5493562231759657,0.028853258542343316,0.03543747637402693,0.04828289853508762,0.0940060169358957,0.03813117969074136,0.050240161723280316,0.06800998959792683,0.13108739744429052,-1.5803664895675604,-1.569651860380227,-1.5487482483295718,-1.4743421045055105,-1.0633180593145724,-1.0499319311822823,-1.0302879022969837,-0.9605576589606581,0.7530448218317412,3.6586586586586587,13.369837418249451,1.3463463463463456,0.5794701986754967,0.9745200073560314,0.9401589183930339,0.9930861300451256,0.14157648435617476,-0.12383213751033113
9,2.0,10.0,2,10.56308247898887,132.5112486638208,6,0.4934151711634013,-1526.5133123932196,1094.0725039105278,4989.877494562896,4.560828900029612,0.8721475120572136,0.915275928869447,765.1112652402142,0.9999413320622064,0.1438709677419355,0.18,0.7992831541218639,0.2886021505376344,0.10333333333333332,2.7929240374609785,0.2378494623655914,0.046021505376344085,5.168224299065421,0.04826524869473341,0.05607457985667169,0.06297685769132684,0.08333641554406024,0.07676342547679853,0.09434600056125414,0.10601391536122487,0.13458950293812125,-1.2072415934015128,-1.1973357353014396,-1.1885804420017245,-1.162755068882402,-0.6685041289886934,-0.6557728048984595,-0.6473242128087267,-0.626632985001489,0.7016910752952243,3.6586586586586587,5.101615314749834,1.2582582582582587,0.45364238410596025,0.9894952760726399,0.9573911313287443,0.9953329215775699,0.12909385082987132,-0.1413446107000843
9,2.0,11.0,2,14.433959161808653,227.6331171670508,3,0.436497944732658,5301.350133602603,72.6862364003309,6784.822113759279,93.34397335405842,0.8221335578521967,0.8827213663290202,10.486656858271868,0.9998750660188949,0.10838709677419356,0.10999999999999999,0.9853372434017598,0.26924731182795697,0.07311827956989247,3.6823529411764704,0.2673118279569892,0.08516129032258064,3.1388888888888884,0.023277699457920378,0.03680255632851842,0.04757963321777849,0.0761522399755589,0.036361724322477196,0.05027146933677214,0.06742472180784471,0.10499371388403109,-1.4468255655950735,-1.4267911006498837,-1.410826941382596,-1.368502139430283,-0.9797269007804484,-0.9655849226985588,-0.9481452845003223,-0.9099490514310531,0.7403433767469438,3.3063063063063054,6.915758828738525,1.3683683683683687,0.5860927152317881,0.9625094086496684,0.9302590190275912,0.9777314731742054,0.16303397599666572,-0.11952377860360006
9,2.0,12.0,2,8.196771642668907,74.87071021613457,6,0.4539626041973239,2315.6378247013745,22.376997366828466,7143.062156463137,319.2145058323139,0.857349878965409,0.9117746897208822,2.082632748784654,0.9998709551332869,0.12129032258064518,0.13333333333333333,0.9096774193548388,0.2886021505376344,0.09,3.206690561529271,0.2467741935483871,0.06559139784946236,3.7622950819672134,0.034918435281562174,0.04700976469138949,0.06336153877933261,0.10265490594986187,0.050566784237532095,0.06318913196304674,0.08387300956443276,0.13787707786274853,-1.4959921049812634,-1.4772490950667525,-1.451901885222228,-1.390992456201696,-1.0483923979898844,-1.0344544261762616,-1.0116146732813391,-0.9519817747008817,0.742422823788239,3.966966966966966,9.375015015145289,1.39039039039039,0.5397350993377483,0.987624410012622,0.951823363933183,0.994763060660736,0.14207717555793745,-0.13448932991921636
9,2.0,13.0,2,8.017949475052966,78.90076693564897,6,-0.010655545284260715,907.7670078122312,38.55603128412894,377.05208888306464,9.779328326208535,0.8129404452708874,0.757336238032119,5.499872596207382,0.9991682284815538,0.10838709677419356,0.12,0.903225806451613,0.26602150537634406,0.14978494623655916,1.776022972002871,0.250752688172043,0.07634408602150537,3.284507042253521,0.033933951407146674,0.03812498449616953,0.0459508365670719,0.07146550454671945,0.06077184243499298,0.07203844027110358,0.0821636626125387,0.1262033637412847,-1.1116210778658515,-1.1067985911149953,-1.097793635266535,-1.0684347288416198,-0.5758010900813386,-0.5688940150929149,-0.5626866691838771,-0.5356877896118141,0.715399598050234,3.6146146146146148,4.609604486828429,1.1481481481481488,0.5099337748344371,0.9704375075940606,0.9546764634807091,0.9925158132374243,0.13843573962353908,-0.17585873209188185
9,2.0,14.0,2,5.838848741666463,36.055380366502554,5,0.4037324279242307,-1259.487869437362,1340.442613579578,5952.710978708039,4.4408547731943955,0.7437827059819693,0.842143103995755,4.875936782986128,0.9983743055115993,0.10838709677419356,0.1,1.0838709677419356,0.28537634408602147,0.07333333333333333,3.89149560117302,0.2798924731182796,0.06215053763440861,4.503460207612457,0.047559086097542724,0.04941484969382023,0.05344979477558134,0.0824306634987249,0.05041954817920756,0.05707253702553886,0.06257858932140278,0.10232489634191527,-2.027999705367166,-2.0240482917187728,-2.0154568218254267,-1.9537488540408352,-1.5768617458797436,-1.5658138735405136,-1.5566705900835793,-1.4906683561912732,0.6850919546549863,3.988988988988989,6.248788072006888,1.786786786786786,0.5231788079470199,0.9542456827655756,0.930902120577044,0.9864427762323367,0.1556890256741215,-0.16377476396316562
9,2.0,15.0,2,7.149453235638567,54.84257709234375,7,0.24480604540401552,1269.629909088661,885.3441739287181,2588.3945540352074,2.9236026285113472,0.8034097232888714,0.8609164076045284,5.23134742487897,0.999221134894081,0.1309677419354839,0.10333333333333332,1.2674297606659735,0.2918279569892473,0.06999999999999999,4.168970814132105,0.2509677419354839,0.032688172043010756,7.677631578947368,0.031540465687766445,0.03475081308594296,0.042154104960366354,0.06798701183208444,0.03628488463910816,0.04156947170921492,0.049599169299964975,0.07847857432341009,-1.5574334322793653,-1.5522706947668454,-1.540365050942153,-1.4988217221921858,-1.206945722672878,-1.200327366626891,-1.1902710657480953,-1.1541028311621595,0.7292271491463456,3.6146146146146148,2.6388908144575076,1.39039039039039,0.5662251655629139,0.9724287338146738,0.94042788295216,0.9931932800078731,0.15497281405762495,-0.15316445230830347
9,2.0,16.0,2,16.45357400765297,277.7552673443679,2,0.5394930689738224,5348.532139136918,2863.2445422163732,10200.88906791874,3.5627027023065456,0.947764367186066,0.8988093853144957,14.912630107709873,0.9999639492310609,0.11483870967741935,0.16333333333333333,0.7030941408821593,0.2563440860215054,0.16,1.6021505376344085,0.2603225806451613,0.07989247311827957,3.2584118438761775,0.05039595997234723,0.07876320635812135,0.0977122522434676,0.14308284608818483,0.10567203530183533,0.14184660655566117,0.16730501022364508,0.24732831503680897,-1.1233747537759093,-1.089816505200017,-1.0673999201198616,-1.0137268337169312,-0.5628250360875796,-0.5400593895070673,-0.5240377201321182,-0.47367686684658217,0.7485310184340908,3.526526526526525,8.05203967082547,1.4124124124124113,0.5264900662251656,0.9830057626903734,0.954213908984264,0.9949021876573202,0.15785146027118135,-0.08567773455539172
9,2.0,17.0,2,10.187028553259507,117.56763558750399,6,0.22865027254112846,6153.53524935319,1263.032599413324,7026.403312644832,5.563121107015434,0.6390405549108715,0.8112827391110566,270.31647104678024,0.999384896046091,0.10838709677419356,0.09333333333333334,1.1612903225806452,0.339247311827957,0.056236559139784946,6.0325047801147225,0.11870967741935483,0.055161290322580644,2.152046783625731,0.02980303304781114,0.03674619079305698,0.04408131777765986,0.0803221364112809,0.02981665439132727,0.03677716353744933,0.04260504634397318,0.06925970474042359,-2.653538034074294,-2.6345481446176557,-2.6144861993617834,-2.5153657177420534,-2.5058211355713578,-2.4878433059047933,-2.4727908604280486,-2.4039463408085573,0.698642645231265,4.341341341341341,17.22805447131392,1.918918918918919,0.5794701986754967,0.9766230204182256,0.9184974811148118,0.9725403181522358,0.17853048286140547,-0.13342367605901037
9,2.0,18.0,2,10.25361355898473,131.9156163862937,4,0.34463750217640154,3340.9796302528744,392.1316369299989,6086.4770206746925,15.521514837021977,0.6575364484267017,0.8154014990799663,21.496248889241283,0.9982270937477095,0.11483870967741935,0.09978494623655913,1.1508620689655173,0.15817204301075266,0.08645161290322581,1.8296019900497509,0.11204301075268816,0.05580645161290322,2.0077071290944124,0.06140792504022213,0.08169991885409321,0.09418577448272479,0.14622426410580056,0.07036686719383166,0.08281698693331715,0.0943999687075135,0.15473851540922837,-2.503320316104925,-2.4491995092882726,-2.415898465210689,-2.277106532305818,-2.29782844810157,-2.267054760815592,-2.238424429026267,-2.089282123061131,0.7401654640075359,3.8568568568568558,24.569164629827903,1.896896896896896,0.5298013245033113,0.9864186348313656,0.9296409567176618,0.9873578472835398,0.1649270864611065,-0.1525197616254517
9,2.0,19.0,2,6.437418347724111,47.864942758777744,4,0.44471056509496465,-53.5706226255063,269.830808927769,2969.528002145453,11.005148055351848,0.7622977993817721,0.8220579306931044,5.692625242388308,0.9978422219982765,0.12451612903225809,0.07666666666666666,1.6241234221598881,0.29827956989247306,0.06,4.971326164874551,0.20397849462365594,0.07913978494623655,2.5774456521739135,0.024868463937061352,0.02648378782164424,0.031339628391754554,0.057710206986568285,0.036420140964759824,0.03860244711939757,0.047596792171997006,0.08420940526175852,-1.4582639686024386,-1.4558483266798927,-1.4485866424057288,-1.409150665643786,-0.9362380254002047,-0.9341176427605318,-0.9253785146303061,-0.8898047941311873,0.7371696498825822,3.812812812812813,6.915758828738525,1.7647647647647646,0.5264900662251656,0.9083683779899765,0.9164734328566491,0.9720247472986738,0.1556226866682655,-0.14514672598809897
9,3.0,0.0,2,9.272750338396861,95.63700311236258,4,0.4053403801506641,-45.91679367672032,821.90080791285,8289.596124558138,10.085883898336698,0.8035492921939663,0.8351106957765478,6.205698450655579,0.999844413766564,0.10193548387096774,0.12333333333333334,0.8265039232781167,0.2563440860215054,0.10333333333333332,2.4807492195629557,0.3209677419354839,0.03301075268817204,9.72312703583062,0.008061748915096223,0.011928308356143107,0.015400705446764366,0.02716846066984779,0.015990439525113462,0.02490006725062728,0.03133464181148476,0.05325800911154696,-1.486956412946959,-1.4811602806266084,-1.4759550139514395,-1.4583146627745232,-0.7214776881393562,-0.7149451320832099,-0.7102272897320774,-0.6941530349776364,0.6897233257251226,3.966966966966966,2.5084150592775414,1.1041041041041042,0.5529801324503312,0.9321334112740755,0.9209040205641702,0.9841527462618446,0.14180996479103417,-0.13674028541982816
9,3.0,1.0,2,8.64620084498882,85.43876861520538,6,0.39284717486330134,4170.765852054385,307.3009110882615,3638.869604611523,11.841388923075415,0.8267000743206837,0.8032356718245981,7.588846026929423,0.9977851351644066,0.10838709677419356,0.12322580645161292,0.8795811518324607,0.25290322580645164,0.049892473118279566,5.06896551724138,0.1424731182795699,0.04559139784946237,3.125,0.027051183803047635,0.039438460412957434,0.046317540110203934,0.07090650571670322,0.03217637176958388,0.043792460067550144,0.05134141726494707,0.07944584640269657,-2.201002029953834,-2.1729795682270376,-2.1574177338059464,-2.1017926461205376,-1.9085439419649268,-1.885637066885891,-1.870750556464992,-1.8153287457045875,0.6657549488564272,4.0990990990990985,5.792984056612012,1.808808808808809,0.4503311258278146,0.9644135917041593,0.9302372446402768,0.9831098448863695,0.14728371506859889,-0.13006111578906315
9,3.0,2.0,2,12.487905212538285,179.9319740035644,4,0.3009446227556558,8273.77808163511,90.33929469056048,6996.682192939654,77.44893533766691,0.6512677291194308,0.7995036111412739,10.220224692040684,0.9991902942512739,0.11806451612903228,0.10989247311827957,1.0743639921722115,0.3182795698924731,0.09989247311827956,3.186221743810549,0.24204301075268816,0.07623655913978494,3.1748942172073344,0.06956542547657155,0.08585702983520203,0.09236005496573878,0.14378291005199895,0.08993781683888266,0.10817859114791895,0.11622821292586848,0.17812819959366474,-1.7465213693067527,-1.7159403527240302,-1.7037335058735263,-1.6072075192667632,-1.2975092728701605,-1.2715027271107304,-1.2600260839832156,-1.1717729863618789,0.7704955832409147,3.834834834834835,55.30224256192911,2.0290290290290294,0.543046357615894,0.9752314880121407,0.9331076836887685,0.9881125015924976,0.15780320119325653,-0.13083798242433878
9,3.0,3.0,2,6.052172704841313,39.48922342319394,6,0.28857190140944766,3088.6132813981812,176.4206351195942,3263.136665711662,18.496343488955283,0.45532080326762725,0.7693196691028984,7.391004773518618,0.9975095475970994,0.11483870967741935,0.07666666666666666,1.4978962131837308,0.2756989247311828,0.09311827956989246,2.960739030023095,0.2282795698924731,0.0421505376344086,5.415816326530613,0.015771569883773002,0.02500367977552023,0.034577398099198,0.0733582689372995,0.02100583055954071,0.031564799240512094,0.04180150326236902,0.08663660765357294,-1.8108913693785365,-1.7939051214582797,-1.776290344893492,-1.7049370470727732,-1.3714705967769625,-1.3566785627380693,-1.3423379884914328,-1.27952859769485,0.7502397776525539,3.6366366366366356,4.165044248545185,1.5005005005005003,0.5860927152317881,0.9590836090163418,0.936603760979442,0.9879419276487156,0.1370438084607475,-0.2053402055438238
9,3.0,4.0,2,6.453016361380207,45.67992266508144,7,0.2940302376703481,3346.3540682654575,1106.0486273708548,3646.8600530693034,3.2971968526719415,0.6364407856633549,0.8380148985574035,39.76089425132022,0.9995457627614543,0.10516129032258063,0.13333333333333336,0.7887096774193546,0.2661290322580645,0.11655913978494623,2.2832103321033212,0.2178494623655914,0.04258064516129032,5.116161616161617,0.019084023948503295,0.029860846039774833,0.035786388875809885,0.05194393553180863,0.026548639037575008,0.04044456562709048,0.05261921523278447,0.07537396941132608,-1.7960921329630446,-1.7763593873976293,-1.7655095071518423,-1.7359244630243733,-1.2077896234984153,-1.1905485402591673,-1.1754430958033206,-1.1472106056304905,0.7320093965598704,4.055055055055054,5.646141419303673,1.28028028028028,0.5827814569536424,0.9783123398399171,0.9460230217566279,0.9891163937599811,0.16520558974300423,-0.20167513410118693
9,3.0,5.0,2,8.167218777768113,76.60437015499348,4,0.2547048919977144,2760.7069892766744,872.2964238873876,2586.526812959664,2.965192498936097,0.6799459799485716,0.8304005097770397,7.387603505840938,0.9990556029710436,0.10838709677419356,0.1298924731182796,0.8344370860927152,0.2726881720430107,0.06000000000000001,4.544802867383511,0.17129032258064517,0.1021505376344086,1.6768421052631581,0.0691234347421237,0.07840355410139815,0.09006895629491285,0.1253518260048339,0.08120037458743132,0.09172193034681667,0.1069617952323708,0.15063089473381772,-1.5428898642402442,-1.527508445658289,-1.5081735182593232,-1.4496936036407122,-1.1584939825129763,-1.145227587211118,-1.1260119810268017,-1.070950586142721,0.7499786133429924,3.834834834834835,22.199661191199525,1.984984984984985,0.5364238410596026,0.9703313261342642,0.9207466067584122,0.9858958067333026,0.16739408925557098,-0.1362037023960631
9,3.0,6.0,2,7.69191060518537,61.92051611855506,4,0.2414277115609601,3559.378205398031,760.7399853051799,3606.468756729395,4.740737737457848,0.7862770292005442,0.8388550674910392,29.021994937054036,0.9996517279185047,0.11483870967741935,0.09322580645161291,1.231833910034602,0.28537634408602147,0.09333333333333334,3.0576036866359444,0.20763440860215052,0.08204301075268816,2.530799475753604,0.03320294250358057,0.0407021637697832,0.05632552819047391,0.08682572227954324,0.042644750787609466,0.0502796950436583,0.06684723488797943,0.10598262685453308,-1.5466564996288346,-1.5346594427247076,-1.5096655953190221,-1.4608721871657555,-1.2156447124420715,-1.2059498999654163,-1.1849125241046878,-1.1352186070842003,0.7166545328930809,3.922922922922923,5.939826693920351,1.3683683683683687,0.5397350993377483,0.9835838864545701,0.9560429168017179,0.9952205491415238,0.12866509434043524,-0.16973126852901155
9,3.0,7.0,2,9.440065970653395,107.44792755222261,4,0.46226087878029265,2897.0414572347163,918.4159967958689,5140.727867522342,5.59738493826011,0.6905202861726272,0.672146680603755,6.840742603285503,0.9969957542259593,0.10838709677419356,0.10999999999999999,0.9853372434017598,0.2758064516129032,0.07967741935483871,3.461538461538461,0.2346236559139785,0.042150537634408604,5.566326530612245,0.016736664329099604,0.020922016606514222,0.026320919869642707,0.04569716847101895,0.019980842785910526,0.02447916881001347,0.031672198749026714,0.05061120152488762,-2.11796514055215,-2.1089498240007134,-2.0973204989829983,-2.055583745863463,-1.7255840485858613,-1.7176635507309046,-1.7049983108400375,-1.6716511656892723,0.6664328058661585,4.033033033033034,4.609604486828429,1.5665665665665658,0.5562913907284768,0.9674308579374078,0.94715393151803,0.9870598354068243,0.13634157430729546,-0.17314258587195674
9,3.0,8.0,2,9.791238484060802,103.23332955507743,5,0.28739303497669855,2276.558829183561,201.26797007623458,10845.20304605932,53.88439622037956,0.8841322368767661,0.8045481318480243,4.10590631928434,0.999885770793579,0.11483870967741935,0.11333333333333333,1.013282732447818,0.26924731182795697,0.08666666666666667,3.1066997518610417,0.27107526881720434,0.04559139784946237,5.945754716981133,0.01667716342422576,0.017539761177589576,0.02261676084378965,0.032573614140095034,0.027461127759360972,0.026859372144768474,0.03424900758424219,0.05026221764053069,-1.5311597257548075,-1.5298165504614556,-1.521911011072554,-1.5064069139485197,-0.9539385037073971,-0.9545287503977523,-0.9472804460108707,-0.9315734978603516,0.6993746735988977,4.165165165165164,3.0724688427090037,1.1041041041041042,0.48344370860927155,0.9758853928265763,0.9505287767369591,0.9928741092295613,0.14187131763463337,-0.12953687681663056
9,3.0,9.0,2,9.642138627407064,104.66028394664892,5,0.33654045899566043,2543.1819262646413,243.3211093368876,4638.82250378397,19.064611847389447,0.8605599572845237,0.8110396615488368,26.51235084632254,0.9997113426821694,0.11806451612903228,0.10978494623655914,1.0754162585700295,0.2789247311827957,0.056666666666666664,4.922201138519925,0.21526881720430108,0.06225806451612903,3.457685664939551,0.05538298217329728,0.053607771591846376,0.06251648923179177,0.10286151723622033,0.0631723414875105,0.05967555296304064,0.07678628949291043,0.12246967045873723,-1.4649411768665108,-1.467694228134166,-1.453878314321964,-1.3913100017782205,-1.0925194684909432,-1.096597389873244,-1.076643012342606,-1.0233674897444556,0.6950820299142946,3.7467467467467457,5.646141419303673,1.5665665665665658,0.5397350993377483,0.9770928035972688,0.9480908004065104,0.9936587364123572,0.15221385808392895,-0.12072818245235695
9,3.0,10.0,2,15.576986945558822,256.1582334757453,3,0.3733815302750779,-3460.888612797574,1003.5711200385471,7757.816841829659,7.730211329249572,0.9051954002005265,0.8987179031589063,27.030880181611256,0.9999005075350249,0.10838709677419356,0.09666666666666665,1.1212458286985543,0.26602150537634406,0.049892473118279566,5.331896551724138,0.20548387096774193,0.04204301075268817,4.887468030690537,0.017839852885098494,0.020761978464112995,0.024319125147557758,0.04127996967944716,0.02181520701539829,0.02635243044352784,0.030235366941616902,0.0504672981215482,-1.370549451061869,-1.366471788554368,-1.3615079896783264,-1.3378400815158837,-1.0178215336099157,-1.013100458674924,-1.0090601828397863,-0.9880084394788852,0.6977552029189851,3.5925925925925917,1.7589165903277326,1.3023023023023015,0.5860927152317881,0.983977252134765,0.9484831543236217,0.9933524561064324,0.13517947368714042,-0.0983728498140882
9,3.0,11.0,2,7.251616995226779,63.60522763161886,6,0.2621671360934532,1208.9701579859202,420.7245486342788,1885.8511326418445,4.4823891041384165,0.6321967628265244,0.8740767506345892,7.697995559204322,0.9988707267127915,0.10838709677419356,0.10333333333333332,1.0489073881373572,0.2725806451612903,0.09322580645161291,2.9238754325259513,0.27107526881720434,0.06516129032258064,4.160066006600661,0.020316885248217936,0.029697013762522123,0.039103578641697674,0.07170106273958506,0.029570747523073534,0.03939880451796664,0.05292233431198714,0.09386425321992373,-1.575042560787733,-1.5599620705626556,-1.5448390784314026,-1.4924319030338942,-1.0380664983483054,-1.0275534427245017,-1.01308734621849,-0.9692918461468014,0.7041098220890798,3.6366366366366356,14.796880626863963,1.8528528528528534,0.5463576158940397,0.9673614476101057,0.9330975200983187,0.986215070051754,0.15333534498948212,-0.18862200747041075
9,3.0,12.0,2,10.314975687589545,125.76728367495278,5,0.415039470847695,1280.6189292183658,943.7999874374624,6172.86704684932,6.540439848499514,0.7093879080404772,0.7485160901047123,5.62794876069947,0.9982779875476608,0.10526881720430108,0.09333333333333334,1.1278801843317972,0.27602150537634407,0.06666666666666668,4.14032258064516,0.16881720430107527,0.042473118279569885,3.974683544303798,0.04506569365288312,0.06308723453249725,0.07041003580603118,0.10765344332168865,0.05198041429241727,0.06757704620988818,0.07809106879419321,0.11743876939486368,-2.126615406366664,-2.086481874430151,-2.070174174620277,-1.987234014567425,-1.8140438993613843,-1.7841996056284064,-1.7640809300078277,-1.68878875534746,0.6966386175752857,3.988988988988989,6.915758828738525,1.8308308308308305,0.5198675496688742,0.9515856179836042,0.9247377950086678,0.983487704006071,0.14832312349360413,-0.1463808244565164
9,3.0,13.0,2,4.174034910346741,20.571766866632096,5,0.2697341294976673,2070.3667256251147,23.28169393484024,1742.7165772840897,74.85351289994304,0.5482673096114505,0.8109733605565674,4.418760547574208,0.995809935115777,0.10516129032258063,0.1,1.0516129032258064,0.2756989247311828,0.11000000000000001,2.5063538611925704,0.260752688172043,0.05924731182795699,4.4010889292196005,0.04313864122436282,0.04755813262389483,0.06644882422856468,0.09999865302705087,0.056546799062042394,0.06384379619549992,0.08608041143696891,0.1334159265172245,-1.7152444791522903,-1.7073222152274432,-1.6734592588178134,-1.6133187190255684,-1.1668607828186537,-1.157835873285349,-1.1303336779013047,-1.0717892200238404,0.7172183203112681,3.922922922922923,9.862658461312831,1.4784784784784788,0.4735099337748344,0.949360439851014,0.9323644482288684,0.9858346403601697,0.1462054215648061,-0.22145636432335167
9,3.0,14.0,2,5.445174004273577,31.75209327083659,4,0.12069908854705902,-182.57735520648976,133.25598297738622,2264.9528090138874,16.99700650137603,0.7584210796382341,0.6880343254252169,4.893489828122035,0.9980286285134045,0.11483870967741935,0.12645161290322582,0.9081632653061223,0.2724731182795699,0.09967741935483872,2.7335490830636457,0.21419354838709678,0.05623655913978494,3.808795411089867,0.05345391066217465,0.07195056457085786,0.09868932438151667,0.16839973264268498,0.0687740196445706,0.0882818883483637,0.10642309447188505,0.18068227647108745,-1.8801332561989161,-1.8433931813796907,-1.7902817353383218,-1.651815306337791,-1.3826580356562863,-1.353693303152225,-1.3267577526496388,-1.2164998164682719,0.7225006834983206,4.143143143143144,11.483124145435111,1.5665665665665658,0.5165562913907285,0.9316473060578376,0.9111142084664426,0.9798069429918468,0.16797742830594914,-0.16262858798525076
9,3.0,15.0,2,11.973206619932231,163.13326393741931,4,0.37095641780109656,-3024.4384612985104,545.3328533660056,3674.189611145217,6.737517441809522,0.8611969496788313,0.751500808590991,22.263476721461398,0.9998250842479821,0.10516129032258063,0.11666666666666665,0.9013824884792626,0.26924731182795697,0.07989247311827957,3.3701211305518166,0.23311827956989245,0.05236559139784945,4.451745379876797,0.019031848921145157,0.02255224816787036,0.026987133702027183,0.04386339053201832,0.028717907725927576,0.03332311567752863,0.040112976037657365,0.06343684048465208,-1.227487572301749,-1.2230824890988508,-1.2175331072236377,-1.1964158104969251,-0.7843478306678582,-0.78062894725042,-0.7751458725737977,-0.7563109505389854,0.717648588321253,3.5485485485485486,2.6388908144575076,1.1481481481481488,0.5165562913907285,0.9782461155516933,0.948573564399852,0.9930365008921191,0.15191992068659702,-0.13346551460470704
9,3.0,16.0,2,13.74710314428462,211.98385024365535,4,0.29920140074950385,-2759.2105070996768,97.45490836315251,4373.805037609962,44.8802950110175,0.897471440345492,0.8660180166064476,14.828665322954173,0.9998862762080402,0.11806451612903228,0.10989247311827957,1.0743639921722115,0.30860215053763446,0.07322580645161289,4.2143906020558015,0.13129032258064516,0.0986021505376344,1.3315158124318431,0.055252121705561555,0.06020057560971665,0.07069732376731279,0.104747393766355,0.07345889328014793,0.07532913271762041,0.09249166029613991,0.137803798400256,-1.4005229194214033,-1.3931871812126222,-1.3776264832614953,-1.3271496263802147,-1.0146497261334877,-1.0126016379059146,-0.9938070547179627,-0.9441859983132139,0.7222314281479966,3.79079079079079,7.275483529196232,1.4784784784784788,0.5099337748344371,0.9704626688010275,0.9331857255666168,0.9875720081559513,0.15402957575622242,-0.11857579958481126
9,3.0,17.0,2,9.501109008412651,105.74030823265664,5,0.17837971718823242,-426.51260740883254,1560.0352833128127,6315.417974629224,4.048253294129425,0.7163260021472477,0.7494870231296527,5.225967230805152,0.9996568784000774,0.11483870967741935,0.14333333333333334,0.8012003000750187,0.2724731182795699,0.08655913978494624,3.1478260869565213,0.221505376344086,0.02591397849462366,8.54771784232365,0.03562900892272124,0.04022013755598924,0.045622823851253054,0.06419707881244449,0.05289685413971813,0.05766065229647885,0.06744991884362544,0.09324739979197462,-1.577548169251376,-1.570037857724773,-1.561199974842572,-1.5308156287969663,-1.0044347831836784,-0.9993826148009303,-0.9890007679400172,-0.9616416705742243,0.7178768977167084,4.1871871871871855,4.165044248545185,1.3683683683683687,0.5695364238410596,0.9829274722029169,0.9521145701223324,0.9952114041826448,0.14081405487640075,-0.14535504841480815
9,3.0,18.0,2,7.766272690400232,76.352646275039,4,0.23372052721440673,3963.575815222589,1330.5611872921215,3293.0720521955577,2.474949730720329,0.615837945920062,0.9107948006409216,31.10318000451213,0.9979068716570206,0.11161290322580646,0.07666666666666666,1.4558204768583451,0.2790322580645161,0.09301075268817204,3.0,0.14526881720430113,0.07795698924731183,1.8634482758620696,0.02833384394932878,0.03404515853189106,0.04562251205830448,0.07909576383226725,0.03653250728483021,0.04622033432741614,0.059718818032365936,0.10311015460808713,-1.9384253977005272,-1.927031610675883,-1.903935369262091,-1.8371579056463982,-1.4128591936660562,-1.3986526577867906,-1.3788580544947333,-1.315227626618336,0.6729617037089818,3.8568568568568558,12.708787092020595,1.7207207207207202,0.4966887417218543,0.962130646719956,0.9345547172301558,0.9828613575350453,0.1490916658375865,-0.1727361780343373
9,3.0,19.0,2,8.876668671012517,89.81743508705111,5,0.3286086500996307,5496.840742066093,558.9695432837575,4797.845660648946,8.583375817693431,0.7908240119083539,0.8514949744747703,9.14677015105424,0.9996111217010744,0.1341935483870968,0.17,0.7893738140417458,0.2950537634408602,0.12322580645161292,2.394415357766143,0.2994623655913979,0.09591397849462366,3.1221973094170408,0.10291581274860095,0.11039988086691818,0.1166923477599876,0.1510281858391757,0.15635677569179268,0.15916331515148133,0.16535240143625143,0.21947627979975984,-1.2198756478629593,-1.2096986404268397,-1.201141999660093,-1.1544513397231462,-0.699230879272176,-0.6969047549134824,-0.6917750980631712,-0.6469159846757917,0.7170525404093392,3.834834834834835,6.248788072006888,1.1041041041041042,0.5496688741721855,0.9582449422681686,0.9351610018944354,0.9868971118613968,0.15932863692352636,-0.13124507523159087
9,4.0,0.0,2,6.2802653622264915,43.83843770290347,7,0.5159889158741615,3464.209408600726,100.35714959584344,6147.290134437739,61.25413245786671,0.724477051716466,0.811832412524031,3.9465301854911288,0.9985433877462064,0.10838709677419356,0.11989247311827955,0.9040358744394621,0.27913978494623654,0.12301075268817203,2.269230769230769,0.24559139784946238,0.043010752688172046,5.71,0.04106420318843003,0.04470152581870565,0.05281339450708605,0.10054674637637905,0.04683044920240695,0.05604691113628203,0.06962124899771013,0.12335360182292755,-2.06535239316941,-2.0575183410627442,-2.0400470281090217,-1.9372391103682953,-1.3920472104969803,-1.3785871182028373,-1.358762608346713,-1.2802897156686013,0.7332983735380768,4.055055055055054,6.915758828738525,1.5225225225225214,0.5331125827814569,0.9650206953145793,0.9273919202901357,0.9848879085759674,0.16120955608688298,-0.16239231724057163
9,4.0,1.0,2,6.828569551281646,51.33631423694537,6,0.20345129185168365,1037.383295677958,289.11704225926013,3208.821888098614,11.098695057972975,0.7570209447686952,0.8958772899972934,10.285563833058703,0.9965319826902993,0.10838709677419356,0.1,1.0838709677419356,0.2627956989247312,0.04666666666666667,5.631336405529954,0.19870967741935486,0.035591397849462365,5.583081570996979,0.0184847066163233,0.020535755842024956,0.02616806573524236,0.04799023842555596,0.02250839838980331,0.026797998976641303,0.03233864931466697,0.058910401431618804,-1.8218262738776092,-1.8180192467292926,-1.8075649112591747,-1.767059981964337,-1.3934430996974858,-1.3873281475809238,-1.3794297871565064,-1.3415509710385507,0.6757675028448358,3.6146146146146148,10.375666787451848,1.3683683683683687,0.49337748344370863,0.9315798934024938,0.9286033757673992,0.9846957337355178,0.14350795622748233,-0.1555045356727354
9,4.0,2.0,2,7.400752659160151,63.72347037255611,6,0.41448084681659814,-58.416326605960876,284.46800385343084,4141.827898729523,14.559907766862796,0.6489947483267706,0.8910619103812145,4.6432593782768015,0.9986971909519767,0.10838709677419356,0.10666666666666666,1.0161290322580647,0.2726881720430107,0.07301075268817205,3.7349042709867444,0.210752688172043,0.08473118279569893,2.487309644670051,0.06785353004155396,0.06665406381881057,0.08199448024618337,0.1261770837435692,0.08363315622163439,0.07895874278797041,0.09632602178359972,0.14436200963830423,-1.9142761494649532,-1.9167393992398396,-1.885235988310129,-1.7945016382673908,-1.5495380802222483,-1.5574423182109338,-1.5280749744050284,-1.4468481241459625,0.6889342962768253,3.8568568568568558,11.483124145435111,1.896896896896896,0.5132450331125827,0.9792875665214672,0.9298759898185991,0.9894742269683705,0.15181194109170867,-0.16578298051233226
9,4.0,3.0,2,6.914246425720491,53.601788822105064,7,0.05769835687731906,308.01163658034966,297.06212121779527,1518.472103953203,5.111631525851503,0.7037683819689904,0.8695495419149455,254.0109108341251,0.9987521866964315,0.10838709677419356,0.16989247311827957,0.6379746835443039,0.26602150537634406,0.1,2.6602150537634404,0.23161290322580647,0.042473118279569885,5.453164556962027,0.028030200750644624,0.029907862556995197,0.03846196522135711,0.05048112678603486,0.03473021983589382,0.03729399056367756,0.04940740512036448,0.06539835160852041,-1.5033011821711215,-1.5003970886330462,-1.487166849732949,-1.4685773628961771,-1.0773172515488412,-1.074455881089706,-1.060936354481442,-1.0430891962316977,0.6895702520634159,3.812812812812813,2.0479120966650832,1.4124124124124113,0.5198675496688742,0.9787616888786581,0.9477284203773753,0.9917188019957536,0.132360481302353,-0.1867503174259968
9,4.0,4.0,2,6.043484602184584,46.42548667083613,4,0.08373057903272962,2704.578043670358,65.14427199871838,1709.7925505615942,26.246245419631553,0.6046777179590513,0.8602815105506479,10.871147131696109,0.9961880315944881,0.10193548387096774,0.09,1.1326164874551972,0.27946236559139787,0.08989247311827957,3.1088516746411488,0.11494623655913978,0.048817204301075265,2.354625550660793,0.03601054661659419,0.04627156808487056,0.0563178499564544,0.09594250961668013,0.03288494734332901,0.0456202180465016,0.055491627447855865,0.09461209244783235,-2.1492056258845817,-2.1263287728344364,-2.103930679741355,-2.015587865235844,-2.0754104564739606,-2.0480808084545394,-2.0268969521641966,-1.9429451804488849,0.6910434699177164,3.724724724724725,7.65391938823014,1.7207207207207202,0.5331125827814569,0.9691192431907537,0.9365212362441755,0.9848825680385294,0.1555968047722054,-0.20227888106829012
9,4.0,5.0,2,12.461729699710604,177.104179930324,4,0.4272859129279645,8341.738007096825,1645.493558063498,5821.376397778144,3.537769181320309,0.8429606466098523,0.6684259935181294,3.4180939099277663,0.9999006312853361,0.11806451612903228,0.19,0.6213921901528014,0.2724731182795699,0.10666666666666666,2.554435483870968,0.2898924731182796,0.05903225806451612,4.910746812386158,0.030885121965341066,0.03178270230928165,0.041323057661352,0.05805564348044283,0.04781987495866546,0.05126490687966532,0.06443462167244669,0.0898502930678223,-1.1778846439191275,-1.1767937040029481,-1.1651981353851961,-1.1448609634605058,-0.662266587230261,-0.6598704759554948,-0.6507105892478904,-0.6330333142087264,0.7592136459929,3.724724724724725,1.9466563433422632,0.9279279279279278,0.5231788079470199,0.9872185127306269,0.9541233782439178,0.9961175979338124,0.16620517937292573,-0.10980698287601333
9,4.0,6.0,2,7.487145612222456,64.63485774086304,7,0.4278474163411665,1982.9002908187126,77.65815756922467,3281.5742923053836,42.25665912019842,0.8440581803102913,0.8804331225057741,7.663033486377914,0.999730024949993,0.11483870967741935,0.18333333333333335,0.6263929618768328,0.26924731182795697,0.08666666666666667,3.1066997518610417,0.19451612903225807,0.035913978494623654,5.416167664670659,0.03727786963090648,0.043659201726919235,0.051775394578778944,0.06616956764863365,0.052565781344445756,0.05847550452945773,0.07086269409392051,0.08804241739710444,-1.3389672128974037,-1.3300919682326786,-1.3188038553085206,-1.2987842409365968,-0.9265910006186668,-0.9208112892555391,-0.9086966134845117,-0.8918948380235852,0.7405022750324656,3.9009009009009,5.939826693920351,1.3463463463463456,0.5794701986754967,0.9662724689200266,0.9313180338170886,0.9901230398317631,0.16532234700971507,-0.12463294490124086
9,4.0,7.0,2,6.060770314162529,39.665732773063674,6,0.2562676444560372,-1536.014495550493,539.1292042846716,3255.269101955942,6.038012921735717,0.6717299663069156,0.9117921904215944,2.6895690553152067,0.9999074328484352,0.11161290322580646,0.16978494623655913,0.6573780873970868,0.2627956989247312,0.09989247311827956,2.630785791173305,0.3132258064516129,0.05548387096774193,5.645348837209303,0.07662815388814077,0.05066206401576451,0.04321842557394596,0.044022983493910296,0.049226952370053624,0.04625549974694501,0.053109184941705814,0.0703223814473499,-1.1328981232360797,-1.1647562902443804,-1.1738889967009325,-1.1729018730828578,-0.6008419633426076,-0.6027197757527287,-0.5983885826474789,-0.5875106861719377,0.7342524366651173,3.79079079079079,1.6719497597319883,1.2142142142142145,0.5165562913907285,0.9782691725867434,0.9545954790783944,0.9922539286981649,0.14230700636467067,-0.15996400149226128
9,4.0,8.0,2,10.027879218200015,118.85561160682269,4,0.31277620415139573,2952.0742780184673,217.11179838452566,5983.789837911351,27.56086901971808,0.7234090669102122,0.839717230602701,10.705020416906763,0.9962242011797268,0.10838709677419356,0.08311827956989247,1.3040103492884867,0.25688172043010754,0.07956989247311827,3.228378378378379,0.1339784946236559,0.10473118279569893,1.2792607802874743,0.0510055738380903,0.06387616483384721,0.08717099374236106,0.14450422526571494,0.0513253962870285,0.0642435318178971,0.08478121278540875,0.14196395216404556,-2.6900752528205327,-2.6535915208065433,-2.587558632690518,-2.4250384923889867,-2.621828038085276,-2.58612651323992,-2.529367043146459,-2.3713325508024505,0.7379580540181113,3.966966966966966,24.569164629827903,2.0070070070070063,0.5496688741721855,0.9588782218667818,0.9131292875490384,0.9731370183059991,0.16869017262862757,-0.13829707002260333
9,4.0,9.0,2,9.335163751366467,98.92179624432539,7,0.47284841354479257,2999.790500950922,1537.2943749984731,6447.920474343179,4.19433036327189,0.8756609006538242,0.8034724337450803,19.760698589218336,0.99994348846088,0.11806451612903228,0.16333333333333333,0.7228439763001976,0.2724731182795699,0.10666666666666666,2.554435483870968,0.22129032258064515,0.06612903225806452,3.346341463414634,0.05632179520236233,0.06930879342761258,0.06975206739808469,0.10093192804770311,0.07742901819200772,0.09239471519306901,0.09214015460925157,0.13470592534752482,-1.2975657465910273,-1.2797085109756972,-1.2790990054074687,-1.2362264255844537,-0.8526102263933675,-0.8387794138490542,-0.8390146704973547,-0.7996767635596742,0.7718889709745372,3.944944944944944,5.234296130145156,1.3683683683683687,0.5099337748344371,0.9718350629831298,0.9453665679280643,0.9933935114637371,0.15852230704186832,-0.12254320640210264
9,4.0,10.0,2,6.5521621073524425,51.44914506522618,5,0.2712192163800299,1120.1636129719698,289.36301560252514,3439.1459533590664,11.885229859793647,0.6532452784111731,0.8960544087381765,62.69502073647496,0.9996195653781405,0.10516129032258063,0.11666666666666667,0.9013824884792626,0.26602150537634406,0.09311827956989246,2.856812933025404,0.2381720430107527,0.0453763440860215,5.248815165876778,0.02519935618149995,0.026480561232147447,0.031528674285960186,0.051407753742915126,0.035315259808918434,0.03938545580212102,0.04597555925838379,0.07140707160300057,-1.4020534978114099,-1.4002107435682065,-1.392950054308995,-1.3643580205812411,-0.9246718012899278,-0.92077042781128,-0.9144536669258716,-0.8900769961343694,0.6930622214434017,3.724724724724725,4.381689931514194,1.1921921921921912,0.5099337748344371,0.9553976125617404,0.9512086421057848,0.9923893980019239,0.11778330702424791,-0.17381774590390295
9,4.0,11.0,2,13.75415789470859,211.33298173496468,4,0.2677084439191604,1933.5016404277571,1015.4604425204526,4686.473102629357,4.615121285273469,0.7396738531113884,0.8067142337651847,7.613765855136969,0.9992827690955811,0.10838709677419356,0.09666666666666666,1.121245828698554,0.2756989247311828,0.06000000000000001,4.594982078853046,0.22204301075268815,0.04279569892473119,5.188442211055275,0.03863665034895389,0.048346242688270175,0.05703872229851628,0.09487104021301443,0.044132278095447376,0.0670782338032192,0.08062692382556902,0.1309134630787727,-1.707154640051234,-1.6899126933709427,-1.6744768990840389,-1.6072956225198012,-1.1262084198301037,-1.0991733731108237,-1.0832102346648096,-1.0239623673989977,0.6640012441513148,3.6366366366366356,12.080421346773264,1.6106106106106102,0.5165562913907285,0.9729730287342623,0.9446531743496699,0.9903931236940832,0.1347804723218038,-0.1335614698592829
9,4.0,12.0,2,10.081627158744269,122.9195154027603,5,0.35166083700057715,-2794.472621238164,1628.2577276536829,3599.656492129755,2.210741230331426,0.8313726944849151,0.8281849780168432,2.388820681133112,0.9997181843476417,0.11806451612903228,0.17333333333333334,0.6811414392059554,0.2756989247311828,0.13666666666666666,2.0173092053501183,0.22193548387096773,0.04258064516129032,5.212121212121212,0.04960069950331539,0.08328377904122672,0.10138381191659289,0.12603025884610766,0.07575442857853618,0.10884430772224632,0.1401575209985977,0.1731227913265497,-1.5583134776292877,-1.5030853258571268,-1.473407773316341,-1.4329964531418984,-0.9686827669034817,-0.9340019454026186,-0.9011832108421443,-0.8666329892772306,0.7607306801412295,3.988988988988989,5.939826693920351,1.1701701701701699,0.5496688741721855,0.9737387861358358,0.9483264655857008,0.9895458274239963,0.15003978332459325,-0.14280908941866657
9,4.0,13.0,2,6.357147669973017,43.15986793972343,6,0.14642131979247464,2192.9375850627193,117.14925770896943,1729.3120068567016,14.761613011264505,0.6835836941777526,0.7900015255479484,6.516217133836004,0.9984498087478711,0.10838709677419356,0.1032258064516129,1.05,0.2724731182795699,0.09989247311827956,2.727664155005382,0.21344086021505376,0.056129032258064517,3.8026819923371646,0.03148805236609144,0.033587653673536264,0.043904293354080456,0.07885842664630627,0.04452987933573083,0.04771781434751749,0.06222716671642866,0.10976341618062786,-1.4077410718699288,-1.4046892819542105,-1.3896939507789312,-1.3388877948122504,-0.9369015003305676,-0.9337755196945402,-0.9195481422922966,-0.8729357129971418,0.6750960248134138,3.7467467467467457,5.366976945540476,1.3243243243243243,0.5298013245033113,0.9707383756902385,0.9468376174304198,0.9908784250497624,0.12988622188226942,-0.1739877155057774
9,4.0,14.0,2,6.349229489909356,48.7163586088326,6,0.3001611025771491,2096.5628922406854,148.24733212079346,4217.380410878861,28.448271888242115,0.6285162078968911,0.7537985295769787,9.584258096232139,0.9957746538989446,0.10838709677419356,0.12989247311827956,0.8344370860927154,0.2627956989247312,0.1064516129032258,2.468686868686869,0.25139784946236554,0.05591397849462365,4.496153846153845,0.036173026558345624,0.042583019918441725,0.048875259852415816,0.07935420648305612,0.04789811864033888,0.06099328649633695,0.07171302875938859,0.10578861768769625,-2.135060072707108,-2.120860718189575,-2.1069222099084155,-2.039405545815812,-1.4129887517202415,-1.393554565899718,-1.3776456852057724,-1.3270750217015868,0.7305425170237803,4.143143143143144,8.470868266557403,1.39039039039039,0.5198675496688742,0.9279470857541015,0.9268010266365804,0.9791531419682499,0.14081871486327371,-0.17094918900318018
9,4.0,15.0,2,8.882143084780026,87.21981705782456,5,0.321836145165449,1034.6262465481045,1658.7064766570272,3931.7133785126616,2.3703490845690034,0.8728195905440795,0.8839863163654474,23.062814367173402,0.9998824286891608,0.12451612903225809,0.13,0.957816377171216,0.2756989247311828,0.1232258064516129,2.237347294938918,0.26483870967741935,0.03290322580645161,8.049019607843139,0.042062360555839944,0.039526106400446376,0.04813932234741213,0.07535541091829513,0.06509441188399549,0.058990652842713626,0.07469646115908199,0.11413187172020278,-1.25745914686693,-1.2607884199377004,-1.2494820814763192,-1.2137562491191576,-0.7492373087388063,-0.7541288871563617,-0.7415421856710955,-0.7099384801703451,0.6948519385787311,3.724724724724725,3.670321730827201,1.06006006006006,0.5066225165562914,0.983741543458641,0.9487532471112232,0.993764824406404,0.16775467928775897,-0.15674293772399148
9,4.0,16.0,2,13.783906639894365,203.8835740076927,3,0.39997041877527884,2632.457556603645,2019.5635036248584,9874.862018385887,4.8896021346502705,0.9362254504570933,0.9102887610930825,16.606959573803977,0.9999743878244004,0.11806451612903228,0.15666666666666668,0.7536032944406316,0.26924731182795697,0.11666666666666665,2.3078341013824883,0.24387096774193545,0.046129032258064515,5.286713286713286,0.023476573762097015,0.039204657243335224,0.04599015996438004,0.058923368505924806,0.05158867605842011,0.07252566461786568,0.08508966172370254,0.10834132827409826,-1.1555087566619233,-1.1368978993084071,-1.1288686932475478,-1.1135649787436737,-0.5355319514515453,-0.5237096270468136,-0.516615213770349,-0.5034858783776803,0.7557776620924203,3.5485485485485486,3.0724688427090037,0.9279279279279278,0.5165562913907285,0.9837146403912186,0.9573034667343575,0.9957309583161711,0.13014860411475956,-0.1056460912111814
9,4.0,17.0,2,8.212711803096933,79.03566832630607,5,0.2906621339026243,1929.772784769602,73.06894172081405,4724.774691023703,64.66187383794868,0.7081364790684526,0.7887780656901899,14.373641775877923,0.9997606871752994,0.11161290322580646,0.1298924731182796,0.8592715231788078,0.2756989247311828,0.08,3.446236559139785,0.29537634408602154,0.05559139784946236,5.313346228239846,0.02632695772498499,0.03031373692457189,0.03524904439075097,0.052761438625965815,0.047157640736442775,0.054407190215751154,0.06299694464137834,0.09378665760647546,-1.357886723833303,-1.3523267521478133,-1.3454439607020303,-1.3210211343506189,-0.6995533759362607,-0.6942309353846181,-0.6879245493927577,-0.6653195009926325,0.7857340960168504,3.7467467467467457,5.646141419303673,1.3023023023023015,0.5960264900662252,0.9580226137737515,0.9461834094028059,0.992719568271339,0.14353141421286852,-0.16243969505943018
9,4.0,18.0,2,7.765550871677782,68.69431826409507,6,0.5188712081674711,1921.0280332247817,639.4003905781663,4883.00753231988,7.636854159417245,0.8342897355770154,0.8933922199180127,3.0291828011582673,0.999188812794382,0.11483870967741935,0.07333333333333333,1.565982404692082,0.26602150537634406,0.10634408602150539,2.5015166835187053,0.31451612903225806,0.06935483870967743,4.534883720930232,0.04801889548037904,0.06423871205146589,0.06889763557968065,0.110715239502131,0.07091377941486418,0.09569719975265492,0.10401832741852429,0.1631209379272569,-1.573218439855209,-1.546414006028154,-1.5387147939643164,-1.4696081433291048,-0.9354151463208468,-0.9104629015797665,-0.9020850904782075,-0.8425798735973119,0.7286411318273602,3.9009009009009,7.65391938823014,1.5665665665665658,0.4966887417218543,0.9724525235955407,0.9478757176460701,0.989046366671642,0.1535754748763286,-0.147748188638401
9,4.0,19.0,2,8.846725991398312,89.54316865585575,3,0.3419571686026318,1069.9951656565304,132.84373424818858,2090.9771282233764,15.74012609670289,0.6934810488769543,0.8805127667225212,4.405312911831256,0.9971873113261791,0.10516129032258063,0.11000000000000001,0.9560117302052784,0.2595698924731183,0.11655913978494623,2.226937269372694,0.1860215053763441,0.03258064516129032,5.7095709570957105,0.05826624729811049,0.054873430453459875,0.057023445429809166,0.09211127886884404,0.06792491451426216,0.0670601031647379,0.06971009916573422,0.1135388078535205,-1.6935206879692517,-1.6996219936731423,-1.6957556197309906,-1.632657136051777,-1.2426706388815394,-1.243823631477265,-1.2402905768179662,-1.1818568194152343,0.7183525801555749,3.834834834834835,4.8493740673352335,1.2582582582582587,0.5596026490066225,0.9260478769092769,0.9171787372687217,0.974117942068692,0.14670551289751085,-0.15556580101485493
9,5.0,0.0,2,11.077704717977875,148.33696111295615,5,0.4840120453639313,5519.629974621125,1153.284510596963,9187.653001835264,7.966510360118816,0.87062901924711,0.8456401772623361,6.756800045093634,0.999425686017237,0.147741935483871,0.06999999999999999,2.1105990783410142,0.11043010752688172,0.1432258064516129,0.771021021021021,0.24333333333333332,0.15666666666666665,1.5531914893617023,0.0972487244190994,0.15204350847662934,0.1755718543353418,0.2804788412558724,0.10647652490275607,0.1962070981001231,0.22004845064610118,0.33745471564192325,-1.9261187856317856,-1.809208108479951,-1.7590078039451869,-1.5351772498187044,-1.469699922669889,-1.3221078110301332,-1.2828926868954749,-1.089778590406246,0.7849485719042398,3.944944944944944,35.03842245290676,1.874874874874875,0.5496688741721855,0.9550210517832884,0.923290858197545,0.9862684516256863,0.16627563588264452,-0.13138068661026792
9,5.0,1.0,2,9.500537104019928,111.56598475972979,3,0.38596833652596896,3687.0391685095583,1233.4229695755898,3738.4143746972877,3.0309265085144665,0.7328126843787309,0.8598518943392756,12.930176683294453,0.9987695746646931,0.10193548387096774,0.16,0.6370967741935484,0.25311827956989247,0.07333333333333333,3.4516129032258065,0.282258064516129,0.035591397849462365,7.930513595166162,0.03525345576405523,0.039330271108077915,0.04263093651096618,0.049241550329258935,0.04044827527238048,0.05844088868867827,0.0590622459191399,0.07131521061632698,-1.7595161905059735,-1.7520808463252986,-1.7460610536133958,-1.7340045377212552,-1.0554645193603946,-1.0356734392319515,-1.0349899737201924,-1.021512253695743,0.6996955728312151,3.988988988988989,1.9466563433422632,1.1261261261261257,0.5728476821192053,0.9596484831579021,0.9287164298743066,0.9867291582584699,0.1486093132707145,-0.16725483755356804
9,5.0,2.0,2,7.794540111877868,67.11937450993513,3,0.37708743437575565,4810.871751368695,1900.3409688902755,6106.967337160646,3.213616628350056,0.6957059872347116,0.8120826267545539,2.5623455469616894,0.9989453478662151,0.10193548387096774,0.15989247311827956,0.6375252185608608,0.26301075268817203,0.09978494623655913,2.6357758620689657,0.2147311827956989,0.06150537634408602,3.491258741258741,0.025650328795016445,0.032528540277935496,0.038112547576083025,0.05814086011210129,0.03141716879371446,0.04324370091662368,0.04724494476177392,0.07474168874522287,-1.8222581813797194,-1.8093943425357975,-1.7989509634444398,-1.7614934084653802,-1.3599268766818937,-1.3433219789140325,-1.3377040814355061,-1.2990976143791335,0.6912794052513216,4.2092092092092095,8.470868266557403,1.4124124124124113,0.5662251655629139,0.9431144906193725,0.927762548219577,0.983702559060398,0.15343112070094234,-0.15258152113996828
9,5.0,3.0,2,8.696874044410455,90.02129089343367,5,0.37516087597950465,3580.844258384059,1392.595407279909,5631.011641205518,4.043537420681508,0.8313036550303575,0.8232180968670066,4.263026513875976,0.999663730325764,0.11483870967741935,0.13999999999999999,0.8202764976958526,0.2724731182795699,0.06333333333333332,4.302207130730051,0.24763440860215055,0.025806451612903226,9.595833333333333,0.049573795203156926,0.05108632492822418,0.058510246369778085,0.06884057377379371,0.0712960541324178,0.06811959914656646,0.06304270124850267,0.08210761567986898,-1.5321559116338095,-1.5297176041165215,-1.5177497048027466,-1.501096468474358,-1.0697874304792627,-1.0734464346565007,-1.0792945863536505,-1.0573334372570078,0.7131264278998024,3.922922922922923,2.5084150592775414,1.4344344344344344,0.5496688741721855,0.9710014923052726,0.949626389237965,0.9838587752023839,0.1415359064446435,-0.1571687353103889
9,5.0,4.0,2,7.069088958914495,61.67975400529794,4,0.1295988129187905,2294.8806662243514,488.54137386880035,2642.6516421133847,5.409268863322677,0.5137109008906561,0.7366401852218295,2.1670930914798086,0.9975812908257172,0.12129032258064518,0.06666666666666668,1.8193548387096774,0.2918279569892473,0.07655913978494625,3.811797752808988,0.2174193548387097,0.04236559139784947,5.131979695431472,0.020328780136024956,0.02607371953615003,0.03400108973835548,0.06729759400023878,0.025033504814908788,0.03033411165696536,0.03974928813539225,0.07698077746678762,-1.9690972480795204,-1.9575501656157317,-1.9416164905896982,-1.8746919412272642,-1.6457145872638272,-1.636767319799352,-1.6208747805698178,-1.55802912853887,0.6472365575454045,3.7467467467467457,4.729489277081831,1.6106106106106102,0.5198675496688742,0.9817820778190538,0.9507178767189445,0.992300445268905,0.13434935646323737,-0.18610380302865207
9,5.0,5.0,2,5.011486639108085,27.90964328287192,6,0.3789411415511317,1996.9635599117992,466.4412985110043,4390.999368291482,9.41383059842393,0.6679052939439147,0.8487255499717259,10.233408472674014,0.9959261471105284,0.11483870967741935,0.11666666666666667,0.9843317972350231,0.2926881720430108,0.0532258064516129,5.4989898989899,0.22010752688172044,0.10731182795698924,2.051102204408818,0.027127470256752873,0.03323237164163546,0.04323798806610907,0.06958834455007956,0.028913823869959367,0.03646040363600962,0.046331855034944,0.07518720131122503,-2.1100192015584716,-2.0967785572274793,-2.0750778285774065,-2.017927732907872,-1.821255796529259,-1.8071023130581392,-1.7885885719274464,-1.7344708551291605,0.7250291333582501,3.944944944944944,12.080421346773264,1.984984984984985,0.5662251655629139,0.946301138678551,0.9246356550116398,0.9827261141350982,0.1505581284226186,-0.19915451462065814
9,5.0,6.0,2,6.585062052593247,54.504377552383446,6,0.11672391286548356,2206.3276578349087,559.8902709559351,1727.8921460893919,3.086126399623368,0.5583134224735649,0.8902860895123463,2.879607699111607,0.999637572945328,0.10516129032258063,0.14655913978494622,0.7175348495964783,0.2595698924731183,0.11322580645161291,2.292497625830959,0.28086021505376346,0.05258064516129033,5.341513292433538,0.01813617326548141,0.024377738157803884,0.03388200154511108,0.04503089308222613,0.02959416237315023,0.0366729879521652,0.04828744121940624,0.0680987429626995,-1.3858703495942541,-1.37706057426308,-1.3636456011633888,-1.347909286420522,-0.8488947639511012,-0.842702325966964,-0.8325421968926922,-0.8152116021406397,0.7291199855973799,3.79079079079079,2.5736529368675245,1.3023023023023015,0.5695364238410596,0.9882329443292432,0.9665868882724379,0.996434602252301,0.1396110310124276,-0.19607687658040773
9,5.0,7.0,2,12.540341255933836,179.2156022790263,4,0.4033155691198116,1847.2780553153837,1242.760944887431,5795.208955811435,4.663172736198565,0.8091496065636026,0.6734770931083465,36.335646580947696,0.9996881916492032,0.12451612903225809,0.09333333333333334,1.3341013824884795,0.2954838709677419,0.03623655913978494,8.154302670623146,0.19021505376344083,0.058924731182795696,3.2281021897810214,0.05371278129022389,0.05612537004956138,0.060529802129261095,0.09817324024427664,0.05984938649736046,0.0671609355784312,0.07349140420899769,0.1162376805993649,-1.730965624364444,-1.7265524735519082,-1.7184958070619991,-1.6496377520532626,-1.377330562896969,-1.366619066391147,-1.3573448630910443,-1.2947211174093334,0.7201990318132584,4.033033033033034,7.65391938823014,1.6766766766766759,0.5364238410596026,0.9869304456644082,0.9495964326105941,0.9910447413023281,0.1398190291909344,-0.1194525166086121
9,5.0,8.0,2,8.908996301059668,85.03692524337718,5,0.3413976889239597,3982.2462229591697,663.2886790678401,6968.629186878944,10.506178390791144,0.8707421074757444,0.8604160194699707,114.51821340220995,0.9997266907190794,0.11483870967741935,0.11989247311827955,0.9578475336322871,0.2693548387096774,0.11655913978494623,2.3108856088560885,0.2866666666666667,0.05924731182795699,4.838475499092559,0.03927054824374847,0.04085460463575254,0.06150915562757919,0.09740813922419386,0.052696246348396335,0.05785774380734736,0.0829754739261418,0.13306741165108682,-1.5530351525765036,-1.5504744990481365,-1.5170860735217282,-1.4590547689068938,-1.0071580084908582,-1.0016703879873512,-0.9749656241280921,-0.9217086872205473,0.740863324320356,3.7687687687687688,5.101615314749834,1.2142142142142145,0.5397350993377483,0.9886518169888833,0.9593139453555807,0.9945455020790279,0.14431532253937143,-0.13703781415939506
9,5.0,9.0,2,13.493075784679395,204.83814294187547,3,0.39125497936624143,5394.426527566587,116.20365923826711,6423.021001640357,55.27382737982822,0.9203627730277213,0.8260726589540404,9.539793334834709,0.9998105333589691,0.11483870967741935,0.14666666666666667,0.782991202346041,0.2724731182795699,0.11000000000000001,2.4770283479960895,0.3261290322580645,0.04548387096774194,7.170212765957446,0.03163244007360475,0.040648055371867775,0.04575040518847923,0.0707924530247852,0.04511183314882051,0.0556332813652053,0.06412619125280151,0.09332863582125145,-1.4009306314993608,-1.3878878033875734,-1.380506269302252,-1.344278112411061,-0.9509904850007064,-0.9405119834446504,-0.9320537400885661,-0.902970494649538,0.6717911771487943,3.5045045045045047,3.2322839781813806,1.3683683683683687,0.5,0.9679262968347104,0.9481490705343902,0.9926326631802681,0.13545960862359707,-0.12100380879883238
9,5.0,10.0,2,12.581549601345674,179.56292188658617,5,0.4750642430502109,358.0619208733963,115.76051453735248,5359.247096542863,46.2959854485926,0.9025154453967179,0.8922872416110137,16.222801166760792,0.9996688527180309,0.11161290322580646,0.12666666666666665,0.8811544991511038,0.2724731182795699,0.08,3.4059139784946235,0.2120430107526882,0.03870967741935484,5.477777777777778,0.02006730308213474,0.0234687464737655,0.02644227363244895,0.042156788137304606,0.029397455444502896,0.03297297417691689,0.03801816513827908,0.05839292517940551,-1.4426963983893073,-1.437688656382264,-1.4333109098943284,-1.4101753684944969,-0.9759400374527688,-0.9723448563920976,-0.9672719211485133,-0.9467851171635366,0.7196438390143113,3.7027027027027017,2.3843904700937206,0.9499499499499499,0.5794701986754967,0.9722806401388792,0.9575270681679472,0.9936272126105264,0.12804055570553868,-0.12800425047414019
9,5.0,11.0,2,8.565307025613826,85.0904543427692,6,0.31464553252768124,3444.3455301176336,637.6181718056343,3635.9106025842293,5.70233215325075,0.730947314468511,0.864758869703126,5.453156208700795,0.9991387532482393,0.11483870967741935,0.12666666666666665,0.9066213921901529,0.28537634408602147,0.1,2.8537634408602144,0.29978494623655916,0.05193548387096773,5.772256728778469,0.01580708459187587,0.021894653687073686,0.03093779178973075,0.04863583283286622,0.028188764173390807,0.03505178609441949,0.05209955534331538,0.08306854381842876,-1.4180556418571761,-1.4092844837178586,-1.396254850191947,-1.3707549643889374,-0.8086222337500505,-0.8029116678382071,-0.7887266031442678,-0.762958005586919,0.6995899501849184,3.8568568568568558,3.4004119327037095,1.3243243243243243,0.5264900662251656,0.9799075370567883,0.9634140634864529,0.9950297721835322,0.11759991086017056,-0.17419092901575275
9,5.0,12.0,2,12.228986633737295,169.82524328068834,4,0.5411319057304611,10771.882175393072,378.49658488743324,7529.950663598168,19.894368837799718,0.8992329389288292,0.8697198639822473,31.787608553213033,0.9998795048673407,0.11161290322580646,0.11989247311827958,0.9309417040358744,0.2724731182795699,0.07666666666666666,3.5539971949509117,0.24376344086021504,0.07870967741935483,3.0969945355191255,0.0475886804741368,0.06965657566576207,0.08517040593355268,0.1159933755408732,0.0650225162822155,0.0922189338975074,0.11182301139863238,0.1613633708118693,-1.534734429225393,-1.499173786636658,-1.4741744938384682,-1.4245057512505783,-1.0526933241319985,-1.022072814266795,-1.0000005377996222,-0.9442229318811938,0.7059909753576232,3.878878878878879,9.862658461312831,1.588588588588589,0.5264900662251656,0.9942076526839745,0.9608548555762553,0.99514744093674,0.12728459331237973,-0.1168913421391597
9,5.0,13.0,2,9.430789756391155,112.50286207718136,5,0.11066722486981251,912.3664612936047,394.81759410777465,1166.662222292447,2.9549397992987605,0.7303251540352027,0.8349709814290949,3.4060393574642065,0.9994289034204757,0.10838709677419356,0.11000000000000001,0.9853372434017595,0.2627956989247312,0.10333333333333332,2.5431841831425603,0.33419354838709675,0.03924731182795699,8.515068493150684,0.032819465566741625,0.03580710875411399,0.040992462066004695,0.06921182420761424,0.0634181697688938,0.06589928380541861,0.07324735169156413,0.11610718187040694,-1.259331626642086,-1.2554415219294384,-1.2486898564559354,-1.2119464213231974,-0.6598869837515615,-0.6581388664968182,-0.6529616420437303,-0.6227639132944529,0.7368759855234621,3.79079079079079,4.165044248545185,1.0820820820820811,0.5165562913907285,0.9421316874383693,0.9336839165788565,0.9884094938683624,0.14675623556703835,-0.16359556888662125
9,5.0,14.0,2,6.842207853373371,60.70031177499839,4,0.3007853323240878,2516.019255631334,525.3374615732591,3365.488741261744,6.406336854757923,0.690826437598347,0.7203098654712661,164.50101616934177,0.9970075496668708,0.10838709677419356,0.09,1.2043010752688175,0.26924731182795697,0.10989247311827957,2.450097847358121,0.2578494623655914,0.05946236559139785,4.336347197106691,0.03045727228174433,0.028522210660629408,0.03962927896242856,0.0740824491125284,0.04658095516651808,0.04328680411133673,0.054269241490316006,0.10107234388579335,-1.8675664089712205,-1.8712937909416765,-1.84989897556164,-1.7835340991973727,-1.2466178740666873,-1.2509250542174488,-1.2365652584784779,-1.1753690989050494,0.7206456577156334,3.988988988988989,3.0724688427090037,1.2362362362362358,0.5132450331125827,0.9286634182130521,0.9155424892616894,0.9754768063847644,0.15291319067881853,-0.17904937010409663
9,5.0,15.0,2,9.131014667350863,93.90764738304769,5,0.36621113816759143,4974.99787842055,594.7769532101103,3870.71029294089,6.507835033032168,0.9346893522682834,0.9054731473338486,20.241936868014125,0.9999676207494099,0.1341935483870968,0.14333333333333334,0.9362340585146287,0.28215053763440856,0.07666666666666666,3.6802244039270686,0.31666666666666665,0.026021505376344085,12.169421487603305,0.03052371844499764,0.04436131757832331,0.053272780634527825,0.07474601818117825,0.05214168688084086,0.06789239832300052,0.07856771257433703,0.1082608133412357,-1.1826308869092326,-1.1657508740124851,-1.1548800856720896,-1.1286856191876953,-0.6944596800578703,-0.6829197337627209,-0.6750983376564776,-0.6533433337987289,0.7355706248363221,3.724724724724725,2.154434690031882,1.2362362362362358,0.5761589403973509,0.9323076840849766,0.9421814218934116,0.9901819535964946,0.14809910598467307,-0.13215940740623267
9,5.0,16.0,2,10.242900032313132,111.71463919060257,4,0.34522512660489646,1080.3686429346183,139.4668535960526,4530.672755507504,32.48565977282317,0.8686830014830996,0.8965613744067005,17.411642085498652,0.9999018605627397,0.10838709677419356,0.16999999999999998,0.6375711574952563,0.2627956989247312,0.09,2.9199522102747912,0.3004301075268817,0.06924731182795699,4.338509316770186,0.037841815049333566,0.05806226053449848,0.06734060665638611,0.07789149711993312,0.057396991072444226,0.09950480626407458,0.11127327547148413,0.12865869912911596,-1.2045565762837547,-1.179241954462197,-1.1676260964744278,-1.1544170995627956,-0.6100971746459581,-0.5828430084321706,-0.5752258994845582,-0.5639732323987485,0.7198013076857017,3.79079079079079,3.4888485160357896,1.4124124124124113,0.4966887417218543,0.976908481706723,0.951130920588318,0.9884976120911227,0.14381457904585143,-0.13698137241295905
9,5.0,17.0,2,8.659679202963321,83.09836535744303,5,0.3612511391123585,6445.474176240996,432.5157039334138,6208.830556740001,14.355156356810241,0.774119602974058,0.7156308538862421,10.559339605408546,0.9990762896477292,0.10838709677419356,0.11645161290322581,0.9307479224376732,0.2725806451612903,0.0696774193548387,3.912037037037037,0.2583870967741936,0.12193548387096775,2.119047619047619,0.05012388924578634,0.07173830478863806,0.08474148733597878,0.1069641171686944,0.06367442790647386,0.10100701387498831,0.10283730529186987,0.14710758422336334,-1.8183989851624711,-1.777021345654521,-1.7521286531441342,-1.7095866762716287,-1.173607671410323,-1.1268143223957585,-1.1245202015132478,-1.0690310207005231,0.6647006197511474,3.834834834834835,10.375666787451848,1.6986986986986992,0.5364238410596026,0.9864467893635258,0.9484477505499597,0.9938649164798506,0.1569623866653865,-0.1568967510021891
9,5.0,18.0,2,11.23797814512494,150.1993030854295,4,0.3528369060270713,-490.01967840376255,720.8786415888145,4228.401938114576,5.865622442073176,0.8342429752516428,0.7999779519303771,3.7279225898411017,0.9999261418799231,0.11483870967741935,0.15333333333333332,0.7489481065918654,0.2854838709677419,0.15999999999999998,1.7842741935483872,0.2411827956989247,0.05946236559139785,4.056057866184448,0.04195174633735623,0.045075210179219796,0.053772717259250646,0.0793302865299767,0.0687236753058202,0.06865193317807054,0.08420004368664656,0.12226151683076814,-1.3487887964365841,-1.344391426032876,-1.332146635583517,-1.2961653966796092,-0.7986981424069609,-0.7987596711956206,-0.7854250178259928,-0.7527820448528904,0.7882328290762781,3.7467467467467457,4.381689931514194,1.1041041041041042,0.5629139072847682,0.98177998258035,0.956102563190521,0.9952314205891468,0.15349691700675647,-0.14448704206162255
9,5.0,19.0,2,7.020096869636733,56.68446717987298,5,0.47261782516016015,2001.2886434848874,49.911215688406415,4512.591433226205,90.41237266986482,0.6965256188531552,0.8759301369735777,4.622150285386254,0.9992340078075813,0.10838709677419356,0.1032258064516129,1.05,0.2627956989247312,0.056666666666666664,4.637571157495257,0.22440860215053765,0.0721505376344086,3.1102831594634877,0.02158957000666011,0.028691166778750356,0.0379334943105512,0.06711142596626277,0.03241437376600374,0.04006815150732048,0.05377788775328307,0.09596158044229955,-1.325573850663007,-1.3159524375111669,-1.303430711127382,-1.2638997514875638,-0.8715264557993321,-0.8646325235131238,-0.8522838511926258,-0.8142880364709055,0.7122042575982965,3.834834834834835,3.4004119327037095,1.4344344344344344,0.4900662251655629,0.9663308782679528,0.9437835200490033,0.9905835211505527,0.1434760020145443,-0.17861769329976937
10,1.0,0.0,3,5.999657143163606,43.857911773770525,6,0.22682530908820275,4064340.6098227696,112130.4291831523,677007.2786737131,6.0376766913814155,0.7142102580451348,0.7308896710151106,18.071393357369068,0.999547691763382,0.08473118279569893,0.19666666666666666,0.43083652268999456,0.16903225806451616,0.24666666666666667,0.6852659110723628,0.24763440860215055,0.06301075268817205,3.9300341296928325,0.1599067122807293,0.23858155820061264,0.2714530527838005,0.3559744055826069,0.21019119210475,0.2719308381803035,0.30851037631745226,0.3870423728435994,-2.0746649901265215,-1.8803723433221302,-1.7991940504089476,-1.5904630747742359,-1.5924609261838873,-1.4679776677181486,-1.3942237609511474,-1.2358827362968816,0.7407803977773052,6.345345345345345,7566.218500481063,4.561561561561561,0.5794701986754967,0.9253810791249278,0.9031061322835385,0.9675620987120358,0.19035054002657628,-0.17203823741527152
10,1.0,1.0,3,7.707146302517193,68.34370792502585,5,0.39150132992477005,4264716.244748173,27889.291638219813,837995.2481762524,30.047204462800117,0.8161681157844961,0.8014717855253344,155.88268361946245,0.9995866725131459,0.10838709677419356,0.12333333333333334,0.8788142981691369,0.2694623655913978,0.08634408602150537,3.1207970112079697,0.23139784946236558,0.0946236559139785,2.445454545454545,0.10492382320935349,0.13853058314243044,0.13108981982127918,0.18062626460096673,0.12502388617496218,0.1424743709645488,0.13937043046985909,0.18807067218386997,-2.5581008313142264,-2.462053720742218,-2.4833191988445376,-2.341745527399466,-2.2221866640657244,-2.177867471840718,-2.1857505843787273,-2.0620660334936134,0.7513495487438545,6.41141141141141,8373.806535266507,4.64964964964965,0.6490066225165563,0.9168253755973965,0.8765651012458089,0.9629401888712505,0.21487573983033487,-0.13841603109339695
10,1.0,2.0,3,7.512857769656344,67.33333514244535,4,0.33851414502880384,5020372.152517002,66561.78811505505,1094649.3022510083,16.445611412344537,0.8686313768173579,0.7338774758061383,21.02620963737327,0.9996244243773573,0.14849462365591398,0.13666666666666666,1.0865460267505902,0.12494623655913979,0.11645161290322581,1.0729455216989843,0.17236559139784946,0.11634408602150537,1.4815157116451019,0.23114181465358385,0.2673371362007897,0.34739336080568145,0.4284260865011102,0.23250928363028625,0.26481874419678814,0.3378825514723462,0.4071436360888846,-2.907559126813212,-2.770680779780852,-2.467935473891593,-2.1614973743087154,-2.751984820904271,-2.6361330677114854,-2.374148806154696,-2.1257999343329526,0.7617137557657225,6.389389389389389,9749.649183484096,4.693693693693693,0.6225165562913907,0.933867360038585,0.8806937442817997,0.9640932326535727,0.21894163095857236,-0.1588592619109671
10,1.0,3.0,3,5.737176826935202,41.603239826208636,4,0.23194225508736277,3899908.501910477,150621.49386924246,503398.83898569294,3.342144776645912,0.7670381189511393,0.749400871452116,424.90551713116645,0.9989015443023964,0.10849462365591397,0.08666666666666667,1.2518610421836227,0.13204301075268815,0.04655913978494623,2.836027713625866,0.20279569892473118,0.08225806451612902,2.465359477124183,0.09443057052890998,0.10433262613483016,0.14736810646277523,0.2361192151745206,0.09664917306882902,0.1088295606620398,0.1549493186007595,0.2363624784935003,-2.7315418807290412,-2.7016735142486525,-2.571862134748208,-2.3041550296741535,-2.4679598051434795,-2.434682914156139,-2.308683462534029,-2.0862622279096295,0.6643439560548412,6.499499499499499,6177.187597338489,4.583583583583584,0.5662251655629139,0.957810885930577,0.9130948286112003,0.9742883414440978,0.18311126101677616,-0.17315812851337792
10,1.0,4.0,3,6.461107681354936,46.32333799401043,5,0.14984345879765204,3322915.7533721016,147705.93770147642,453215.25795243966,3.0683618072850805,0.9270604684490426,0.7365577486194324,37.84732141736816,0.999543199140747,0.11193548387096774,0.06978494623655915,1.604006163328197,0.16376344086021505,0.10311827956989247,1.5881126173096975,0.2013978494623656,0.09161290322580644,2.1983568075117375,0.2164115730793218,0.2825601664278983,0.2988191833644335,0.3527117619114441,0.2266920579803255,0.2744584490231419,0.2748398339551484,0.3629436872795727,-2.488312725699708,-2.2782555311808563,-2.226624448637261,-2.055486661998061,-2.205068604124997,-2.068863913215212,-2.067776403448459,-1.8165504295360133,0.7334204490173803,6.499499499499499,12252.583153038257,4.847847847847848,0.6026490066225165,0.9445742084682571,0.8812915295343193,0.9612313126015364,0.20986778585739127,-0.12958839639585298
10,1.0,5.0,3,5.724436287290179,40.46718178236017,5,0.42102725230451843,5911955.7739610495,282272.49392590753,1067796.9949551306,3.78285882589542,0.8174799570229017,0.5375785110478695,24.4288834252928,0.9990018632920398,0.10193548387096774,0.11333333333333333,0.8994307400379506,0.2663440860215054,0.0532258064516129,5.0040404040404045,0.21569892473118282,0.07827956989247312,2.755494505494506,0.0721963645269627,0.07991935036753424,0.08275193675618985,0.10548991588313751,0.08225079651513745,0.08440659421246158,0.08814436667721574,0.11050971953574218,-4.2974504000714795,-4.261678662042678,-4.248558537219112,-4.143239551864955,-3.8090744034975565,-3.8001268677254574,-3.784613420949878,-3.691787088031127,0.7615886242588545,6.6756756756756745,8809.37190447399,4.847847847847848,0.609271523178808,0.8722676747929853,0.8576495023786787,0.929662577104642,0.20818321430038514,-0.18309836056106846
10,1.0,6.0,3,6.722437189517991,62.16108806421106,4,0.2807373212708597,3931081.171207171,13245.22245965339,1097683.9529229729,82.87395370418699,0.5758320191108859,0.4290705198353928,68.09694278245449,0.9989861798688765,0.10193548387096774,0.14655913978494625,0.6955245781364636,0.25763440860215053,0.10623655913978494,2.425101214574899,0.16795698924731184,0.09172043010752688,1.8311840562719814,0.08219740739633109,0.13458992590633972,0.20957763457434292,0.2197885380203486,0.09017843062373612,0.12394303647069232,0.15513319303194933,0.17744284669827537,-4.441564154262787,-4.188018638003724,-3.825127182352837,-3.7757130892854383,-4.314785426694952,-4.15465839283443,-4.006740562001834,-3.9009380928648714,0.7137235005449839,6.587587587587586,19828.83949127067,4.825825825825825,0.6225165562913907,0.9106042510739315,0.8619747045589,0.9308879608942806,0.21294075212332464,-0.1853366036745427
10,1.0,7.0,3,6.908130536800029,56.49948945847142,5,0.35089256689549986,5560577.707874736,113210.32717069422,1651608.4007410735,14.588849286256734,0.7484106737834915,0.6977847937004327,35.5823020732322,0.9996960611521524,0.1341935483870968,0.13666666666666666,0.9819040125885132,0.30483870967741933,0.15623655913978496,1.9511355815554023,0.2886021505376344,0.09838709677419355,2.933333333333333,0.2590455226185136,0.3034276325461132,0.3522792249001588,0.403301810237497,0.30693947716855136,0.35614534528820535,0.385009755791243,0.41376035348402584,-2.0173260936350683,-1.8964911554834907,-1.7634875837664923,-1.6245732564929956,-1.616232693283611,-1.5014835045237607,-1.434171051439899,-1.367124012383801,0.72975375642274,6.587587587587586,17030.650292528426,4.825825825825825,0.5562913907284768,0.9433827908156468,0.8986193710603473,0.975073887040809,0.1921572526674547,-0.15001125979941207
10,1.0,8.0,3,6.989712313786538,56.22687174840405,4,0.550559018481219,7548468.71631599,74896.29834379726,1932865.611232554,25.807224842542965,0.8952025773620779,0.8242818917958039,19.27005146047332,0.9994976179775988,0.10193548387096774,0.06322580645161291,1.6122448979591835,0.2798924731182796,0.08612903225806452,3.249687890137328,0.1938709677419355,0.05827956989247311,3.326568265682657,0.07352345440604266,0.08657344015231433,0.10536801236693322,0.17832237995860867,0.07276046039097711,0.0817808622212632,0.10483378691604006,0.16539374045321398,-3.363020883474482,-3.315650688511133,-3.247428196366757,-2.9826108484066007,-3.1890013620312727,-3.157978015318749,-3.0786934236786574,-2.8704130753276464,0.6810696546131761,6.389389389389389,7192.118872221178,4.6056056056056045,0.609271523178808,0.9532196984197515,0.8942607174853492,0.9635257573305769,0.20875069023011186,-0.1285436663104701
10,1.0,9.0,3,6.809364876798309,55.91039205908345,6,0.4684392821480161,5833789.849646127,74917.87427272346,928058.1235299078,12.387672935720236,0.8305554896771489,0.6270714564635387,367.75667202586254,0.9992359561060687,0.10193548387096774,0.1296774193548387,0.7860696517412935,0.31322580645161285,0.13279569892473117,2.3587044534412955,0.181505376344086,0.10505376344086022,1.7277379733879221,0.09981438060586985,0.10156621136295822,0.2314225804103373,0.2498134816628708,0.10653768230738363,0.11043038191230581,0.16852279849427226,0.2437226798492774,-3.3492483878743133,-3.3427304917731115,-2.8595843213423175,-2.7911587710507453,-2.8595942850248335,-2.847135403074108,-2.6612061935579385,-2.4205232383856754,0.7165336488650635,6.543543543543544,11351.54708920999,4.913913913913913,0.5860927152317881,0.8934374796747558,0.8719299569489135,0.9535414223395616,0.20474142333761275,-0.15117969171616047
10,1.0,10.0,3,7.7796598576321,69.72628644285503,6,0.6719923128611516,7959456.176058401,264697.9038394728,2487278.121710899,9.396667240777695,0.8841991763597772,0.8166349756153709,20.163092453015057,0.9997797260865094,0.10193548387096774,0.13645161290322577,0.7470449172576834,0.2032258064516129,0.11612903225806452,1.7499999999999998,0.20225806451612902,0.1086021505376344,1.8623762376237623,0.14824446142263517,0.2681069525759186,0.23876962616485198,0.27392301066817354,0.16572261156905588,0.24319338858813946,0.2198735217787753,0.24588016624734815,-2.650034431229185,-2.2771108467231906,-2.3683869483607434,-2.259015567619696,-2.3176237253750807,-2.1024098009268184,-2.167192422797485,-2.094945928917173,0.7159310935009604,6.653653653653654,10256.779307444209,4.627627627627627,0.5927152317880795,0.8882608121221738,0.876407481994747,0.9624900414192589,0.21017367993257335,-0.09817414180334848
10,1.0,11.0,3,5.6580820527682185,35.008784175459,3,0.622917617141677,6948287.511591526,354051.052775727,1746423.258144229,4.932687657478871,0.8901963074636032,0.7721127872081821,39.354426863317514,0.9993992972967332,0.10881720430107526,0.08655913978494624,1.2571428571428571,0.1643010752688172,0.09279569892473119,1.7705677867902665,0.18376344086021507,0.06215053763440861,2.9567474048442905,0.1771796335267124,0.19230933761654329,0.24567946274082655,0.3674251410370597,0.19103484803318357,0.19446846286065655,0.22752095181039644,0.3344056217002695,-3.289577753360988,-3.2290902642117287,-3.015720270642623,-2.5289896412007544,-3.078492364349569,-3.0654258472038136,-2.9396456023970554,-2.532899231033588,0.6977162970995398,6.6756756756756745,11942.0002813353,4.89189189189189,0.5894039735099338,0.8959768261122896,0.8805667191219584,0.9370805186070594,0.19723955813116517,-0.16931887299384024
10,1.0,12.0,3,4.395933732506154,25.00568881194227,4,0.29961543051787587,3283696.943391493,25076.88499128542,488203.9309068739,19.468284480968503,0.5602854734374496,0.503907673264935,162.75328750716056,0.9980089551397898,0.1286021505376344,0.08333333333333333,1.543225806451613,0.17096774193548386,0.0664516129032258,2.5728155339805823,0.18118279569892476,0.06849462365591398,2.6452119309262168,0.1264763702515289,0.16451828322031364,0.19887787920928926,0.26499568796730516,0.14504752708789673,0.1704724607573819,0.19443453337076375,0.25814557999496524,-4.5048740189776755,-4.308686967444067,-4.131490099492279,-3.7905120323603274,-4.225773498628838,-4.1001056816343455,-3.9816683478291726,-3.666763764329435,0.7096702904163366,6.455455455455454,3720.236681413066,5.0240240240240235,0.6026490066225165,0.9127383266613521,0.8830780463480085,0.9374149387679487,0.20350197840238685,-0.22247838403621367
10,1.0,13.0,3,6.765903566426017,50.88817124709708,5,0.4916135771228387,5602043.168817463,92326.29366441572,1562103.8007947046,16.91938167119091,0.8113373960954415,0.5647182230971225,6.368594963860443,0.9994473666536993,0.12784946236559142,0.09,1.4205495818399048,0.2217204301075269,0.08634408602150537,2.5678704856787054,0.3744086021505377,0.06215053763440861,6.024221453287197,0.2699249477618297,0.28151672176596065,0.32095309893404395,0.44222429494670956,0.28209230527771517,0.2822182885525157,0.31614883196171206,0.43971363019452137,-2.756718815437859,-2.712948984646453,-2.564039632630281,-2.1061270018755636,-2.563220103717053,-2.5627702925991684,-2.441624563648401,-2.0004483828239294,0.706479425984821,6.587587587587586,32924.37333007762,5.046046046046046,0.6324503311258278,0.9371577704485725,0.8738162588909174,0.937483889675631,0.21390177889436296,-0.18480278686893747
10,1.0,14.0,3,8.614106111367823,90.47166332048343,6,0.44931663916945697,6287293.53744104,172180.25470846705,1547417.594642474,8.98719540903536,0.8797546461271525,0.7347723462997412,54.15871332303277,0.9995114518122288,0.1086021505376344,0.11666666666666665,0.9308755760368664,0.1738709677419355,0.08634408602150538,2.0136986301369864,0.19010752688172042,0.10806451612903226,1.7592039800995023,0.28629336347062967,0.3021217546301198,0.3227997956092336,0.42104520145090774,0.27590456550400333,0.2846402337853118,0.31921591942979066,0.40416883853731733,-2.599677782555414,-2.5420228376175027,-2.4667030339772005,-2.108843956125919,-2.5137880819025007,-2.4834611142586684,-2.3634272867326107,-2.0685025773619863,0.7154059435275679,6.587587587587586,7959.777002314978,4.825825825825825,0.5860927152317881,0.8954298918526499,0.8582865408483886,0.9327930857578578,0.22023685515463912,-0.11740683715408318
10,1.0,15.0,3,8.381551942187778,91.46411919437448,5,0.3718866120202712,7288179.188500645,190607.76942377287,1187549.3460443113,6.23033022019195,0.7391691346657914,0.7248753899266009,17.878310197918896,0.9992261079764828,0.10193548387096774,0.10989247311827957,0.9275929549902152,0.3231182795698925,0.03634408602150537,8.890532544378699,0.2346236559139785,0.10440860215053764,2.247167868177137,0.12070329150344092,0.10081951910711513,0.10388840851243852,0.1341796741282609,0.09193002052974354,0.08600786906432883,0.09631119951001385,0.12288220407202395,-3.362775458399579,-3.438818802118099,-3.42708216546628,-3.311236486035821,-3.3440138740541574,-3.3658224979623608,-3.327879959679755,-3.2300308842651564,0.6798259389004957,6.653653653653654,4556.786265841069,4.913913913913913,0.6225165562913907,0.946482033181462,0.8893963614291651,0.9511963084934296,0.20490436275996415,-0.1656149052387805
10,1.0,16.0,3,4.764379464232231,26.842832502515968,4,0.62717424217386,5317675.708648594,49965.20380523644,1060547.3084555892,21.225717653220944,0.8536884608749838,0.6794070820611188,22.81887239967346,0.998741395455543,0.10516129032258063,0.09333333333333334,1.126728110599078,0.2564516129032258,0.09989247311827956,2.567276641550054,0.2750537634408602,0.11204301075268816,2.45489443378119,0.15737799696895519,0.1559872451744849,0.19033074887321716,0.22701768768837643,0.21575195118241275,0.21732464295346032,0.25921546242641175,0.3013218667095961,-2.241361419172017,-2.245060797309019,-2.1537076117612477,-2.0561209252612125,-1.427066858224207,-1.42420508979769,-1.3479779315359202,-1.2713584816538095,0.7614894002663526,6.279279279279279,18382.468681988492,4.86986986986987,0.6026490066225165,0.9118436222100406,0.890819605770883,0.9739745191227825,0.19438318848593233,-0.177975604572375
10,1.0,17.0,3,5.8658163718631675,40.225736486169275,5,0.4927777036677473,6826277.658387285,401075.58029420115,1336658.1282925603,3.332683897912909,0.8421455916037871,0.5349923558767888,4.847992002330285,0.9993542638503023,0.1753763440860215,0.06666666666666668,2.6306451612903223,0.12774193548387097,0.10623655913978496,1.2024291497975708,0.25451612903225806,0.08569892473118279,2.969887076537014,0.18682560367497608,0.19484976822450156,0.24775457450038738,0.4635587797432139,0.18482274197892176,0.18935667513363527,0.2374454769732292,0.4244827508180225,-3.99309235207697,-3.9536896971983597,-3.6939006798816907,-2.634194268322774,-3.786703485467203,-3.7656422250960446,-3.542257640030469,-2.6734224390832306,0.7325760312554354,6.389389389389389,19828.83949127067,4.847847847847848,0.6423841059602649,0.9310179737806454,0.8761863852700514,0.9364287989739128,0.2189898864519728,-0.1743375605682893
10,1.0,18.0,3,5.843009322993303,39.608592899270974,6,0.41106060249399556,5579859.710087398,203293.3359948424,1322179.9625557193,6.503803757685708,0.7193343682280766,0.718647484328909,35.971255446482374,0.9993666423284695,0.10193548387096774,0.10655913978494622,0.9566094853683149,0.2996774193548387,0.11279569892473118,2.6568160152526215,0.17774193548387096,0.05892473118279569,3.016423357664234,0.06146870615885857,0.10411183453627615,0.12834832287386339,0.17921347209303723,0.06638279288727232,0.09382976987806355,0.12280174201938188,0.16455049744393727,-2.9554921421473037,-2.8212063365880393,-2.744884160327065,-2.584706710930408,-2.783844173530204,-2.702003236586541,-2.6156150946084016,-2.4911293539265107,0.693788998020918,6.543543543543544,28278.179796253382,4.627627627627627,0.6158940397350994,0.9154347276383208,0.8870189453307142,0.9540463169018151,0.1926451797833723,-0.18034498738992855
10,1.0,19.0,3,4.544968471394714,23.294202755639954,5,0.42420008611662896,4628978.479494916,192295.683441836,743187.2335833838,3.8648149572643784,0.7700921361209426,0.6885184767848428,28.657697224128174,0.998439171653666,0.11193548387096772,0.11655913978494623,0.9603321033210331,0.14086021505376345,0.11655913978494623,1.2084870848708489,0.20311827956989248,0.07268817204301074,2.7943786982248526,0.1786213691822975,0.2774446232587,0.2964076223600892,0.3705310072864399,0.18466999726336533,0.27358161961074784,0.31230323265833476,0.3768355575085724,-2.6595327602471763,-2.339554041749502,-2.278153957244655,-2.038150671164775,-2.422719619007208,-2.1585223846410595,-2.043462701696585,-1.8517075486296637,0.7282927006343225,6.433433433433433,13216.641839466038,4.803803803803803,0.6059602649006622,0.9630149337537847,0.8871459164581262,0.9659871813139296,0.20545211963317747,-0.18303067728593925
10,2.0,0.0,3,8.98119138736455,98.62688765208821,5,0.486315216653712,7703332.3751238845,449273.38242420106,1480522.5602522362,3.2953711886148116,0.872891507947673,0.7764831799917058,126.0894040131495,0.9998206986613528,0.10838709677419356,0.19666666666666666,0.5511208310552215,0.25311827956989247,0.1732258064516129,1.4612042209807574,0.24602150537634407,0.05591397849462365,4.4,0.06988298908553467,0.07328552121803916,0.08413646462226353,0.1115797350160198,0.11087151680460011,0.10817565766200672,0.12260212509134667,0.170415153405418,-2.141647867961986,-2.133813342196152,-2.10882842144496,-2.0456387143016537,-1.2375731766724851,-1.2413255285833928,-1.2212454057865993,-1.1546947075969287,0.7660804962950835,6.433433433433433,5581.446249454955,4.451451451451451,0.6192052980132451,0.9432347340152843,0.9103450393021837,0.9798193369471417,0.18948196917164167,-0.14400118826001546
10,2.0,1.0,3,5.338345155717076,34.45597923173793,5,0.5971877466673519,10803078.677657945,219327.26589744966,1955426.2188779365,8.91556373931288,0.9064700446863767,0.7833473059787097,16.642199515300188,0.9995257733557319,0.11161290322580646,0.17666666666666667,0.6317711503347535,0.2886021505376344,0.16623655913978497,1.7360931435963773,0.2868817204301075,0.048709677419354835,5.88962472406181,0.08515565728504183,0.08586222228806464,0.08965149221379563,0.11807722390450212,0.09901289419186063,0.1071406291666582,0.10772347321347331,0.12631623731145955,-2.6310582087400642,-2.6290261541440936,-2.6181283551659207,-2.5363770110166803,-2.091744449572656,-2.072874984725119,-2.0715218457156563,-2.028356620760197,0.6860181833867808,6.543543543543544,2744.3433032283683,4.67167167167167,0.5993377483443708,0.9068154126733317,0.9021778337066773,0.9680098921390266,0.16988267499471563,-0.15184793676778033
10,2.0,2.0,3,5.011668680264807,28.65177869915503,5,0.6850187988176014,8939528.477075955,48238.14611675395,1787871.4045552034,37.06343523708189,0.9202430021497671,0.7377628930540963,39.369327117976205,0.9996027622366703,0.12774193548387097,0.23666666666666666,0.5397546569741027,0.2886021505376344,0.16333333333333333,1.7669519420671493,0.2512903225806452,0.06591397849462366,3.812398042414356,0.07447133220051676,0.09810939461020832,0.1081869197326163,0.12679767294424343,0.10229969635446196,0.1359143048391725,0.1490323908552129,0.168746351535339,-2.2021969552437106,-2.145952701686174,-2.1219743032712186,-2.077691996862621,-1.483728722012998,-1.4281701353828655,-1.406488421651908,-1.3739049752979815,0.7421038219128789,6.5655655655655645,4444.134744608731,4.363363363363364,0.5827814569536424,0.8534489176763633,0.8793581711706594,0.9735788476364637,0.19854082982705193,-0.1169294422290893
10,2.0,3.0,3,5.235898183655257,33.334379118824764,6,0.5002943035272238,5806855.745311407,21342.17213958398,1090759.2254735755,51.10816360863808,0.710592776617531,0.6711853753750863,8.375937846902668,0.9988768988248199,0.11806451612903227,0.14666666666666667,0.8049853372434018,0.2725806451612903,0.14634408602150537,1.8626010286554007,0.2958064516129032,0.079247311827957,3.7327001356852096,0.2999042740825189,0.2799719197182943,0.28053437347071003,0.28792072566210547,0.2637742949059748,0.2659848626778118,0.24022001271584634,0.2581791433400958,-2.2377318264565935,-2.3014420621941185,-2.299644278525262,-2.276035113709348,-2.0364217439468613,-2.030307249103922,-2.1015735745378783,-2.051898096145104,0.7351000598654873,6.433433433433433,9749.649183484096,4.67167167167167,0.5894039735099338,0.9089465350939996,0.8830003358319535,0.9614963351070962,0.2039946125292346,-0.16754696441032607
10,2.0,4.0,3,10.566080589006885,132.5516527363562,4,0.3100357077678636,7116724.2516794065,60482.8300615196,1260877.7589842458,20.846871049217683,0.855111061028755,0.7023687157817406,40.46719949336117,0.9995690506990824,0.10193548387096774,0.1396774193548387,0.7297921478060045,0.23978494623655916,0.14311827956989248,1.6754320060105186,0.19204301075268818,0.06537634408602151,2.9374999999999996,0.12746423739458082,0.09130889141260079,0.11499774111362344,0.1395088638179444,0.05858677699333905,0.0687007082633923,0.09385988817024618,0.14657646200156443,-2.697704609622366,-2.809489647781526,-2.7362485019466822,-2.6604650538172687,-2.5145119934426283,-2.48749771229818,-2.4202976155979052,-2.279491799498681,0.7163399184748849,6.499499499499499,6177.187597338489,4.67167167167167,0.609271523178808,0.9135879264629778,0.8837445176353413,0.9629416240931643,0.2008007565733359,-0.12134582857412077
10,2.0,5.0,3,7.077182256833204,63.927358891583125,6,0.7528653372620734,8939071.11420377,708423.749256435,2241003.069128469,3.163365247820442,0.9583289211365853,0.8075854196445841,11.048309590969316,0.9996708701285917,0.09795698924731183,0.13655913978494624,0.7173228346456693,0.15462365591397847,0.07655913978494625,2.019662921348314,0.17698924731182794,0.11172043010752689,1.584215591915303,0.11242941089140561,0.13741478055010875,0.18152091112899954,0.2410125890147128,0.11650677027581151,0.1354381917923599,0.1783202017767712,0.23066897743779877,-3.411982982596321,-3.315934671469888,-3.14638267322884,-2.9176858292335726,-3.1055191887551428,-3.038974374587855,-2.888242144414962,-2.704233799072111,0.7617951612378046,6.631631631631631,14627.3335620113,4.75975975975976,0.5794701986754967,0.9332696695467955,0.896537773991151,0.9730774962492065,0.18578768242318228,-0.11730294953758938
10,2.0,6.0,3,8.778394498281372,101.83470782910061,4,0.369432453320261,7515579.004075253,101814.98291474495,1466680.4302568352,14.405349667297632,0.7203137167095619,0.5095393292299585,41.9120382701207,0.999495549200478,0.1503225806451613,0.18666666666666668,0.8052995391705069,0.301505376344086,0.11322580645161291,2.662867996201329,0.3188172043010753,0.0886021505376344,3.598300970873787,0.3632239245085751,0.3512641843730419,0.3472399663513684,0.3391186846308572,0.3699499249774827,0.3369548455714888,0.3274795868662339,0.2950337996133301,-2.45832094149635,-2.504492399190243,-2.5200281892687135,-2.5513809955278317,-2.201657870257984,-2.3169564459329366,-2.350066953697592,-2.463446073380292,0.7196399074421445,6.433433433433433,28278.179796253382,5.09009009009009,0.6158940397350994,0.9122816959000248,0.8784167030633343,0.953009734871761,0.20719670511821933,-0.15417127141372705
10,2.0,7.0,3,4.345108327411313,20.660625560093074,4,0.3814411346700597,4716491.165402563,80018.78453675442,1091262.1013027066,13.637574072391283,0.7617584596730173,0.5808726666294033,9.0229527818992,0.9989101958860278,0.10193548387096774,0.1596774193548387,0.6383838383838384,0.27279569892473116,0.09946236559139784,2.7427027027027027,0.24344086021505373,0.07516129032258065,3.238912732474964,0.19879897445709938,0.11930656426198571,0.0979515397870053,0.09389574969760814,0.22108187996806822,0.05975493124306971,0.06520269786558172,0.0809124540805513,-2.3599684832069783,-2.5941164395048504,-2.6570184866969613,-2.6689649726353624,-2.067474013362358,-2.49568240339224,-2.4812224548646022,-2.4395242174049625,0.7396621654655688,6.477477477477476,9749.649183484096,4.6056056056056045,0.6059602649006622,0.8394285694766309,0.8601106671399625,0.9523419434881892,0.2010293897897714,-0.20064871426723543
10,2.0,8.0,3,4.0074707330910755,18.10019457304115,4,0.2772660360034026,4315405.229772729,59679.2103908006,662294.3936686309,11.097572996219164,0.6313163994571845,0.593481744517026,64.6648796095908,0.9978263984309079,0.11483870967741935,0.09,1.2759856630824373,0.28247311827956983,0.07967741935483871,3.545209176788123,0.21118279569892473,0.07483870967741935,2.8218390804597706,0.07689453761680713,0.07627035948773897,0.09623692677808403,0.15684808769297054,0.08532989025936459,0.07906291017975653,0.10306339823956129,0.15214646750839106,-3.006905831319713,-3.0089390170526102,-2.943900307974044,-2.746466687846277,-2.742115153761304,-2.760903108961334,-2.6889513732419723,-2.541803864427741,0.6801973821763169,6.345345345345345,2129.748535745523,4.825825825825825,0.6258278145695364,0.9190628010473295,0.8734147733318598,0.9585581654967362,0.21890462021566445,-0.2120811543015265
10,2.0,9.0,3,7.116894795052458,64.42460936520469,4,0.3808151211098333,5593312.51376633,92911.35364474858,1059060.7543333506,11.398615053900999,0.6182189800651297,0.7208656190718472,12.79339310541153,0.9983318676080987,0.10193548387096774,0.07322580645161289,1.392070484581498,0.3113978494623656,0.0929032258064516,3.351851851851852,0.2778494623655914,0.08129032258064516,3.417989417989418,0.12767761712927617,0.1494591779505158,0.1567184704851191,0.26271369118538324,0.12730109481331525,0.1574598564951416,0.1678485362599375,0.261793843066124,-2.816098957935134,-2.745782029314051,-2.7223470165900086,-2.380165001750714,-2.5636151486378265,-2.475021639636977,-2.444504153409948,-2.1685331280764757,0.6949203596440507,6.3013013013013,7959.777002314978,4.97997997997998,0.6688741721854304,0.9368571952872806,0.9103996884451038,0.9688876481483031,0.17405418006776813,-0.1751516017328811
10,2.0,10.0,3,7.1745085795123,61.55138209823491,5,0.537883102404435,6506778.079267114,23119.694379326622,1342389.1010844866,58.06257985334081,0.8890184692421413,0.7811096021075054,69.32376112068233,0.9992659577923327,0.12838709677419355,0.09655913978494624,1.329621380846325,0.18731182795698925,0.13268817204301075,1.4116693679092382,0.3020430107526882,0.1021505376344086,2.956842105263158,0.15513909020152933,0.18600018963211656,0.2024319958413207,0.2871463426802859,0.18907893420899705,0.20794828860727155,0.23717523159042841,0.3054926944256096,-2.6675928840309844,-2.5701509876435136,-2.518268637771385,-2.250788646470969,-2.0485390739423597,-2.0008715370937193,-1.927038784143245,-1.7544560286145547,0.7604339000936114,6.5655655655655645,10790.287915161858,4.64964964964965,0.5662251655629139,0.9414543360634267,0.8899663159481279,0.9694222839644395,0.20774607703284476,-0.12723394587001588
10,2.0,11.0,3,6.432551486856413,50.22755358725626,6,0.5402147408618454,7258958.749193508,53290.28611456576,1339933.1449919601,25.14404111307104,0.856956735507246,0.71181993014436,152.37705517564123,0.999333720152533,0.1118279569892473,0.11978494623655914,0.9335727109515259,0.21365591397849465,0.07279569892473119,2.9350073855243726,0.2295698924731183,0.0956989247311828,2.398876404494382,0.26809481417378733,0.24540131428606168,0.25476584263462854,0.3428822467962066,0.2507715384188322,0.240237680694871,0.24706372650882794,0.31171721377116957,-3.1372950345684467,-3.2345702088580937,-3.1944293697740402,-2.8167203951777235,-3.1337429623869246,-3.1778021568809294,-3.149251355453452,-2.8788299538497886,0.7181056870162353,6.653653653653654,15007.755531197367,4.957957957957959,0.6059602649006622,0.9084844339869106,0.8554745862672987,0.9318428862851569,0.2320416611611034,-0.14483239481317617
10,2.0,12.0,3,8.055840015204204,75.14406979034277,5,0.6443978734899263,11722087.120621862,674936.7578514562,2544433.2966341586,3.7698840180729225,0.8896894287974497,0.7538096908671155,12.979197028400254,0.9998162897160365,0.1470967741935484,0.0732258064516129,2.008810572687225,0.32408602150537635,0.06634408602150538,4.884927066450567,0.348494623655914,0.05526881720430108,6.30544747081712,0.1559903503183375,0.18188755105648927,0.2344247531447244,0.30900070815778297,0.14770619256271283,0.1856077492389717,0.2355005641659727,0.3013090999737195,-3.5125708096143526,-3.404792715610493,-3.1861451651428547,-2.87577747826062,-3.2583402649482522,-3.113441678164188,-2.9227002150799093,-2.6711125581844346,0.7236369097829051,6.543543543543544,14627.3335620113,4.89189189189189,0.6125827814569537,0.9021864331203141,0.8858545148656255,0.9396827857894974,0.20139423218450228,-0.12752178308705567
10,2.0,13.0,3,8.33938150279105,90.32200974084483,6,0.46251694061887527,6654818.3667211,175755.5503078886,1313711.882604591,7.474653746656822,0.8214211435439592,0.5694880937182208,3.7826640622223113,0.9996935264163005,0.10516129032258063,0.08967741935483871,1.172661870503597,0.2958064516129032,0.11279569892473118,2.6224976167778835,0.2619354838709677,0.11516129032258064,2.2745098039215685,0.13737823411557795,0.17393017045630813,0.21473842202080431,0.30340009726818995,0.15964443902235903,0.19018203752100057,0.24901449354528368,0.34357852974638686,-2.50009766510044,-2.3941608405100396,-2.275888129933782,-2.0189240049413906,-1.9659005009241906,-1.8944618349913325,-1.7568310985038091,-1.5356110640687561,0.7496118424368903,6.543543543543544,44632.33926710398,5.046046046046046,0.5761589403973509,0.9152044288253655,0.8788585871490693,0.9644610019450257,0.20375250517301344,-0.16487219289499574
10,2.0,14.0,3,4.978242106567058,34.56934952681661,6,0.2532997422730616,5055881.561919563,169969.43482435486,882703.3807642478,5.1933065593612575,0.8082961258762785,0.6149059848332713,2214.4356139886254,0.9991728634361235,0.13784946236559142,0.04655913978494623,2.9607390300230954,0.19688172043010752,0.06946236559139785,2.8343653250773992,0.17301075268817206,0.06849462365591398,2.525902668759812,0.2108124733258416,0.3296170480946096,0.40193026928585623,0.43870972582275625,0.21616539500533397,0.3363267835463624,0.3939199808152835,0.41543510531091193,-3.840511619656855,-3.262359615923741,-2.9104536913456087,-2.7314697041177554,-3.7267288930300806,-3.15542352369708,-2.8815976031056687,-2.7793042932874026,0.7273157068415319,6.6756756756756745,70444.62277299051,5.2222222222222205,0.609271523178808,0.9248628638751346,0.8750858170481751,0.9313285929490649,0.20275389537718716,-0.18772592680695133
10,2.0,15.0,3,8.100934475439427,78.18044410796038,5,0.5880800987154704,11110600.910535345,336498.0303285427,2191083.2502317186,6.511429645197138,0.9308915015239199,0.7338029901722112,3.3485969026830382,0.9997890453433638,0.15473118279569892,0.12666666666666665,1.2215619694397284,0.26827956989247315,0.16322580645161291,1.6436100131752307,0.4264516129032258,0.07548387096774194,5.64957264957265,0.2039797959549938,0.24797180082331668,0.3477005565066157,0.4734489670645657,0.21849984434085853,0.2325040696451613,0.35329683405081463,0.45476355065997454,-2.559553441617382,-2.418099886930976,-2.0974282776674316,-1.6930920869702935,-2.340071806425895,-2.2981384906509357,-1.936444714444957,-1.6326195634090785,0.6928564074337124,6.697697697697696,6498.495354469902,4.693693693693693,0.6225165562913907,0.9430489971623831,0.9046033417109037,0.9780852461060642,0.1950666048789095,-0.10673596792668219
10,2.0,16.0,3,6.987872748784219,54.37317584552712,6,0.7330206303426844,11134867.711985692,361799.95713466697,2454178.0241923453,6.783245757209602,0.9575242968713332,0.9129052654388452,26.862176620144673,0.9997648090027443,0.11172043010752689,0.13999999999999999,0.7980030721966207,0.17935483870967742,0.12301075268817203,1.4580419580419581,0.26365591397849464,0.08870967741935483,2.9721212121212126,0.32147538868791004,0.30549947056971644,0.3218064473915542,0.38587106219625233,0.3270611563229257,0.34493947351340937,0.3665530008147286,0.42410041726113096,-1.873882628767738,-1.918003350317408,-1.872968343355656,-1.6960409824319667,-1.5536497083998912,-1.5123730863848823,-1.4624727860757183,-1.3296100042327592,0.7158515975473768,6.653653653653654,12889.903932103625,4.803803803803803,0.5331125827814569,0.9379733508448623,0.8763271749471111,0.9665305480469002,0.20665248743032671,-0.10328159782903559
10,2.0,17.0,3,6.110672112914865,41.71819858203443,5,0.5682389560690281,7420297.781353958,174469.4419545334,1454946.6136680152,8.339263296590204,0.8185215857388413,0.7747657035466011,34.07346652354367,0.9993293772481622,0.10516129032258063,0.09322580645161291,1.1280276816608994,0.2953763440860215,0.12268817204301077,2.407537248028045,0.2390322580645161,0.08473118279569891,2.821065989847716,0.21883965326678978,0.27678730697400283,0.257994866365992,0.369519587776342,0.23923614676779667,0.2715896380547338,0.2561671110537478,0.33873018011371575,-2.8099297692776313,-2.6014849373137015,-2.6690836557108426,-2.267915526770518,-2.48137840214359,-2.375851234715404,-2.4261547884977395,-2.156859375065994,0.7284661408014375,6.543543543543544,9267.593301146864,4.913913913913913,0.6158940397350994,0.9082695776702704,0.8744901564582508,0.9364000363832138,0.20789809857872518,-0.14667132422040324
10,2.0,18.0,3,6.635595597123995,52.65926337680097,5,0.29781117063256934,5541532.2328205025,5140.399613688703,1050377.6112433588,204.3377344528313,0.7695657952370106,0.4868958994058942,30.973529072832935,0.9996390377030799,0.10193548387096774,0.13,0.7841191066997518,0.2732258064516129,0.1264516129032258,2.1607142857142856,0.2224731182795699,0.0656989247311828,3.3862520458265135,0.1356717439858047,0.18219411956541331,0.18420854265067996,0.22802629011574388,0.15487412609891818,0.19225813886034795,0.19418646155056857,0.23607532838677148,-3.1334833292758413,-2.964823925510359,-2.957520958018703,-2.7986667492700983,-2.6580280058850008,-2.54045054676218,-2.534385727457417,-2.4026399312111564,0.7547217204227211,6.499499499499499,6337.841475904195,4.627627627627627,0.6390728476821192,0.9058632140501548,0.8795084075417945,0.9570719388332677,0.2017180086601436,-0.13523862918665103
10,2.0,19.0,3,4.611131234006089,24.90328873181064,5,0.24533216482661935,3662324.284771393,51036.62990110427,552730.7717065633,10.83007974424667,0.7811595960676142,0.41977106600958036,28.981421878382974,0.9985357401920477,0.10526881720430108,0.07333333333333333,1.435483870967742,0.24698924731182795,0.10612903225806451,2.32725430597771,0.21344086021505376,0.11838709677419354,1.8029064486830155,0.20618297467394894,0.23824926718888567,0.2376645327877446,0.3667602956323349,0.2116147779570291,0.22114137581922885,0.23385525529180068,0.34329696110061025,-2.788622114486224,-2.675975535257203,-2.6780296651512465,-2.2245255355225986,-2.57996214845342,-2.548786701221771,-2.507180990102231,-2.1490369628496326,0.7305732899602198,6.5655655655655645,12563.166024741215,4.847847847847848,0.6390728476821192,0.9046892250594438,0.8659167057818666,0.9435659407064805,0.21295756050134926,-0.15689511839561213
10,3.0,0.0,3,8.362074446784412,81.27402383096279,6,0.15549852352853888,2497263.6988058924,105260.46998500961,548786.7230551239,5.213606999220866,0.7927384491769105,0.9086552371864954,17.682242434631682,0.9997163590122085,0.10193548387096774,0.0964516129032258,1.0568561872909699,0.24688172043010753,0.09946236559139784,2.482162162162162,0.15817204301075266,0.09204301075268817,1.7184579439252334,0.08688585036082519,0.07580042176837995,0.09058812358509977,0.1539068398440718,0.09371885297746793,0.07389169514464733,0.09043698014867023,0.14761587712167507,-2.981252549975512,-3.017445683409988,-2.9691648920469427,-2.7624338011063085,-2.7149538858657225,-2.774350265654423,-2.7247854192907908,-2.5534941273595955,0.7622126142175827,6.455455455455454,9749.649183484096,4.473473473473474,0.5894039735099338,0.9183511897147018,0.8812212857918443,0.9530052321685307,0.21417847300425544,-0.14739584557826654
10,3.0,1.0,3,7.913668236107135,81.77467762415837,3,0.39835987724746436,3372071.469515697,81205.64670900394,1101033.5990244972,13.558584207450398,0.8085127253743438,0.9232447725395645,56.7433077995141,0.999585613647594,0.10193548387096774,0.15,0.6795698924731183,0.2789247311827957,0.08666666666666667,3.2183622828784118,0.26000000000000006,0.0553763440860215,4.6951456310679625,0.06712714101651665,0.08321581819842343,0.09470833725003312,0.14287188101169682,0.0820258286120261,0.09214839424837415,0.10374408803323362,0.14650206651726344,-2.0527334754288034,-2.017331259672784,-1.9920426275220442,-1.8860614987725395,-1.7351484731027185,-1.7160148690697918,-1.694096768329611,-1.6132759311078557,0.7198875123051864,6.433433433433433,2357.069413996723,4.495495495495494,0.6622516556291391,0.940304866258837,0.903266596824273,0.9799037682628322,0.20093101199618174,-0.1348897447271665
10,3.0,2.0,3,7.965137902749025,75.96878946757705,5,0.07955511306425611,299589.6047616526,34805.41240255188,635946.7989507654,18.271491559862646,0.6282903378351781,0.8914929638517185,32.104436655472746,0.999545937720965,0.11161290322580646,0.09333333333333334,1.195852534562212,0.27913978494623654,0.07978494623655914,3.4986522911051208,0.21064516129032257,0.0911827956989247,2.310141509433963,0.10184562247743907,0.10091337537432114,0.10867189387603311,0.1445593579267261,0.10226587823886234,0.10681884063177635,0.11535432930546509,0.1420431832640723,-2.136518180881019,-2.13873579840283,-2.1202799335198548,-2.0349112916372474,-1.8814495526182282,-1.871907563682316,-1.85401909207673,-1.7980852346871863,0.6944455181011681,6.499499499499499,8373.806535266507,4.6056056056056045,0.5728476821192053,0.9369060238088054,0.8906903468834076,0.9757714574145343,0.19919317474121098,-0.14399376287710622
10,3.0,3.0,3,5.871385765192576,41.53917025352375,6,0.13803370685833904,1313041.6982706632,50510.17615382459,794555.8020222666,15.730608414480919,0.3736391317605524,0.7207625762496714,915.8717951406519,0.9988925415251794,0.10516129032258063,0.04,2.6290322580645156,0.33634408602150534,0.07935483870967744,4.238482384823847,0.34,0.128494623655914,2.6460251046025105,0.13086184529769784,0.1701260424159978,0.21881312616785842,0.42101823859116877,0.1369162475293665,0.15486535081194638,0.21293708865192643,0.36466822255369724,-3.823639691871018,-3.6509028930563314,-3.4367115531549928,-2.5471412477001207,-3.744972256199825,-3.6670900186713022,-3.4151132592229954,-2.756742753188928,0.722190562382314,6.367367367367366,10256.779307444209,4.715715715715715,0.6059602649006622,0.9187431043870711,0.8748734555368984,0.9104464820280467,0.20334651981210883,-0.19397447057596773
10,3.0,4.0,3,5.049669623092481,27.53440237059594,4,0.29331701137907307,1454119.828147148,101001.58389309798,426132.7420134548,4.219069895621457,0.49488168317211145,0.6779389694189362,85.05136740190343,0.9980327111679967,0.11483870967741935,0.08333333333333333,1.3780645161290324,0.26924731182795697,0.11322580645161291,2.3779677113010442,0.2117204301075269,0.07591397849462364,2.7889518413597743,0.11474769532887835,0.1489009900396974,0.1583765425171106,0.22794954848248863,0.1515465743501298,0.1806539912502818,0.2110149935064947,0.30439871104909655,-2.009996424634684,-1.932450170424429,-1.910935595991195,-1.7529676443647377,-1.365852038767125,-1.3189945171702666,-1.2701189565596191,-1.1197885587590317,0.7245811040123326,6.213213213213213,8373.806535266507,4.53953953953954,0.6026490066225165,0.9169811968148773,0.8882444646156333,0.9719150946458244,0.20777843675044944,-0.1704241103552598
10,3.0,5.0,3,4.893143969726852,26.00028802630543,5,0.4243719903561123,1018366.0593369381,16653.663032287524,754912.1073169607,45.33009379698414,0.6680967743085692,0.8481810843642338,75.18406359238688,0.999236815626025,0.10193548387096774,0.12645161290322582,0.8061224489795917,0.2129032258064516,0.09311827956989246,2.2863741339491916,0.18795698924731186,0.10483870967741934,1.7928205128205132,0.0740132507091452,0.07795665091042746,0.12210144875375495,0.17322705529250773,0.08865033501413654,0.08614793862319609,0.12414323424839024,0.16140418745240878,-2.6317731544516616,-2.62056550510361,-2.4951003254325856,-2.34979479174456,-2.257568746480038,-2.2637676096612505,-2.16964677414414,-2.077345030204011,0.7173264901472227,6.213213213213213,4556.786265841069,4.583583583583584,0.5827814569536424,0.9165796054991181,0.8640790611180578,0.9460731014706112,0.22152491516782113,-0.1332748544135673
10,3.0,6.0,3,5.51557172709469,35.64799953934008,6,0.37329801217575087,2705506.4252790352,153241.31981535917,661602.6454187427,4.317390676456646,0.601303484965124,0.7406210038005752,1909.1407701312428,0.9993023991424331,0.12129032258064516,0.1433333333333333,0.8462115528882221,0.30483870967741933,0.1396774193548387,2.182448036951501,0.3594623655913979,0.05580645161290323,6.441233140655107,0.16154173197213587,0.1525084030120304,0.17102184195801384,0.2410595821871588,0.19899708064690344,0.1877676748679605,0.20746284325669925,0.27372266127609174,-2.070859245065664,-2.0931701381704024,-2.0474448735255386,-1.8744627378753331,-1.490527432655703,-1.5114234081403548,-1.474774117526162,-1.35147609444225,0.7161371785072592,6.433433433433433,8373.806535266507,4.64964964964965,0.6490066225165563,0.949020498041761,0.9069634247664441,0.9812891866986075,0.19061165703568791,-0.18091123942279067
10,3.0,7.0,3,5.077398128235922,29.1435236505759,6,0.2497907559617938,1500944.8975010116,24353.81934383628,466335.2631555028,19.148342055576915,0.47865773368155706,0.8341787041133822,198.78179497659792,0.9995778552639724,0.14064516129032262,0.12999999999999998,1.081885856079405,0.29849462365591395,0.09301075268817205,3.209248554913294,0.1881720430107527,0.05193548387096773,3.623188405797102,0.2105677710901958,0.21493570642407803,0.2407958122219177,0.29319119189494475,0.22123619796518,0.23767051795574326,0.25250983243603115,0.29906842576353515,-1.9329372459626821,-1.9222422875031357,-1.8589234111630986,-1.73063249881181,-1.7341666623051704,-1.6975703929731552,-1.664525913509757,-1.560848315525084,0.695505077250611,6.257257257257256,14627.3335620113,4.693693693693693,0.5960264900662252,0.9393819516429255,0.8878641559894358,0.9735367306225123,0.1995778456170137,-0.1865326891595816
10,3.0,8.0,3,3.9625743840399847,15.966987574120928,4,0.34966818001711986,2619894.171694989,35087.295461090274,932899.1299183891,26.587946368021406,0.5672332394774251,0.7387722404973021,22.551880716323968,0.9992393577625657,0.1410752688172043,0.049892473118279566,2.827586206896552,0.15129032258064515,0.09989247311827956,1.5145317545748116,0.16935483870967744,0.12247311827956989,1.3827919227392451,0.12181024812601714,0.17416951301333494,0.17142741867644803,0.29616966796296007,0.12959055927238425,0.1797564482572235,0.17742253474692127,0.2838314709411323,-2.8576859560643584,-2.6873055392819354,-2.696228490682819,-2.2903091854833915,-2.607630638293592,-2.4573403231922892,-2.464332416903387,-2.1455454308887383,0.7468624965393165,6.499499499499499,10256.779307444209,4.75975975975976,0.652317880794702,0.9404024813253877,0.8829194010286004,0.9765421588568327,0.2130497869767721,-0.19148116176475008
10,3.0,9.0,3,10.5408425227304,138.8124951876554,4,0.2974569596234642,1065119.4498936317,17630.372318066766,1045192.736420725,59.28364515306698,0.5895478901301436,0.8889994451687626,118.80326143752936,0.9992480056218745,0.10193548387096774,0.11322580645161291,0.9002849002849002,0.2696774193548387,0.10301075268817203,2.617954070981211,0.2633333333333333,0.08827956989247313,2.9829476248477462,0.10409394063809468,0.118940760058409,0.12760650250398228,0.20050483763768084,0.10802828568271752,0.11389596796830916,0.12576291552280341,0.19636295200908915,-2.469935277357002,-2.4290038843168635,-2.405113184229339,-2.204138798884121,-2.3427964412964477,-2.327384758440715,-2.296215785194741,-2.1107821984782964,0.7223166733036959,6.367367367367366,11942.0002813353,4.78178178178178,0.6125827814569537,0.8938776761770951,0.8798013621427032,0.9476645083908857,0.20257190306071127,-0.15970184936487755
10,3.0,10.0,3,7.944034772115703,75.195749069253,5,0.2943937776903951,2818693.800728805,46629.33621338482,738418.7259739016,15.835926177347996,0.8388274848668522,0.8593010508159036,19.342329908929226,0.9996402184401909,0.10516129032258063,0.13311827956989247,0.7899838449111469,0.28247311827956983,0.07301075268817205,3.8689248895434454,0.18763440860215055,0.06215053763440861,3.019031141868512,0.048923486286782746,0.08158761281928541,0.07647960312703905,0.1058761100955022,0.05156944729210914,0.08662654466845637,0.08386606772285297,0.11668905613108436,-2.1818522630617183,-2.1069179151220054,-2.1186361337364645,-2.051197989349071,-1.8331776700245774,-1.7654174234754656,-1.7707530220396932,-1.707310981669261,0.686858635991838,6.345345345345345,11942.0002813353,4.451451451451451,0.6258278145695364,0.9028127902033236,0.8812130558382709,0.9666266066076591,0.2002142027907328,-0.17077214678559333
10,3.0,11.0,3,11.2583679490079,156.1759743986202,4,0.25620494629669566,434913.133746387,201653.32729541115,698711.921072958,3.4649164010538893,0.6010994909821811,0.8786226664992658,252.8418724437557,0.9993115693274413,0.10838709677419356,0.12989247311827956,0.8344370860927154,0.28215053763440856,0.10623655913978494,2.6558704453441293,0.24602150537634407,0.07172043010752688,3.4302848575712144,0.11330599337926889,0.1324530874260778,0.15818541459060154,0.19625137723724767,0.12333513705949098,0.14445313207475027,0.16439218435929928,0.1884538319580654,-1.7691305841760023,-1.7309283301589715,-1.679587228664131,-1.603638075707819,-1.5226025539773982,-1.485924554773388,-1.4512941581238492,-1.409503586109933,0.7212600618598021,6.1471471471471455,7959.777002314978,4.517517517517517,0.6589403973509934,0.9171608470899344,0.8839645998932484,0.9702218877687367,0.20478311615232328,-0.13771258333980502
10,3.0,12.0,3,9.361213527141267,104.919120558872,6,0.2865752953656967,1616123.457895959,8925.201678726515,963763.6165266478,107.9822788569369,0.7003555706572009,0.810193070517374,32.846163839251965,0.9994249276942139,0.10526881720430108,0.10666666666666666,0.9868951612903226,0.11784946236559139,0.08634408602150537,1.364881693648817,0.20817204301075268,0.08516129032258064,2.444444444444444,0.1341054913610187,0.1740884125137334,0.18306385127130337,0.22479338854030306,0.15285638491880824,0.18679892945978357,0.19581157919196968,0.2387716049620416,-3.0711256812591645,-2.929315593842317,-2.8974818078626963,-2.749476880824501,-2.6073081077840508,-2.5028409666700564,-2.4751021579238035,-2.342881337856376,0.7292292456639882,6.257257257257256,2815.7171102938014,4.583583583583584,0.6357615894039735,0.966014230555958,0.889971115643144,0.9647938919489297,0.21157123168317937,-0.13220963043022083
10,3.0,13.0,3,4.4962777306098625,22.022286671742144,5,0.33037441115806254,2373647.820919979,35691.69536325739,282722.72059758886,7.921246601489155,0.5525493363080058,0.6755009132489447,160.60353019976827,0.9973296851555793,0.10838709677419356,0.08,1.3548387096774195,0.2564516129032258,0.1364516129032258,1.8794326241134753,0.24559139784946238,0.0653763440860215,3.7565789473684217,0.07307168658328692,0.09817485228225897,0.11219241758377457,0.16563078162350303,0.09662368290716283,0.13032315085418705,0.1575026493109284,0.22847479250794298,-3.300297221152309,-3.210918240276149,-3.161009168406947,-2.9707436626601664,-2.2175502632095894,-2.1348269699352684,-2.068108479737725,-1.8938906129980169,0.7559745780857395,6.323323323323323,7566.218500481063,4.67167167167167,0.6158940397350994,0.8951019452079547,0.8746901387422152,0.9548587043000611,0.20596557875288823,-0.20048077388731925
10,3.0,14.0,3,5.554870994597953,35.07249826183501,6,0.2156152925579562,2171544.833386967,56209.816964821744,488056.9852132167,8.682771294534929,0.4128687604616883,0.6825033170624539,1396.0332054011392,0.9991894668043647,0.1586021505376344,0.05956989247311828,2.6624548736462095,0.22000000000000003,0.0956989247311828,2.2988764044943824,0.3213978494623656,0.15559139784946235,2.0656530753282656,0.26439651643268713,0.29474956433354127,0.3773982440141085,0.580556643883238,0.2830510525460117,0.29112013474685516,0.3141503917389366,0.4991336447047392,-3.8603941425937873,-3.701103531627555,-3.2673692086405217,-2.201208546825565,-3.6732624480470495,-3.6319207922097414,-3.5139260891303916,-2.5661709678628783,0.7926524081704126,6.323323323323323,20860.24089248505,4.86986986986987,0.6158940397350994,0.854224074444589,0.8678959834688428,0.8819373360615226,0.21213637379058214,-0.20305591616458302
10,3.0,15.0,3,6.8594952905344595,57.03368015767119,5,0.3098313271387988,1576847.6210378162,124101.4770831451,513362.62632399646,4.136635907887345,0.6342567167237729,0.6170761653832338,143.52554059005038,0.9993328385765837,0.10516129032258063,0.0964516129032258,1.0903010033444815,0.17655913978494622,0.06989247311827958,2.5261538461538455,0.1817204301075269,0.06215053763440861,2.9238754325259513,0.09762951744002112,0.08889790334420766,0.10066412620488377,0.16205381649924425,0.12377509124087266,0.09870091999563652,0.11198408209224572,0.16801179840690061,-3.1335184946019523,-3.1638393825141296,-3.1229806912580287,-2.909802474956524,-2.6556844960586394,-2.731679925042499,-2.6914209832046603,-2.521610771147218,0.706503764022965,6.433433433433433,7192.118872221178,4.737737737737737,0.5927152317880795,0.9100199518080663,0.8830372554350248,0.962403089428774,0.21312567151374,-0.16505809043505038
10,3.0,16.0,3,6.324568010466381,45.79458023471924,7,0.4353570367148707,1261853.5835817596,241887.18772466923,429425.9323249732,1.7753149158680204,0.6504172242792718,0.8690478417240479,17.6945894884906,0.9996160115776026,0.12774193548387097,0.16666666666666666,0.7664516129032258,0.19913978494623658,0.14666666666666667,1.3577712609970676,0.23333333333333334,0.14946236559139786,1.5611510791366905,0.5592202055684892,0.485613758114703,0.4496159716774418,0.4402499386270567,0.7305538084816501,0.5437757884729745,0.5221616684162638,0.498855294102166,-0.7221375688519087,-0.8427283529296078,-0.9017041823806404,-0.9170487249895296,-0.3293791657593359,-0.5577022608677276,-0.5841240142901234,-0.612614430447776,0.7449154103078138,6.125125125125125,5305.480525369574,4.31931931931932,0.6192052980132451,0.9704092912688038,0.9126383661473279,0.9864703064307411,0.2136917201627085,-0.1687541068580055
10,3.0,17.0,3,5.019773109895849,28.585182625881053,4,0.24959139119882845,2771068.702043657,43178.47181269911,529504.2624892746,12.263154304908575,0.4852799251789013,0.8409162770465829,50.848591227092896,0.9983223277949407,0.1438709677419355,0.08655913978494623,1.6621118012422365,0.3450537634408602,0.06946236559139785,4.96749226006192,0.253010752688172,0.04559139784946237,5.549528301886792,0.10933794308602239,0.14569072110751602,0.16288807849071374,0.20814793510933666,0.12274829634517469,0.1518681950372875,0.1693484467293918,0.2098935571757245,-2.781902894773561,-2.6683582594924142,-2.614643859159097,-2.47327876432095,-2.454021724758982,-2.372561792888227,-2.323662580463833,-2.2102417897677085,0.6767065688678796,6.345345345345345,5305.480525369574,4.803803803803803,0.5827814569536424,0.9129791207488718,0.8863768486795511,0.9584778939642472,0.2046989721411012,-0.18730085157548687
10,3.0,18.0,3,5.216479542552381,30.840164195275044,5,0.608830569404879,260429.99526439176,164633.03582207087,1443282.6366603868,8.766664779359544,0.6500775826066383,0.7903418829659389,162.24062324592478,0.998914805571808,0.10849462365591397,0.11322580645161291,0.9582146248812914,0.14860215053763443,0.08967741935483871,1.657074340527578,0.18935483870967745,0.06559139784946236,2.8868852459016403,0.16715127180603973,0.19695408622121766,0.2137559721422337,0.2682150196992565,0.18879296574860968,0.1974113583087519,0.2230719045444629,0.2702923295212518,-2.5508858636477583,-2.459604487552663,-2.4081429293757246,-2.2413433535846,-2.2768788571452703,-2.252688934013163,-2.180665452065911,-2.0481281555244877,0.7547657700943842,6.455455455455454,4793.808495089107,4.693693693693693,0.6258278145695364,0.930014231483461,0.8871113339546131,0.9667206839797226,0.2047830522770763,-0.1753239258446439
10,3.0,19.0,3,5.937826510543643,40.511664386503824,7,0.25420023044822393,616078.0657029696,64087.14186461747,618948.3994174476,9.657918599724123,0.6104308987681094,0.8724211280992535,59.537040879268794,0.9998159768642185,0.10838709677419356,0.22999999999999998,0.4712482468443199,0.2529032258064516,0.1832258064516129,1.3802816901408448,0.2511827956989247,0.06290322580645161,3.993162393162393,0.1800025779204637,0.2737157221212305,0.29701876311686765,0.31246383191913013,0.25279962967867586,0.3189287330162971,0.3336309255851483,0.364143117622239,-1.3861566984905493,-1.2277402217154507,-1.1883478218108456,-1.1622388548770117,-0.9231067423282122,-0.8414094846986075,-0.8232460928878167,-0.7855507017833674,0.7172639716458766,6.257257257257256,3037.2635797033054,4.363363363363364,0.6225165562913907,0.8740770592957299,0.8904513469999628,0.9616894154538334,0.1831066459029983,-0.1744000879016748
10,4.0,0.0,3,5.310051507023268,30.676505723898522,5,0.819423062964677,17158180.777761657,90002.42075586825,3180575.7375802305,35.33877990023789,0.9510376060676461,0.8849322971924489,159.35938540350446,0.9997128462903759,0.1341935483870968,0.1432258064516129,0.9369369369369371,0.2918279569892473,0.20655913978494622,1.4128058302967206,0.37387096774193546,0.0929032258064516,4.024305555555555,0.25610767823454933,0.24917250639042793,0.3048261869578919,0.34580977275487396,0.3298676416877267,0.3301220402685117,0.38002176107286767,0.43719405787934396,-2.1483522700320155,-2.1683809646944643,-2.007653790230569,-1.8892936768044222,-1.445128804084533,-1.4445801979588169,-1.3369723157909363,-1.2136812496517178,0.7179563433872241,6.763763763763764,6836.516004510238,4.75975975975976,0.5562913907284768,0.9194799340532815,0.8933070349148026,0.9623841446006629,0.19930289067139104,-0.1440914933677356
10,4.0,1.0,3,5.174948573165977,32.42742917280566,5,0.6563146196337029,9851123.270553589,83704.9169445357,1907037.5079958339,22.782861241705422,0.8506829633367587,0.8228014310095187,71.42515096451687,0.9993133673031781,0.10193548387096774,0.15,0.6795698924731183,0.2597849462365591,0.07655913978494625,3.3932584269662915,0.2024731182795699,0.07473118279569892,2.7093525179856117,0.11130533656895751,0.09393779457738449,0.09770363115937372,0.1009612906519846,0.11241748863857264,0.09319802132474111,0.10021793376451013,0.10548646191964986,-2.648083644275642,-2.6998344938999614,-2.688613260477359,-2.678906265289949,-2.309551450788847,-2.3595618419917592,-2.34129554139193,-2.327586464558543,0.7013550365432624,6.587587587587586,4331.483223376394,4.78178178178178,0.6423841059602649,0.9446848504662702,0.9137747801508466,0.9715375668890351,0.18813237429391327,-0.15274929258170622
10,4.0,2.0,3,6.568546166419101,48.77638980294593,4,0.6698350285895293,17815919.309286468,74201.50463682834,2544986.686460803,34.29831644138457,0.9355334118999491,0.8784886052364911,6.100080568036005,0.9998587757013495,0.10516129032258063,0.17989247311827955,0.5845786013150029,0.2629032258064516,0.10666666666666666,2.464717741935484,0.19505376344086023,0.07258064516129033,2.6874074074074072,0.12876474287180023,0.15446271317966914,0.16473757995898736,0.1732225044202558,0.14486630405855377,0.18633975426087215,0.18922722669175604,0.18525061800304543,-2.6934568361269955,-2.614010586409701,-2.5822454461211044,-2.5560139803864,-2.145658675095915,-2.041595569367409,-2.0343504680460236,-2.04432837556024,0.7196775275383918,6.6756756756756745,7192.118872221178,4.693693693693693,0.5794701986754967,0.8891266379677087,0.8773098420399952,0.9433714573835246,0.19864153215317648,-0.0833938036312056
10,4.0,3.0,3,5.823517630095087,40.33204279196801,5,0.651264786908679,14477863.217541812,5853.643779321545,2576388.5049173213,440.13414584922566,0.9123243628332358,0.8166582131645406,74.48282446982425,0.9995359203787727,0.13129032258064516,0.08612903225806452,1.5243445692883895,0.289247311827957,0.14946236559139786,1.9352517985611508,0.3721505376344086,0.0929032258064516,4.005787037037037,0.1512579324898805,0.19459486258868658,0.24688440496328398,0.42740655598841293,0.15218144828950259,0.2213178921849048,0.2660867886081873,0.38821995911228346,-2.8682244866514854,-2.7217724032165878,-2.5450660143432304,-1.9350125319322162,-2.542974013904928,-2.3356039582661383,-2.201322701969115,-1.8349925736637958,0.7449322938373489,6.653653653653654,9267.593301146864,5.002002002002,0.6158940397350994,0.9621996385072367,0.9141829664409669,0.9828456183105657,0.19341002540146643,-0.15306927324057612
10,4.0,4.0,3,8.098991636764696,87.1398936224911,5,0.715092997399063,18399817.883862503,138184.0965557763,3565074.133857657,25.799453212900364,0.9217212962208099,0.8745759233684154,17.56912001454486,0.9998628382222432,0.10505376344086022,0.08655913978494624,1.213664596273292,0.19247311827956995,0.1631182795698925,1.1799604482531314,0.17451612903225805,0.0696774193548387,2.5046296296296298,0.1132701343585431,0.10756876114536508,0.20833794637872283,0.2446040119247886,0.12041541545161835,0.10989838553131105,0.1764991396796251,0.23784564865886432,-3.100699595175838,-3.120636045157997,-2.7682683354798723,-2.641453869074187,-2.7357816289260257,-2.7684928630157124,-2.5613438032523144,-2.3705370801555015,0.7489757781461711,6.763763763763764,9749.649183484096,4.6056056056056045,0.5927152317880795,0.9141161019297269,0.8864654070556561,0.9726823917453735,0.2188986079882596,-0.12397554752466805
10,4.0,5.0,3,6.20856088212632,47.825134256013726,6,0.7199874076854992,16429054.226073697,66213.46608392397,2945433.350040615,44.48390220665007,0.9671051909348318,0.908657738988307,21.5226388750029,0.9996772663687987,0.10838709677419356,0.12623655913978493,0.8586030664395232,0.2953763440860215,0.10956989247311828,2.695780176643768,0.2827956989247312,0.08838709677419354,3.1995133819951347,0.12135063210377219,0.19419663297924256,0.24160310578308286,0.27665565814600607,0.1410552750428309,0.19396384032519037,0.2512758637480697,0.2855169978061599,-2.863586352867795,-2.626175593138404,-2.4716742260188775,-2.357435242589135,-2.3631625865311423,-2.21759845609359,-2.059919358037428,-1.9657138002461383,0.7218030351549817,6.6756756756756745,15388.177500383432,4.957957957957959,0.5662251655629139,0.9018922160765801,0.8613110628824526,0.9318627976573699,0.22183754488296845,-0.10743065185507351
10,4.0,6.0,3,7.402569376259929,69.92994977656281,5,0.662255519036214,15150530.121789152,9151.138713604842,2567583.861181086,280.5753405708847,0.9363758868272036,0.7923090179614142,79.32277103322986,0.9996037897052633,0.10193548387096774,0.13999999999999999,0.7281105990783411,0.2832258064516129,0.09634408602150538,2.939732142857143,0.20473118279569893,0.0750537634408602,2.727793696275072,0.07705965271592224,0.08055339683604075,0.09534383523219565,0.11741620141924464,0.06973396361511322,0.07375091371905886,0.08838674019563146,0.10228818381554176,-4.146499906702192,-4.130803540506107,-4.064354444841136,-3.9651897863617247,-4.228299435307609,-4.210041359454193,-4.143517747491918,-4.080332095313913,0.7253240205501275,6.653653653653654,11351.54708920999,4.913913913913913,0.5960264900662252,0.8579195805722479,0.8624196869008858,0.9158379032950791,0.20206084816108527,-0.13278311386148714
10,4.0,7.0,3,5.551649450782813,35.287987726476636,5,0.6304610613824803,13015196.94712408,16987.232414589806,2176112.2362934845,128.10281175787583,0.9282783850864805,0.7656520543819624,36.53840440772312,0.9995696349274097,0.11806451612903228,0.12333333333333334,0.9572798605056672,0.2886021505376344,0.1364516129032258,2.1150512214342,0.3417204301075269,0.08516129032258064,4.012626262626263,0.10704423510484863,0.11521673389098505,0.11437277007357995,0.18220388168708224,0.14006764375622746,0.1443648115686704,0.1410549827170859,0.19003215253701758,-2.3419447147831387,-2.320510797123162,-2.322724251226202,-2.14482438251349,-1.7258403679019505,-1.7172161713305394,-1.7238588289784762,-1.6255641478130363,0.7428880118522257,6.609609609609609,13216.641839466038,4.78178178178178,0.5960264900662252,0.945851661025543,0.8998240639492686,0.9799158490848601,0.2003036201584351,-0.13355306159212293
10,4.0,8.0,3,4.045824564895798,16.733158024979314,3,0.8286482176429971,18542713.208460607,398604.36474657163,3159657.3562041437,7.926800696758601,0.9406881261033733,0.8926878451494886,208.2150799849781,0.9997148366043838,0.10516129032258063,0.09333333333333334,1.126728110599078,0.2918279569892473,0.12333333333333334,2.3661726242371404,0.270752688172043,0.06279569892473118,4.311643835616438,0.09837996483580365,0.12383541791675154,0.14552822825087441,0.20879991970031378,0.1208585802306888,0.1566423131158382,0.1901420384656877,0.2584961446597622,-2.8933589335822703,-2.811670683867708,-2.7420570061245004,-2.5390139208355214,-2.0833610626937276,-1.9985619233353344,-1.9191753515786265,-1.7571919890414198,0.7236398283742598,6.719719719719719,9749.649183484096,4.847847847847848,0.6258278145695364,0.9225183974877975,0.8953104072251424,0.9686092010447365,0.18217150509302688,-0.12731951937399494
10,4.0,9.0,3,7.157011944176032,66.34000341917799,4,0.5559727273967078,12073236.76896305,38147.327719712244,1811771.7489516884,47.49406727159747,0.8630306510132513,0.7788795495810039,12.582008240890577,0.9993830006601034,0.10526881720430108,0.08978494623655914,1.1724550898203594,0.2966666666666667,0.07978494623655914,3.7183288409703508,0.19419354838709676,0.07161290322580645,2.7117117117117115,0.1219834741637613,0.15322984854294056,0.19988379152671762,0.26465507799768095,0.12676694416552559,0.1537260571264933,0.19096496038441868,0.2459361503006846,-3.534753306290132,-3.408960428939458,-3.221139158654922,-2.960380377619626,-3.4452412359560403,-3.338877136432615,-3.19195529898181,-2.9750727508193298,0.7293333952119916,6.543543543543544,13560.375090183381,5.09009009009009,0.6059602649006622,0.9450808730282035,0.8895976310738151,0.9621469842332142,0.19045304721189363,-0.156443566444754
10,4.0,10.0,3,5.8087260346776475,38.57240293174739,6,0.8258093090663525,14168701.124051563,256999.17224953024,2644102.4366942104,10.288369466524784,0.922635797343526,0.9072111937885622,78.36400785753672,0.9998176134151564,0.12129032258064518,0.13301075268817203,0.911883589329022,0.29827956989247306,0.17655913978494625,1.6894031668696707,0.331505376344086,0.13301075268817203,2.49232012934519,0.2189184845513066,0.23162692303706472,0.29460666148172115,0.3395860791809041,0.33450717997973667,0.32154710073971343,0.36459601391412977,0.4645684959625844,-1.8780389182872939,-1.8474826426683486,-1.6960536336299332,-1.5879047461064073,-1.0841626004599287,-1.1052760261624066,-1.0351445082104507,-0.8722780987595028,0.7626504520284114,6.477477477477476,7566.218500481063,4.64964964964965,0.5860927152317881,0.9205550374636644,0.8881391075145896,0.9759636336849555,0.20724736065057894,-0.12655314318876187
10,4.0,11.0,3,5.09623349818983,27.495974463420126,4,0.7622013017795126,17814648.174925324,384264.73271251284,3084338.106399609,8.026596884463899,0.9573315793237615,0.909419731305247,3.8809829405091625,0.9998353453722747,0.10516129032258063,0.07634408602150537,1.3774647887323943,0.26946236559139786,0.10956989247311828,2.4592737978410204,0.4183870967741935,0.11236559139784945,3.723444976076555,0.6683798997103744,0.6007411717528592,0.5275145983795152,0.5574534783925342,0.7156145943172826,0.6009421903766118,0.5568892453714578,0.6013368516308588,-1.105192606030097,-1.3306126633626878,-1.5746553718307787,-1.4748778589649643,-0.8308778652408528,-1.165911802582074,-1.2946195919835166,-1.1647587360256701,0.7812886531916651,6.6756756756756745,40327.899821937055,4.913913913913913,0.5827814569536424,0.9489491894598632,0.8836160016918729,0.9325708133465944,0.20617004829199087,-0.10136581910747897
10,4.0,12.0,3,4.855787968266526,25.708309424834017,5,0.6954906176707851,15157611.74050539,383527.59054248687,2828909.9604633693,7.3760272538984,0.8685597211972301,0.8675184725483425,10.094568180763739,0.999539365270889,0.11193548387096774,0.06989247311827958,1.6015384615384614,0.22440860215053765,0.06903225806451611,3.250778816199378,0.35301075268817206,0.11688172043010754,3.0202391904323824,0.17269510209963587,0.22681048373861695,0.2526810697474448,0.4146703975630534,0.1838763254869463,0.21414910267866377,0.24809854476874174,0.34385693644817816,-3.9365222647363955,-3.679027832844114,-3.555929156547151,-2.7851436852968363,-3.844025310935276,-3.7014374588836874,-3.5415321421260817,-3.0905004016612114,0.6853122936165768,6.697697697697696,44632.33926710398,5.2002002002002,0.5397350993377483,0.9265844617384469,0.8893158022598174,0.9207606785470044,0.1927129355341111,-0.1586927123196108
10,4.0,13.0,3,5.278679618179229,35.09806312042693,6,0.7273137020177087,14240986.215510227,394996.45320791355,2027499.8639864128,5.132957138020683,0.9710763161907432,0.8838303307965422,3.663521582966778,0.9996507272621505,0.10838709677419356,0.06666666666666668,1.6258064516129032,0.2625806451612903,0.10946236559139785,2.398821218074656,0.2578494623655914,0.09838709677419355,2.6207650273224044,0.10168225863631342,0.12607876944110627,0.1426613186969104,0.22612245871986966,0.10060021290755768,0.12890365651075217,0.15291389309570655,0.2251566288390913,-3.1139618272106393,-3.02939286027926,-2.971910498523801,-2.68259771739978,-2.6723338077852254,-2.588237446741963,-2.5168972397731344,-2.3022466384893048,0.7308412848656142,6.697697697697696,13216.641839466038,5.002002002002,0.5827814569536424,0.9256158799762516,0.8898352266184624,0.9597165116168263,0.19629953436961073,-0.14044203057348695
10,4.0,14.0,3,4.958491235384007,28.96264418364902,5,0.8139519001777702,17931344.51333162,146548.7061641769,3164239.9495404675,21.591729005069514,0.9675110487418802,0.9053701154904261,11.258022423681362,0.9995987637749444,0.1086021505376344,0.06989247311827958,1.5538461538461537,0.3066666666666667,0.08612903225806452,3.5605493133583024,0.23225806451612901,0.11150537634408601,2.0829315332690452,0.13963803277700632,0.14392774731398666,0.16511900354606368,0.28167558262924963,0.12812818756621075,0.12837804741228015,0.15883785489542337,0.2552943848637769,-3.5115749177290696,-3.494066410209962,-3.407574111974231,-2.931847411820438,-3.293132000062972,-3.2921882587435625,-3.177139044732972,-2.812814747371953,0.7611400210199522,6.719719719719719,17030.650292528426,5.002002002002,0.6026490066225165,0.9008607980615578,0.8804830929088249,0.9584700915706115,0.19953019669085892,-0.1347155773987735
10,4.0,15.0,3,4.59097254670322,23.423123643041894,5,0.7695654259207919,16522442.569827741,206081.3429389678,2565771.2637201156,12.450284082630342,0.9562444107969661,0.9264126492884528,35.61936401870411,0.99986198896026,0.10193548387096774,0.09,1.1326164874551972,0.2595698924731183,0.0832258064516129,3.1188630490956077,0.2182795698924731,0.058602150537634415,3.7247706422018343,0.045304849147501866,0.0584593595406508,0.06001627349259476,0.10099264106588335,0.05608280110794144,0.07530804563343747,0.07661899999663803,0.11553616904986538,-2.481440661059983,-2.4472494986383992,-2.443202772746186,-2.336697125840886,-1.832057340879708,-1.7947428916838626,-1.792198448625214,-1.7166637668396616,0.703288976942731,6.543543543543544,15388.177500383432,4.67167167167167,0.6059602649006622,0.8793328080807135,0.896659930247194,0.9677836853017463,0.17199291674027237,-0.1330335753820003
10,4.0,16.0,3,5.590480032919999,35.73217400801785,6,0.6743946442463098,12522495.616786888,141191.11991861166,1803868.0987169873,12.776073309403671,0.9080942980080988,0.8127948575375681,175.2863983583024,0.9995609663291305,0.11483870967741935,0.05655913978494624,2.03041825095057,0.29655913978494625,0.08946236559139785,3.3149038461538463,0.190752688172043,0.11580645161290322,1.6471680594243268,0.09149450291936756,0.12356311813551445,0.16366204048142372,0.318496005620905,0.0961674855648629,0.1445007681135214,0.1714622890269454,0.32510907347129303,-3.596437309209507,-3.469489520133226,-3.310752714635258,-2.697822302271388,-3.051176950929284,-2.888012431707064,-2.796995158197658,-2.2783110880920603,0.7283722069146572,6.499499499499499,49396.21743878326,4.913913913913913,0.5860927152317881,0.8878612779709351,0.8639244726022992,0.9421666705006795,0.21468645818490828,-0.14289820571922562
10,4.0,17.0,3,5.707066145720836,42.146850361652355,6,0.6165550705927163,13682462.01193101,78829.73829183384,2266114.6275850637,28.746951045248057,0.8784480275229891,0.681479914728242,47.687023028428285,0.9993013647369555,0.10193548387096774,0.11311827956989247,0.9011406844106463,0.2962365591397849,0.11279569892473118,2.6263107721639654,0.2143010752688172,0.06817204301075268,3.1435331230283916,0.05176213502247542,0.08467051627019011,0.0936786018454996,0.1432720048331958,0.05391422977564363,0.06915697816318042,0.08635019247119662,0.1165434257875615,-4.3543126426003775,-4.203197204368185,-4.161832033924242,-3.9340988990277364,-4.225513126986714,-4.157434274698704,-4.080644035335533,-3.9457916702120013,0.7103171464137105,6.609609609609609,10790.287915161858,4.86986986986987,0.5794701986754967,0.8760817779883069,0.871879610381039,0.9404288557486745,0.2039855282327642,-0.16850437872596874
10,4.0,18.0,3,7.435063512212713,61.746323407400965,6,0.6504138249456961,15730933.949770419,185781.32427534068,3089483.2885453007,16.62967631755318,0.9449558665159987,0.8377415659495293,1186.1584864436154,0.9997600341978978,0.11483870967741935,0.06999999999999999,1.6405529953917053,0.20946236559139786,0.10623655913978494,1.9716599190283401,0.21451612903225806,0.07236559139784945,2.9643387815750373,0.11759241583839139,0.11772411919088242,0.14648420342196278,0.2372507769784041,0.11825258516503663,0.12038828935000478,0.16073397796223224,0.2521142849939394,-3.0923606139823243,-3.09189906507082,-2.9911105481458353,-2.6730228728242884,-2.7243559937796546,-2.717757257679762,-2.5931002224057065,-2.310760310786172,0.7584364501063514,6.829829829829829,24287.643824604504,5.0240240240240235,0.5960264900662252,0.9403866044352133,0.8902768086854822,0.968099800806716,0.19780351816264474,-0.09588148974618414
10,4.0,19.0,3,5.114757031518814,28.68715119413516,5,0.8195118913531436,16562449.213639518,120013.57217067039,3157503.771067193,26.309555777382666,0.9753024461029512,0.9179094816144758,173.6063403140005,0.9997989555800352,0.10193548387096774,0.11967741935483871,0.8517520215633423,0.2864516129032258,0.11956989247311829,2.39568345323741,0.24451612903225808,0.11129032258064515,2.1971014492753627,0.22932129039482446,0.28659855592303535,0.2477527713977295,0.30236008032015504,0.2729696035069583,0.3034106042922663,0.25195938657262934,0.299734550119976,-2.5179683956715473,-2.3308315997629014,-2.4577488955448192,-2.2793354058173265,-1.9548086141802985,-1.8729601373539806,-2.0112999978241404,-1.8828441565048295,0.6869241869025777,6.6756756756756745,17030.650292528426,4.803803803803803,0.5695364238410596,0.8742689229074851,0.8614104215836496,0.9445513863946855,0.21485041586724746,-0.10627358574162951
10,5.0,0.0,3,5.512603984750033,33.15464105486685,6,0.6916917429322964,12971116.847348452,187581.84736623603,2481857.977116058,13.230800378410082,0.9339321479017443,0.8308481319665678,43.91388955003958,0.9998184420299223,0.10193548387096774,0.11645161290322581,0.8753462603878116,0.24989247311827958,0.14989247311827958,1.6671449067431852,0.27129032258064517,0.11204301075268819,2.4213051823416505,0.0641089724753114,0.09090290104137269,0.10581645618652738,0.1548026398339497,0.06980588075369093,0.11029607858737998,0.1407552159586034,0.19760036081138962,-2.0080871756939294,-1.9505969949382993,-1.9185978433808821,-1.8134910261601331,-1.395029525017177,-1.334305617734738,-1.2886254795138692,-1.2033737521778929,0.6690465620666292,6.6756756756756745,2479.6728925021603,4.517517517517517,0.6258278145695364,0.9556734405027546,0.9149961274605898,0.9865493779597552,0.18204173700792536,-0.1266483274487977
10,5.0,1.0,3,9.222487191579761,104.35613976250504,3,0.6182992563018448,14870383.008811122,324466.9985645149,2374603.037106538,7.318473211796877,0.9636065960450634,0.8455764811455684,23.42947422976109,0.9997306347475828,0.10462365591397851,0.13666666666666666,0.765538945712038,0.25462365591397856,0.14989247311827955,1.698708751793401,0.387741935483871,0.08870967741935483,4.370909090909091,0.3308412412778617,0.3334453003205211,0.3703563011094811,0.41460380501051775,0.35779846578898256,0.34186269370061934,0.36224992252188254,0.3956007231477893,-2.2229822273855544,-2.2143313999168246,-2.091711023691661,-1.944718380322524,-1.8515346343373171,-1.897479142991847,-1.8387006159254113,-1.7425467465367173,0.7194120285929734,6.719719719719719,10790.287915161858,4.97997997997998,0.5860927152317881,0.9291903948518699,0.894528511126907,0.9407737480165066,0.20154935520918957,-0.11802178801286013
10,5.0,2.0,3,6.344848518532328,47.365164391115094,6,0.6854045601808205,15748224.420214958,236193.7845021031,2550514.4657822563,10.798397896704797,0.9519490800754834,0.7678332956551341,40.50857766059401,0.9997065980158643,0.11860215053763441,0.12666666666666665,0.936332767402377,0.13849462365591397,0.1032258064516129,1.3416666666666666,0.19397849462365593,0.08806451612903225,2.202686202686203,0.1456595574119113,0.16511966745023687,0.20360680182749738,0.2779528869107967,0.16089058288936062,0.1745761854767305,0.2010578283304659,0.2582199079870655,-3.9740902524648454,-3.8835686878050653,-3.7045401203283417,-3.3587083683590464,-3.696346579249026,-3.636060364749164,-3.5194065315549734,-3.2676028295669965,0.7691014054491134,6.829829829829829,19828.83949127067,5.0240240240240235,0.6423841059602649,0.8846950288990872,0.8671495081790761,0.9183038145493068,0.21828137606669606,-0.12397328847951868
10,5.0,3.0,3,5.231934599694655,29.193289327109504,6,0.6910672515533202,13968467.513439907,573851.0444289318,2646219.333991145,4.611334874583232,0.9617861043783608,0.8985601329137625,22.86201452887775,0.9998129541066483,0.11806451612903228,0.10666666666666666,1.1068548387096777,0.2522580645161291,0.10978494623655914,2.2977473065621945,0.2622580645161291,0.08236559139784946,3.184073107049609,0.19287755857186473,0.18061103146583612,0.20128924427153125,0.25975413348177456,0.2308543309691587,0.18253553186666704,0.18869891557249682,0.2641153923361998,-2.6735186304500003,-2.7141503699056146,-2.6456556975451035,-2.451996145403041,-2.2338372092874947,-2.374169965082945,-2.3562695901454545,-2.137236786904941,0.7168234949186495,6.763763763763764,12563.166024741215,4.693693693693693,0.6059602649006622,0.899630756902228,0.8796159132725859,0.964250139195211,0.208511748618374,-0.11894299437588769
10,5.0,4.0,3,5.8399536049380005,37.01441345234059,5,0.5357777876816199,11484871.269074328,430854.2875003839,1567146.319287625,3.6373000449397375,0.94590776512172,0.7284487730170748,16.73593775117046,0.9996873766821982,0.12193548387096773,0.059784946236559146,2.0395683453237403,0.16784946236559137,0.10946236559139785,1.5333988212180742,0.21365591397849465,0.11161290322580644,1.9142581888246633,0.11058980826696652,0.14759735104491567,0.17446417051252058,0.29009508157453967,0.12051935612561342,0.12426305947872615,0.16575703380629778,0.2463419235311777,-3.5403701651957995,-3.3930586079907235,-3.2861130310669084,-2.825834712352454,-3.2142524460697683,-3.2005702715456175,-3.048921557718321,-2.7544066292562306,0.6994717537429335,6.697697697697696,16188.596901781992,4.75975975975976,0.6026490066225165,0.9393101096423915,0.881736144212985,0.9618659293697972,0.19445967158499186,-0.10758504893337535
10,5.0,5.0,3,7.937280124976882,76.98559695215921,4,0.32327262936952383,7454018.024757875,142289.49511701983,1303378.6724487443,9.16004847284641,0.8408909417526867,0.7370942025415761,13.032060670198767,0.9994137153832018,0.13440860215053765,0.12655913978494623,1.0620220900594735,0.2651612903225806,0.1532258064516129,1.7305263157894735,0.3195698924731183,0.0721505376344086,4.4292101341281676,0.19479332604407107,0.19747530429301488,0.24758780028109081,0.31252153355580037,0.22800928306093682,0.24317930840888546,0.27125893882433405,0.3494514915528915,-2.015726098345404,-2.0090121282226394,-1.8835622663627976,-1.7210094397924665,-1.5279762267442012,-1.497950686822324,-1.442373583640712,-1.2876095961261977,0.7640192005275399,6.455455455455454,10256.779307444209,4.737737737737737,0.5596026490066225,0.9326319719470969,0.9064793425500801,0.9790006764962688,0.20769529673353365,-0.1548081410169787
10,5.0,6.0,3,5.842573267928725,37.82400536575524,3,0.6544848033046705,11180364.6445151,369195.72100885207,2008211.2235281386,5.439421719299906,0.9183751389050947,0.833474755411878,3.0324168241657325,0.9997748376341212,0.10838709677419356,0.12956989247311826,0.836514522821577,0.21365591397849465,0.13268817204301073,1.610210696920584,0.09225806451612903,0.055698924731182785,1.6563706563706566,0.28928695448902736,0.26151153267871297,0.2591447875429909,0.3186594916996912,0.300827917369033,0.26053232377631624,0.2618987816130643,0.3261430389245482,-2.5164905960589783,-2.614837725366243,-2.623217889364824,-2.412488405385968,-2.2711710619776055,-2.402066142554347,-2.3976273790891978,-2.188938128289837,0.7525677552762925,6.587587587587586,31296.480106707506,4.847847847847848,0.6854304635761589,0.9252827317797508,0.8878363304347375,0.9549379511793858,0.19239748989990313,-0.13330422154167865
10,5.0,7.0,3,8.02661336693329,72.57171032549756,6,0.6736057315930261,14908534.535898414,299949.3231593727,3161023.248919356,10.538524360129337,0.9264426885235797,0.7994997038115015,11.37390162429455,0.9994732154616918,0.10193548387096774,0.08612903225806452,1.1835205992509361,0.3265591397849462,0.1324731182795699,2.465097402597402,0.24763440860215055,0.12795698924731183,1.9352941176470588,0.47274779060673655,0.3916991225928088,0.41833553274041885,0.46171208220597104,0.4781767494754237,0.4091944900720576,0.39966274664161494,0.4480111330433208,-2.524053631511549,-2.912048562941308,-2.7845351517772787,-2.5768836042817127,-2.34641281502283,-2.656596114273242,-2.69945623005424,-2.4820545076806315,0.7611779486684842,6.587587587587586,32924.37333007762,5.2222222222222205,0.609271523178808,0.8915998716984831,0.8522627860351745,0.8840277041993468,0.22591932834362702,-0.11586375167526596
10,5.0,8.0,3,8.549731783626191,80.87713618999415,5,0.6093516670549189,15465703.777262498,1111146.6857942925,2959964.4928288674,2.663882753439493,0.9347563252488537,0.8419260920640637,384.7144495324213,0.9998010374674391,0.11505376344086023,0.0464516129032258,2.476851851851852,0.24634408602150537,0.1129032258064516,2.1819047619047622,0.29956989247311827,0.05559139784946236,5.388781431334623,0.3046393331858577,0.27639732070977086,0.311257827027772,0.4558850189191238,0.370643961396175,0.27810922802658494,0.3384421628614675,0.47876905873617703,-2.362814409212867,-2.458779909144578,-2.340324968317957,-1.8488861664505254,-1.8193166342621696,-2.0868122477781386,-1.9124042732674602,-1.5067530357491952,0.7232962411930878,6.455455455455454,10790.287915161858,4.78178178178178,0.6158940397350994,0.9195038957211155,0.8861607236917712,0.9608401786122569,0.2044042073220709,-0.10514172096763263
10,5.0,9.0,3,9.999929511529304,121.36405204887556,4,0.6171706028300845,15173606.164845351,706557.5584857257,2835802.599326103,4.013547891842974,0.938194999396617,0.9022837424286267,11.943698390037385,0.9998802597820904,0.10193548387096774,0.09989247311827956,1.0204520990312165,0.2358064516129032,0.14311827956989248,1.6476333583771599,0.28215053763440856,0.1086021505376344,2.5980198019801977,0.11492727831252599,0.19811959060057974,0.21883514879181507,0.2987436128874025,0.13676704522920444,0.2346183402512798,0.2634906966933103,0.35935672904403576,-2.601682582231414,-2.3571377165363976,-2.2962440683573173,-2.0613521164124196,-1.966051417364132,-1.7431907443489925,-1.6774326694379522,-1.4590935203837274,0.7315210520383572,6.719719719719719,6177.187597338489,4.583583583583584,0.609271523178808,0.9098362934248146,0.8890462191826216,0.9694903863152835,0.20206090810897498,-0.11295458346262521
10,5.0,10.0,3,5.321776554244139,29.681452745866387,5,0.6437558151412062,9641978.52368816,77068.24238052765,1609267.2202845907,20.881068136195022,0.9103878890723399,0.8542370240264571,12.385104544095864,0.999734032603376,0.10838709677419356,0.10655913978494624,1.01715438950555,0.2525806451612903,0.12612903225806452,2.002557544757033,0.2235483870967742,0.0929032258064516,2.40625,0.07574405408942979,0.09588436824347885,0.10565633110695699,0.17624838499565101,0.10035076871120842,0.13861635838128153,0.1492556038593598,0.224786665746906,-1.9473431461066888,-1.9049089016727148,-1.8843200539726812,-1.7355874946443115,-1.2760703108084417,-1.2217940649057941,-1.2067032663903219,-1.0995693498966017,0.7547661325521133,6.499499499499499,5726.606320094108,4.473473473473474,0.609271523178808,0.9247930459877161,0.8999835406204125,0.9680903363257443,0.18306393248941905,-0.112478529824074
10,5.0,11.0,3,5.4527811027060515,34.1391605430813,5,0.5609911814018953,8937106.688937737,20925.452898536583,1153347.3718100968,55.1169610236133,0.9171737492020252,0.6970545562487,16.938517717187683,0.9993138458839231,0.1149462365591398,0.06989247311827958,1.6446153846153846,0.20408602150537636,0.10247311827956988,1.9916054564533057,0.2225806451612903,0.07827956989247312,2.843406593406593,0.11259983352816462,0.2365416661401254,0.25726542082147036,0.37457694888637916,0.1082954899514335,0.23544080323022076,0.2587906570242573,0.3450892723868605,-3.139832927601294,-2.701297234409452,-2.6279716595555245,-2.2128955613957952,-2.880097741664167,-2.46943375431092,-2.3940165500436335,-2.115282457736485,0.7202487690416163,6.499499499499499,42425.56430717769,4.97997997997998,0.5860927152317881,0.8450858288077114,0.8485980191719295,0.9026021760544314,0.21518274912534177,-0.13650005391957887
10,5.0,12.0,3,8.378705601894868,93.45444931545575,4,0.5923630856994195,14308291.072839431,554890.8818159637,2387937.5507160584,4.303436277239183,0.9460571025481816,0.7981234428883284,87.62317005009717,0.9997710562554663,0.11526881720430107,0.08333333333333333,1.383225806451613,0.13860215053763442,0.06268817204301075,2.2109777015437397,0.20290322580645165,0.09494623655913978,2.137032842582107,0.10350154079389126,0.12485168509795998,0.13338297990328268,0.2265183108491065,0.10431864964000657,0.11799948088649667,0.1332148424723144,0.18967920272291006,-3.6599339191048883,-3.5727724560662995,-3.5379436452510147,-3.1577208425285925,-3.490376041927025,-3.4370632810917083,-3.3777706168790953,-3.1577349421804937,0.7010759944854309,6.763763763763764,11070.917502185923,4.97997997997998,0.5894039735099338,0.982572855518488,0.9143877745603555,0.979982943125127,0.19213007618106573,-0.1346253871305684
10,5.0,13.0,3,5.04091692285028,28.172057445777757,7,0.423830055036185,9160140.509519083,165879.36413511296,1684330.332053839,10.153947363108465,0.8262137299574126,0.6112699870039364,266.7904484842625,0.9991862443967585,0.10526881720430108,0.05967741935483871,1.763963963963964,0.27322580645161293,0.07591397849462364,3.5991501416430607,0.31924731182795696,0.14344086021505378,2.225637181409295,0.12389725469555123,0.11608379608285925,0.17248473940064935,0.31288049681766716,0.14196069351871177,0.11839241651284721,0.1576274766024667,0.25252876905719984,-4.844211863143291,-4.887414614312195,-4.575558362089669,-3.799271793808039,-4.582334885294536,-4.708200608571413,-4.4986668690128155,-3.9918491745435394,0.6946714477310344,6.6756756756756745,15388.177500383432,5.068068068068069,0.5960264900662252,0.8751525494533752,0.8585113216277055,0.891671507358774,0.21797413689202658,-0.15633665890958284
10,5.0,14.0,3,5.132545560149231,30.124811808378432,5,0.7733599436929848,13062965.495143723,858859.1385327879,2239061.4669626034,2.607018271689642,0.9306988977233762,0.8684123306041389,34.93835272074081,0.9996179500390675,0.10838709677419353,0.07989247311827957,1.3566621803499324,0.24989247311827958,0.11301075268817204,2.2112274024738348,0.24225806451612905,0.10881720430107526,2.2262845849802373,0.1893187753749673,0.16396722641579414,0.17394285915088104,0.2446225731267866,0.22513247412841278,0.1970694527118352,0.2049953972917807,0.2853379952784129,-3.5977529068291845,-3.7102615060047417,-3.665990267717807,-3.352318088461051,-2.642428380985203,-2.7381279964310172,-2.711099194468248,-2.437117443996563,0.7571629598622887,6.653653653653654,24287.643824604504,4.847847847847848,0.6125827814569537,0.7728199529779733,0.8355776296224064,0.8658787114743756,0.21472995017139873,-0.1128798895718919
10,5.0,15.0,3,6.387800494189301,47.24799309474235,6,0.8027072085841227,15972850.902847074,699333.3302818278,2951230.1670660716,4.220062221082385,0.9669402726556575,0.9378826271712047,18.61170882145874,0.9997249994182966,0.10838709677419356,0.13322580645161292,0.8135593220338984,0.3061290322580645,0.0961290322580645,3.184563758389262,0.2112903225806452,0.09548387096774194,2.212837837837838,0.20995915911853363,0.24529340248980583,0.3039734613069487,0.34209903421411464,0.2365405678775633,0.24919938297356498,0.296429066555684,0.33903533377978806,-2.7509213571075617,-2.6278875597423283,-2.4235636581370628,-2.290810454333995,-2.3813550879988323,-2.34187016913013,-2.194553045821845,-2.0616571158407395,0.7266281067495105,6.543543543543544,13904.108340900724,4.86986986986987,0.6026490066225165,0.8557066879359744,0.86607331944662,0.9448721407476061,0.19269624672906785,-0.11127582243516046
10,5.0,16.0,3,5.968083637598686,42.01255989945174,5,0.6066356789006777,12163906.289248,234098.43906780396,2090457.7674264025,8.929823606474049,0.8776379201078017,0.6948673725760584,19.9559562083024,0.9996846801370842,0.10193548387096774,0.14333333333333334,0.7111777944486121,0.25311827956989247,0.12311827956989248,2.05589519650655,0.2289247311827957,0.09526881720430107,2.4029345372460496,0.10557199489792005,0.16308312994693255,0.1742311430858466,0.2194160852709682,0.1442050245993074,0.21332398065826025,0.2272147061389094,0.28244045130355755,-2.5044858542636903,-2.343449053793135,-2.312233527165735,-2.1857112717322815,-1.6679240568453049,-1.5332128550872164,-1.5061401614372438,-1.3985064973412413,0.7496564310933758,6.653653653653654,12563.166024741215,4.737737737737737,0.6125827814569537,0.9437984281332212,0.9029872022101222,0.9776583378859016,0.200261205838609,-0.14429285946577258
10,5.0,17.0,3,7.63913680949415,76.17486500488735,5,0.35565773028560244,10626671.844752334,310006.6435706716,1926994.7162965941,6.215978774201014,0.8784868103924804,0.6534752118248969,26.541182031451964,0.9995493285601519,0.10193548387096774,0.12655913978494623,0.8054375531011044,0.29870967741935484,0.10935483870967744,2.731563421828908,0.3613978494623656,0.05580645161290322,6.475915221579962,0.20720481921320635,0.17055819019112278,0.16074412510764882,0.21082572961447008,0.25215594006979575,0.1869191383649059,0.1827564899196207,0.23856408317390176,-2.4603644941317278,-2.57409382430509,-2.604550842535844,-2.449127342842715,-1.8724066155381238,-2.035742564345666,-2.046164751141987,-1.9064370827610562,0.7222714290998951,6.5655655655655645,20860.24089248505,4.825825825825825,0.6357615894039735,0.9302040844502175,0.8950658968242439,0.971046107316369,0.20373067536468067,-0.1516216029806891
10,5.0,18.0,3,4.571576472259513,22.360966121376844,5,0.6567094080638772,10044295.359364368,388298.58159162226,1695092.0330622294,4.365434522356756,0.8570602578555907,0.7832303525928914,12.085080237235474,0.9994152179465264,0.12129032258064518,0.10311827956989247,1.1762252346193953,0.3267741935483871,0.12913978494623657,2.5303913405495417,0.1906451612903226,0.08150537634408601,2.339050131926122,0.2097907831596982,0.17929994987083867,0.17750574979835465,0.28534540104557243,0.15342459701004002,0.143185484123317,0.15316276761690956,0.2238878897302887,-2.9694908380426592,-3.0840709367886507,-3.0908132786435845,-2.68556761770738,-3.07172296187104,-3.108874665136047,-3.0726729863533615,-2.8160532206366664,0.7308060752634998,6.41141141141141,15388.177500383432,4.957957957957959,0.6158940397350994,0.8882020771111753,0.8552328860029375,0.9497706622223999,0.2230760862027091,-0.15681202605621186
10,5.0,19.0,3,6.52422141477243,48.510912602274196,6,0.6975386741053489,14062857.390962616,580334.8425740112,2467170.052919223,4.251287139638837,0.9581238424044591,0.852693861265773,61.79407754182473,0.999651355730697,0.10838709677419356,0.08333333333333334,1.3006451612903225,0.19215053763440862,0.09655913978494624,1.9899777282850781,0.21946236559139787,0.07516129032258065,2.9198855507868386,0.22221186075257796,0.2008729966409669,0.21270860976588643,0.2386610538180793,0.24056011511964293,0.20347868563319457,0.20574566743870587,0.24133200574446345,-2.3547742629130752,-2.4193782411357834,-2.3835456078439936,-2.304973893735667,-2.10470433758322,-2.207471451923296,-2.2011887605157554,-2.1025651273856205,0.713932425853375,6.6756756756756745,13216.641839466038,4.825825825825825,0.5927152317880795,0.9062090933636572,0.8777449157234353,0.948207972624952,0.2053063541154292,-0.09513434736489335
11,1.0,0.0,3,4.821207503099165,25.334554659451616,5,0.7356714365003123,8949642.93749168,56965.74273001321,1873825.894166871,32.89390788860231,0.8363740258013533,0.8932369728901163,62.13765250129197,0.9997337119514315,0.10193548387096774,0.07311827956989247,1.3941176470588235,0.26602150537634406,0.1260215053763441,2.110921501706484,0.34279569892473116,0.14129032258064517,2.426179604261796,0.19953843609702793,0.18571051962143062,0.2024551375968201,0.24320659968796166,0.3024397314589275,0.2524187772117665,0.2499445170176338,0.28057952568469846,-2.3603142814252074,-2.4010885424410224,-2.351713828242863,-2.2315503347033547,-1.4675803583371874,-1.572818247117681,-1.578023783938061,-1.5135715222126263,0.6800354003443706,6.6756756756756745,13904.108340900724,4.67167167167167,0.6225165562913907,0.9116405522902927,0.8635656517200808,0.9561252528247293,0.22292859620081165,-0.127886867701921
11,1.0,1.0,3,7.6557287676433905,77.19911604874675,6,0.21078886078338466,4357031.17699161,22373.769811389986,981493.9676180684,43.86806407199254,0.8045693936106756,0.7976622364870737,53.377484953684885,0.9995263383736886,0.10193548387096774,0.14311827956989248,0.7122464312546957,0.2950537634408602,0.1761290322580645,1.6752136752136753,0.28236559139784945,0.08182795698924732,3.450722733245729,0.19987294446860765,0.33838905323155205,0.26661708118005406,0.28668502626649006,0.23026230583903387,0.24597392695878303,0.21695374573953302,0.24709559961805852,-2.095486112966534,-1.732720499270168,-1.9206871099408347,-1.8681303316720714,-1.7523317369123688,-1.7165637440813957,-1.7826290867912538,-1.7140102214798842,0.699448575426372,6.345345345345345,8809.37190447399,4.627627627627627,0.6589403973509934,0.914017345465496,0.8722891126388904,0.9629143601440713,0.22956170752605565,-0.1552409074617919
11,1.0,2.0,3,9.43817004438754,108.94307453289697,5,0.5343378916293329,8253356.846997648,226240.24867758632,2719230.7283648383,12.019217377364177,0.8478999878196625,0.8772639621339672,253.0683823466317,0.9998012398767276,0.10193548387096774,0.03634408602150537,2.804733727810651,0.2793548387096774,0.10559139784946237,2.645621181262729,0.32505376344086023,0.10129032258064515,3.209129511677283,0.4860876632561329,0.4891030754264503,0.45050286501524617,0.5387212966757583,0.5541312184008904,0.5031220627312702,0.44823276249762845,0.5036321228561407,-1.8274595347326787,-1.816736803776831,-1.9539981954873005,-1.6402956385519614,-1.4759922738479188,-1.6448516395874093,-1.8265557337184435,-1.643163149981103,0.7206415500519611,6.631631631631631,10256.779307444209,4.693693693693693,0.6423841059602649,0.9412412973125341,0.8481209441503489,0.9226599812176655,0.23529969156035876,-0.09989436694325145
11,1.0,3.0,3,8.853727502212939,99.02338657624256,4,0.465394981199606,5599823.827337511,136273.29273341852,1485747.9732129318,10.90270839877181,0.6675317667081029,0.6519846523106059,88.6121578574201,0.9987802526054815,0.10193548387096774,0.0664516129032258,1.5339805825242718,0.3032258064516129,0.11924731182795698,2.5428313796212807,0.35,0.13860215053763442,2.525213343677269,0.6461764988842492,0.5691400048607193,0.6595946784892716,0.6967056088666082,0.6793903256755294,0.5066149406612507,0.6366813635872796,0.6810373951528808,-1.5654263085057254,-1.9062599560141371,-1.506060067146067,-1.341869654235078,-1.3084810738539758,-2.0136167557243287,-1.482786071649722,-1.3017590083299773,0.7662354885557903,6.455455455455454,21945.290862033115,4.97997997997998,0.6357615894039735,0.890464707477548,0.840790144965248,0.8915214305411344,0.22308240037416352,-0.12913620537929515
11,1.0,4.0,3,10.715562070830845,134.92355944652257,5,0.5200694418628288,8635814.844334431,508185.7656471853,2662592.5769504462,5.239408021512721,0.9238083659993519,0.8552742544880223,89.04997168804616,0.9999617790257485,0.10193548387096774,0.11978494623655914,0.8509874326750448,0.2627956989247312,0.14268817204301074,1.8417483044461194,0.23430107526881722,0.08881720430107527,2.638014527845036,0.1488942703449162,0.2122167317386209,0.19933086045167137,0.2192273257038342,0.2094831248976048,0.25452966001277205,0.2636150955646588,0.27517697333438046,-1.7490925154962076,-1.6189596313815497,-1.6454411603365773,-1.6045522822044893,-1.117506495609274,-1.0538268991561683,-1.0409833615108046,-1.0246390253985225,0.7077376446919765,6.653653653653654,2887.0909173592345,4.42942942942943,0.6258278145695364,0.9474245376813138,0.8905286045575693,0.9747728279509225,0.22285249778500238,-0.10118181215908584
11,1.0,5.0,3,7.956974787042939,82.72673405584729,3,0.27806042933635444,2776636.136599197,147685.64412948515,480488.3715160366,3.253453471041252,0.7026105647931408,0.5044881194356188,6.781646588630411,0.9987745943248735,0.10193548387096774,0.0464516129032258,2.1944444444444446,0.27301075268817204,0.09935483870967743,2.7478354978354975,0.3806451612903225,0.12225806451612904,3.1134564643799463,0.7442483402000785,0.7618508726595029,0.7943148099293547,0.8848494698728728,0.6624176390763253,0.6656625017996457,0.6895869089707414,0.8507619524849688,-1.1862958723617605,-1.1046470900388408,-0.9540641580885083,-0.534122041268259,-1.471958105502988,-1.457809552320981,-1.353492120099426,-0.6507216582292248,0.7535948631932978,6.3013013013013,28278.179796253382,4.86986986986987,0.6490066225165563,0.818698465392794,0.828579691444017,0.7919558336336743,0.24143653226316858,-0.16250568164095205
11,1.0,6.0,3,8.590135512787082,84.10737075719885,5,0.5514600830717179,8779605.682505913,136562.9180686135,2253938.1999781127,16.504760090478317,0.8388963513104448,0.7499657714012824,141.94812753584304,0.9995252221280385,0.10193548387096774,0.08311827956989247,1.2263906856403621,0.26978494623655913,0.12612903225806452,2.1389599317988064,0.2413978494623656,0.08494623655913977,2.8417721518987347,0.2551094194270695,0.23954942355152184,0.2559349044131465,0.27457993253564406,0.2789154395100472,0.2583579116327981,0.25103888581677647,0.26432534268314534,-2.8216200364608737,-2.880560768529099,-2.818493127573503,-2.7478663988929615,-2.466184981467503,-2.536493887364092,-2.5615257248703354,-2.5160846460064494,0.7366039317816274,6.477477477477476,15388.177500383432,4.803803803803803,0.6556291390728477,0.9097351111795384,0.8681732484287895,0.9472998310367153,0.22201860514859625,-0.10881233445545235
11,1.0,7.0,3,6.509146000285964,48.85107520418379,6,0.3299315594202459,5633338.2832765505,36454.7537703034,1056692.7995980848,28.98641988521351,0.8511908416869141,0.715739153169406,12.204955812346116,0.999539405470402,0.10193548387096774,0.0756989247311828,1.346590909090909,0.29956989247311827,0.11817204301075268,2.535031847133758,0.35075268817204297,0.17311827956989248,2.026086956521739,0.4675158508186682,0.6423345168083486,0.6834326447831834,0.6667160874157234,0.43182281234416303,0.6340020485302141,0.578411532329505,0.6020801130594338,-2.138175149728861,-1.4361957050776484,-1.2711673261648269,-1.3382921928994946,-2.191434081442207,-1.4116377813372418,-1.6260479239017673,-1.5347592632553808,0.7885046402357105,6.5655655655655645,13904.108340900724,4.847847847847848,0.6357615894039735,0.8322790607224632,0.8340545539841009,0.8594651040137862,0.2278231616030652,-0.13830933602207207
11,1.0,8.0,3,4.990832125704472,27.977562361615227,5,0.6689791886336023,8205625.779293768,539332.5785667247,1839328.613797341,3.410379211071123,0.897708168920369,0.8777989020994375,6.099141429464022,0.9993660526434545,0.10838709677419356,0.09634408602150538,1.125,0.28258064516129033,0.12247311827956989,2.3072870939420547,0.25365591397849463,0.06860215053763441,3.697492163009404,0.126939286313673,0.1627127188356557,0.15740681090990713,0.2739776222724579,0.12299520313021543,0.1559659097179111,0.16280538933641553,0.2124079503533185,-3.06952099206955,-2.9437481788353255,-2.9624027758235534,-2.55256122994856,-2.738295224778907,-2.635349917377038,-2.613994829644144,-2.459119444179682,0.6835228375408164,6.477477477477476,13216.641839466038,4.737737737737737,0.6158940397350994,0.8998903123784916,0.881951789619162,0.9553496568298583,0.19825682912071757,-0.14121366920313005
11,1.0,9.0,3,8.553072636820781,83.37944616495245,5,0.6052298198592856,10630987.931912545,24473.50986598449,2805976.6066460838,114.65362434777225,0.9059084105893395,0.9466997553671129,20.9691736675432,0.9998369324835624,0.10193548387096774,0.05634408602150538,1.8091603053435112,0.2332258064516129,0.17215053763440857,1.3547782635852594,0.21086021505376343,0.14118279569892472,1.4935262757044936,0.32139736035525746,0.39083520948987166,0.34357464030395196,0.4503754771426235,0.34070635191147514,0.348615014076868,0.3173765200438539,0.4070905315359762,-1.9456244782783352,-1.746538929383285,-1.8820399057921446,-1.5758307779250427,-1.64523519221845,-1.6254995109243935,-1.7034536515171752,-1.4795767047729358,0.6981188748735493,6.6756756756756745,4793.808495089107,4.67167167167167,0.6192052980132451,0.8964012224036924,0.8389702456673722,0.9494728975668199,0.24121406563095157,-0.07379250393405631
11,1.0,10.0,3,8.437762890365633,80.10136536728568,5,0.6247237799468379,8960719.103256704,38032.98317304756,2819575.7162070465,74.13501337452713,0.8710179864212588,0.8027274941165686,165.05973899131763,0.9997036716320804,0.10193548387096774,0.039462365591397854,2.5831062670299723,0.2932258064516129,0.1288172043010753,2.276293823038397,0.3279569892473118,0.14161290322580647,2.31586940015186,0.584402012278796,0.6253286692539535,0.6980593331594086,0.6686299646781285,0.5790665979207744,0.5908781079344524,0.6061999735851845,0.5607909800189027,-1.8085491146318264,-1.6304494331508974,-1.3139489165482159,-1.4420160869472638,-1.7731907547077892,-1.7234345218882083,-1.658890842573257,-1.850177177120691,0.7822556720796505,6.587587587587586,12563.166024741215,4.693693693693693,0.6423841059602649,0.885910731290889,0.8279008682500127,0.892337162025844,0.2568476103069049,-0.09026655756595767
11,1.0,11.0,3,5.9746929439565495,46.952438989073585,6,0.3186739327313307,2879183.954379928,6121.439689494753,913147.8096054161,149.17206669086448,0.42422265998003517,0.4706727869228733,147.9688306837491,0.9968636675543172,0.10193548387096774,0.09268817204301076,1.0997679814385148,0.35,0.14236559139784946,2.4584592145015103,0.18774193548387097,0.0946236559139785,1.984090909090909,0.35178278011473596,0.3263457921803717,0.35020663068562075,0.32130375136531636,0.25103084539896375,0.25537127858038317,0.2877036866937261,0.25268785999166876,-2.994399262377624,-3.1119038512271007,-3.001680186955306,-3.135195246201384,-3.4772334038274044,-3.457082107672155,-3.306972682167463,-3.4695403947669012,0.708505347750403,6.41141141141141,10256.779307444209,4.847847847847848,0.6390728476821192,0.8722650254962093,0.8445033741035564,0.8709834787385242,0.23658744877040666,-0.20455895945900676
11,1.0,12.0,3,5.285711881100146,34.5261648065164,3,0.1764479881493195,1604292.2143595365,955.6523793253807,425064.37709257763,444.78974393664083,0.5225751350905352,0.5960088575627867,130.3569654574508,0.998573395137353,0.10193548387096774,0.08655913978494624,1.177639751552795,0.2596774193548387,0.09612903225806452,2.701342281879194,0.3104301075268817,0.07161290322580645,4.334834834834835,0.3521804331268669,0.22717505598829119,0.1743658950051442,0.2131983289621785,0.13800972510334647,0.1344845354231669,0.1320654528838976,0.15241965498032242,-1.8861163179135667,-2.250067476082552,-2.4038205044858207,-2.2907604934951262,-2.1840101235559075,-2.192941836793496,-2.1990710251490313,-2.1474999288964383,0.678306690929285,6.323323323323323,1652.7920614648972,4.737737737737737,0.652317880794702,0.8940821680567218,0.88219096435735,0.9490120133294148,0.21040146732313206,-0.21166383990271626
11,1.0,13.0,3,7.927758460724847,72.12120352096446,5,0.49290792800832584,6673521.896825749,106765.17709584013,1767357.5391670405,16.553689013980023,0.8004034098451319,0.8215298667247225,91.3426810183716,0.9997331240772868,0.10516129032258063,0.07279569892473119,1.4446085672082716,0.32462365591397846,0.1553763440860215,2.089273356401384,0.34172043010752684,0.11161290322580646,3.0616570327552983,0.43732990058807875,0.4776757933755591,0.5566352967153617,0.5781852145235017,0.4376283710259022,0.42762883528795387,0.5390956733138109,0.5293877612313912,-1.5385456975292156,-1.42822528095469,-1.2123211405543635,-1.153395789162003,-1.4080684048794299,-1.4331052837165665,-1.15401415477334,-1.1783208650985726,0.70538049771272,6.455455455455454,5043.159487171349,4.75975975975976,0.6026490066225165,0.9457688389838369,0.8765226688077677,0.9606308310566972,0.21665915861408885,-0.12683327957922882
11,1.0,14.0,3,4.239467405888997,19.95925089878622,4,0.35188782791389084,4578125.99027046,24216.645159470816,1096686.9638054722,45.28649433410772,0.7604330905404564,0.6993921638958518,29.804035727849282,0.9987171262584599,0.10193548387096774,0.07946236559139785,1.2828146143437076,0.28010752688172047,0.1021505376344086,2.7421052631578955,0.229247311827957,0.11236559139784945,2.0401913875598088,0.2818999840515837,0.2389983343585288,0.27628983949850133,0.3615702657720836,0.2542917303632097,0.20988667777714345,0.2226983620283629,0.2638400321391382,-2.1700037250905355,-2.2996468633426668,-2.1869568434697437,-1.929250620686042,-2.147445885499799,-2.2753208888409793,-2.2384265700412103,-2.1199492595441622,0.7103064341963304,6.477477477477476,14627.3335620113,4.53953953953954,0.6324503311258278,0.8602065204440802,0.8434104488534389,0.9443263441041927,0.22597610484274772,-0.1811342842689073
11,1.0,15.0,3,4.9457070052272165,29.5285883033892,5,0.11647326395678725,1847186.3863369762,11040.871004583754,498702.0502182448,45.16872355552406,0.38386976656407235,0.648981063299821,1160.4941781465131,0.9989640837668253,0.11483870967741935,0.10978494623655914,1.0460333006856024,0.28215053763440856,0.1193548387096774,2.363963963963964,0.26967741935483874,0.1021505376344086,2.6400000000000006,0.11796362126286634,0.1388279467968966,0.1897870342632593,0.23546888894132326,0.13845908809506405,0.147134899772702,0.1715218003140381,0.18257145882535156,-2.2784649517955256,-2.224568496254537,-2.092931641396204,-1.9749268659401058,-1.7855200632161434,-1.7675396799272571,-1.7169984930903668,-1.6940983769252345,0.6748860216436314,6.5655655655655645,1876.777740038311,4.363363363363364,0.6490066225165563,0.8273275796015844,0.8473424387905194,0.9452416069973318,0.2109702400613404,-0.17254853256536615
11,1.0,16.0,3,4.104911075143786,18.72930788181534,5,0.3737062506365929,3049437.492103681,135747.36157566696,405610.0365196565,2.9879773117620805,0.48081037600164533,0.5895155026744641,231.62036677442129,0.9960835866577237,0.10193548387096774,0.079247311827957,1.2862957937584802,0.3065591397849462,0.09516129032258065,3.221468926553672,0.309247311827957,0.12129032258064516,2.549645390070922,0.7229098718406595,0.6010166358577491,0.6246320460228563,0.5328493738267305,0.7470795672664717,0.5922223473814939,0.5406233494382183,0.44080153184474213,-1.2407231174977422,-1.7865229868587917,-1.6807805502166948,-2.0917547120748385,-1.0265681281799592,-1.6551115978962363,-1.8645446047992333,-2.2697071902453074,0.7330522961680113,6.367367367367366,12889.903932103625,4.825825825825825,0.6556291390728477,0.8908825907474559,0.8467034122424593,0.8801259788084359,0.23323927738669975,-0.21537923959830088
11,1.0,17.0,3,7.153392999946995,66.46519700418216,5,0.33567557370825696,4157284.975906563,421606.4057272169,1246294.850223579,2.956062415782987,0.7800605602583269,0.7325230111803122,10.032806671689766,0.9993447916803305,0.10516129032258063,0.17591397849462367,0.5977995110024449,0.2596774193548387,0.15580645161290324,1.6666666666666663,0.2961290322580645,0.10236559139784948,2.892857142857142,0.30480180268815654,0.28964872499626904,0.38510322133083136,0.396898740429429,0.17981532104661122,0.2114703705879393,0.3138340252929936,0.3820516414471096,-1.9421431262844324,-1.984475580245259,-1.7178087582570045,-1.6848561608151815,-1.7707788462990708,-1.7024355895366283,-1.4814324434977668,-1.33415059987103,0.7302916893207101,6.587587587587586,6836.516004510238,4.42942942942943,0.6192052980132451,0.9273928475683937,0.8736995497256687,0.9622528025310542,0.22568300175723868,-0.1451897291964672
11,1.0,18.0,3,7.647736054663645,68.79166711919684,6,0.7061003245520174,8335319.237618857,240375.66442639436,2531968.148910075,10.533379720247808,0.8229064179881,0.8884321394802146,64.69638598679643,0.9996237550479675,0.1309677419354839,0.07634408602150537,1.7154929577464795,0.26602150537634406,0.199247311827957,1.3351322180248244,0.23870967741935484,0.12193548387096773,1.957671957671958,0.17932884331184748,0.24145007661210305,0.20677779248971176,0.27884358893254674,0.25495322923193514,0.24142622780631093,0.2240146095895558,0.3040793347393355,-2.72684221605889,-2.5204321331696864,-2.6356376540431965,-2.396184793451312,-1.8593047333326616,-1.8930621010111133,-1.936513741143746,-1.7367078654797254,0.6858227463009734,6.521521521521521,8373.806535266507,4.53953953953954,0.5960264900662252,0.8841023344509048,0.8534373541849654,0.9511422792496445,0.22736685164269155,-0.13960703186549722
11,1.0,19.0,3,6.564665582522612,46.153923652960025,6,0.7316670317218891,8964872.006326556,115908.23083852645,2831262.6214118158,24.42676073070334,0.9163769518057766,0.8635885085335195,46.84104275634737,0.9997056793617717,0.10193548387096774,0.07612903225806451,1.3389830508474576,0.31623655913978493,0.13537634408602148,2.3359809372517875,0.31172043010752687,0.1139784946236559,2.7349056603773585,0.3588238823809476,0.3355450090799252,0.41335058669445623,0.4584668338305233,0.3699300478577135,0.3374489920915513,0.3616449846203085,0.43432051839003616,-2.2136976723052624,-2.2940693303010766,-2.0254410683857023,-1.8696746127679658,-1.9820644346679848,-2.084242843931404,-2.008127460092386,-1.7795058756703446,0.6896825725860988,6.631631631631631,46953.90010680053,4.957957957957959,0.6357615894039735,0.8745864238565966,0.8468244203424478,0.9067772921248957,0.2328232812922673,-0.09289102913371698
11,2.0,0.0,3,8.197819575950433,79.82332540710327,5,0.34229154862091216,6706661.73076479,78249.56627776915,1894734.4074905475,24.21399245542969,0.9128197962769008,0.814102315057859,15.238548128833413,0.9999008053243128,0.10516129032258063,0.08623655913978494,1.2194513715710722,0.2859139784946237,0.13913978494623655,2.0548686244204024,0.26301075268817203,0.10494623655913977,2.5061475409836067,0.08834859999221668,0.10670758656092323,0.14520271381336436,0.2099408531184982,0.09361708813998142,0.12513267954925902,0.1321023013328105,0.1595612371001158,-2.701108483374166,-2.646713114303859,-2.5326568919481987,-2.340845924210462,-2.196115610551257,-2.1197550775314564,-2.1028680698460565,-2.0363365888366083,0.6809027938145041,6.477477477477476,1571.0723892474489,4.451451451451451,0.6059602649006622,0.828342305911882,0.8254198019671398,0.9250327624531511,0.23569355415881707,-0.11381129989030361
11,2.0,1.0,3,6.367758699073553,47.53556721959623,5,0.5237629338344307,4723865.875986167,19510.9131070431,998463.3012057311,51.17460652547847,0.7641591961498979,0.6445075388894663,16.696449318518987,0.9991518542937703,0.10193548387096774,0.07623655913978493,1.3370944992947815,0.24989247311827958,0.15268817204301074,1.6366197183098594,0.2209677419354839,0.07516129032258065,2.9399141630901293,0.6990560751709795,0.463942591301696,0.3456687532652218,0.31978925125552077,0.31576020658176646,0.2699366501055201,0.2390811682266031,0.2512431280374696,-1.1727217748473397,-2.088914724249384,-2.5498055873526804,-2.650653130781991,-2.3945916298256913,-2.5549574925573757,-2.662940511598671,-2.6203780540428347,0.7008008475286172,6.455455455455454,4117.319931161679,4.561561561561561,0.6721854304635762,0.8231295503548428,0.8249592772954526,0.8352690891426773,0.25861325529625956,-0.12128811053022545
11,2.0,2.0,3,5.956648606961835,44.743539805114374,5,0.16397109139157595,1948021.5915925277,35372.69710477175,514876.4337289924,14.55575842022903,0.6801502727358045,0.4848777917232696,5.362516320912111,0.998811046414792,0.10516129032258063,0.10655913978494622,0.9868819374369324,0.26301075268817203,0.15935483870967743,1.650472334682861,0.23419354838709677,0.05881720430107527,3.9817184643510055,0.19401277360972136,0.17748725050433048,0.16711730268156563,0.218508562786466,0.2256754572911895,0.19098773365175492,0.1815002830187016,0.21943244952815075,-1.8620967118162741,-1.900276128596127,-1.9242341332768693,-1.8055033478201135,-1.4829221261919265,-1.5493531768108302,-1.5675227551838602,-1.4948782167394525,0.6781348532949555,6.433433433433433,1419.5547660500986,4.53953953953954,0.5993377483443708,0.8832678784568162,0.8831274915355799,0.9538324033396557,0.202914739365119,-0.1476162052790636
11,2.0,3.0,3,8.263008585987508,97.13245052024836,3,0.4509074176610546,3803312.825011619,185211.5414565272,758505.9802819251,4.095349427562328,0.7416586668169189,0.5309123335972926,8.735507015883234,0.9981912754395188,0.10193548387096774,0.06935483870967743,1.4697674418604647,0.26655913978494616,0.14591397849462368,1.8268238761974938,0.24752688172043008,0.11193548387096774,2.21133525456292,0.7918547990368645,0.5253146814002835,0.463505261947861,0.46519184338462644,0.6377419223019584,0.4237676668769228,0.43377868046363666,0.4675327580898612,-0.9467088734169025,-2.159015923113558,-2.440144316108405,-2.432473221100988,-1.4446633043015735,-2.2979796936616106,-2.2580563769491393,-2.123447156840044,0.7479465201712148,6.499499499499499,23086.779941871722,4.957957957957959,0.6456953642384106,0.8036515339413409,0.8295715100416705,0.860070314583838,0.2447316025907561,-0.19088623647823422
11,2.0,4.0,3,8.27798828841894,77.57358378317777,4,0.07649055886132594,2137013.0253942646,8790.826956105544,469883.7089368826,53.45159349434487,0.8297348376294835,0.3992573120196855,20.573263141142515,0.9997195033650549,0.10526881720430108,0.07634408602150537,1.3788732394366199,0.20655913978494622,0.14258064516129032,1.4487179487179487,0.210752688172043,0.09505376344086021,2.2171945701357467,0.3868186204415025,0.409139755720792,0.3948862951284503,0.45510334720910545,0.42380066100202185,0.414870042529395,0.3992491116168615,0.46730791841675823,-2.0950992503612245,-2.018833082878248,-2.0675338679927107,-1.8617860992591242,-1.7586104738448454,-1.785867497796289,-1.8335439369289006,-1.6258225419619738,0.7157845148701477,6.477477477477476,5174.320006270462,4.715715715715715,0.6655629139072847,0.8851541375949723,0.8462225000460724,0.9320597196997721,0.23062213297416315,-0.09784209532607667
11,2.0,5.0,3,7.869276495488355,70.7201897968205,5,0.4371678755357661,3451785.3844322665,172252.57850646164,1160781.1395483688,6.738831718010101,0.8051053909715191,0.570561529992181,13.552554075796417,0.9992267733014881,0.10516129032258063,0.06258064516129032,1.6804123711340206,0.2563440860215054,0.1421505376344086,1.8033282904689865,0.3037634408602151,0.12182795698924731,2.4933804060017657,0.5201361810411692,0.5658859665110584,0.5782077096888366,0.583581075686149,0.5838018946137931,0.4117830273692554,0.4841491048435642,0.5365019852398655,-1.8841891228919465,-1.7045522243567799,-1.6561708012250858,-1.635072236662705,-1.4555604585252366,-2.057158250637024,-1.8040739632579768,-1.6209813888118592,0.7418081595592421,6.3013013013013,20860.24089248505,4.78178178178178,0.6721854304635762,0.7827111199200608,0.8173472360436649,0.8358189145471987,0.23934394918713733,-0.12227789600506253
11,2.0,6.0,3,4.614609316163675,25.075085630401876,4,0.3391771100482919,3387410.6282652565,92828.10079723557,589286.032931342,6.34814272693696,0.6099109352019372,0.5000975202940241,37.98521210737506,0.9984757305247255,0.10516129032258063,0.09634408602150538,1.091517857142857,0.2988172043010753,0.1324731182795699,2.2556818181818183,0.303010752688172,0.09505376344086021,3.187782805429864,0.10593877765621612,0.179436324262956,0.2263316038759438,0.28216527964758287,0.132420027912726,0.20865113489344236,0.25911431672974083,0.3454745313010417,-2.9201450159881794,-2.680090432423539,-2.526923050131477,-2.3445614556967747,-2.0649868958360167,-1.883543983326716,-1.76343308569564,-1.5578811859874437,0.7246092999977437,6.389389389389389,12563.166024741215,4.67167167167167,0.6556291390728477,0.9024936873886918,0.8693556815424114,0.930533021568368,0.22503908296232625,-0.1738753300129961
11,2.0,7.0,3,7.087439190294794,61.44116001767263,4,0.4587163678080999,4214257.880409412,171367.20432487747,988087.1365216228,5.765905678477487,0.7459594178851054,0.7364036514236572,447.25288911721316,0.999631210598181,0.10193548387096774,0.046344086021505373,2.19953596287703,0.2832258064516129,0.14580645161290323,1.9424778761061945,0.24021505376344088,0.10548387096774195,2.277268093781855,0.24788118397398623,0.2758338906690616,0.36157877373056974,0.37986971709517686,0.30520923916420634,0.311703490293443,0.38223973698506053,0.3940185310713255,-2.21051689851753,-2.128362418145334,-1.8763536810546275,-1.8225956330763509,-1.7299775505458812,-1.7138073460836463,-1.538177314490431,-1.5088489893451331,0.7145945303437807,6.587587587587586,5443.463387412265,4.825825825825825,0.652317880794702,0.8844602841366233,0.8676788186347799,0.9435448215046448,0.20755112205189546,-0.13730348014958133
11,2.0,8.0,3,4.811801950403011,25.83975227235709,5,0.3640997312555968,3363060.5800962523,116729.7347409065,439434.64477221784,3.764547617173873,0.5233618216211429,0.5265564201960158,4.349664164027185,0.9990220228825786,0.10838709677419356,0.09279569892473119,1.168018539976825,0.25290322580645164,0.12215053763440861,2.0704225352112675,0.2711827956989247,0.11860215053763441,2.2864913871260195,0.6490988796143676,0.5042648851789318,0.4100656798169816,0.44845483868987807,0.5468666712423901,0.4874562956890711,0.418557750668326,0.5005114844625927,-1.0852448454879515,-1.5331782853691063,-1.8245116443386353,-1.7057840758895984,-1.0907645217965216,-1.233774814281169,-1.399624650836073,-1.2023488832454694,0.6807608407926667,6.41141141141141,5043.159487171349,4.715715715715715,0.5827814569536424,0.9059184083545256,0.8719865244523095,0.9212352681759216,0.223891643867878,-0.18705253484783874
11,2.0,9.0,3,6.022356958199821,43.21345875022251,7,0.20015000846617903,2750438.9061780656,42460.77586069603,514361.92618969484,12.113813649500829,0.7082586601717973,0.6409006684790988,8.115905314775379,0.9994104508731024,0.10193548387096774,0.10301075268817203,0.989561586638831,0.26301075268817203,0.11258064516129032,2.3361986628462272,0.30397849462365595,0.08795698924731182,3.4559902200489003,0.3176666219144572,0.22260597248094333,0.22878960239651808,0.2106464987744244,0.12121620626423495,0.1424327026696262,0.21934692173015286,0.1966230536209071,-1.7032444339171158,-1.9405353641753749,-1.9250997522393782,-1.9703886700188604,-1.833717875688657,-1.7894463847993425,-1.6289530081675827,-1.6763698625221413,0.6858973387063749,6.323323323323323,4444.134744608731,4.627627627627627,0.6291390728476821,0.929513663224605,0.8817392949551944,0.9441530429437068,0.21196264953933666,-0.17310764995965955
11,2.0,10.0,3,7.722103210153906,77.81907432318063,5,0.49586952742590873,2249860.9590110034,105804.40236981252,1010416.9081141412,9.549856957581826,0.8143458307200304,0.6870004998606176,8.963318300222848,0.9990500366397354,0.10193548387096774,0.09311827956989248,1.0946882217090068,0.2596774193548387,0.12258064516129033,2.1184210526315788,0.29537634408602154,0.1086021505376344,2.71980198019802,0.1463035027678781,0.16337268911075914,0.17782790676582416,0.19542844091145375,0.10186157553956604,0.15965972293551794,0.2063697207156599,0.203799603998053,-1.9341740549820494,-1.8955013212047693,-1.8627509151316572,-1.8228743353299643,-1.4665365612033034,-1.3721601332301843,-1.2958891290590215,-1.3000857762909832,0.7216031545568891,6.433433433433433,3913.745601980376,4.253253253253254,0.6456953642384106,0.9048922199928733,0.8780790003403327,0.9529472859048014,0.21527480749079214,-0.13473904478170834
11,2.0,11.0,3,11.590376351857575,163.6025130390057,3,0.36285683060170526,140794.7400819111,149543.59087457304,1254775.6483220917,8.390701607362844,0.7788769768375721,0.5256074544855538,40.61824641358007,0.9996489346423802,0.10516129032258063,0.08301075268817204,1.2668393782383418,0.2724731182795699,0.12892473118279568,2.1134278565471227,0.42440860215053766,0.08838709677419354,4.801703163017033,0.4324042707708693,0.44946280686079915,0.34725736387721456,0.32003577592261806,0.6068816297926625,0.29899384122013994,0.2621656959563279,0.25784804958866003,-1.4118519505585923,-1.369420117103906,-1.6236485170075765,-1.6913601823211901,-0.8109230899965854,-1.446032857952133,-1.522001816971836,-1.530908241599449,0.7353756676309441,6.41141141141141,2815.7171102938014,4.67167167167167,0.652317880794702,0.8891716404779217,0.8714219308299055,0.9511398901180973,0.20842785837255048,-0.14090816676897303
11,2.0,12.0,3,9.169868179890178,94.60238038062141,5,0.5365611436169118,4833286.394545301,476444.9785155223,1597172.6534039057,3.3522709345794284,0.9047561307996211,0.7415875986751155,5.8626267889912365,0.9997131354490493,0.10193548387096774,0.08290322580645162,1.2295719844357975,0.3098924731182796,0.08946236559139784,3.463942307692309,0.23129032258064516,0.10129032258064516,2.28343949044586,0.41070978931017155,0.2563385170516322,0.20156245162635733,0.19942566039260232,0.38794734296259464,0.14235968012279193,0.13451844576086994,0.1635696408089338,-1.9048577595837544,-2.4038569122665576,-2.5809184201145503,-2.5878255149353926,-1.6891511894003373,-2.366927338262884,-2.3885676827602333,-2.3083918022951977,0.6827466911565888,6.5655655655655645,3628.2660913840564,4.451451451451451,0.5894039735099338,0.9108501176258165,0.8648168797995265,0.9415871998562106,0.22478712675261983,-0.11183647658905213
11,2.0,13.0,3,7.771813707076097,75.73267460798239,6,0.25200167270181206,2289294.343329742,204589.21534923505,653464.2357307456,3.1940307049678944,0.8692955631681968,0.7342814695199822,49.466601745953454,0.9996220693380942,0.10516129032258063,0.10634408602150539,0.9888776541961576,0.25311827956989247,0.13924731182795697,1.817760617760618,0.2541935483870968,0.09505376344086021,2.6742081447963804,0.09643486448992719,0.22583674444717625,0.27777381194500006,0.26809727768781555,0.11223504186175218,0.16509230458014143,0.18141382113876106,0.22126685901275242,-2.1699291414368522,-1.8591680250094933,-1.734440153320774,-1.757678537414604,-1.7503336445457076,-1.646119297666541,-1.6139394968074572,-1.5353645177110884,0.6918596966212412,6.389389389389389,3720.236681413066,4.517517517517517,0.6258278145695364,0.8953991731602934,0.866088496194447,0.9588135622715204,0.21949457192433242,-0.14195309762425973
11,2.0,14.0,3,6.25765672488122,45.862650992099866,5,0.47530552962938155,5661827.603541736,105271.67433970023,1131406.8423765856,10.747495463268296,0.7861297151394119,0.5158218594568813,30.039184568745583,0.9993530403357439,0.10193548387096774,0.15268817204301074,0.6676056338028169,0.2564516129032258,0.139247311827957,1.8416988416988418,0.28774193548387095,0.10193548387096774,2.8227848101265822,0.06399796508924299,0.14617457774265769,0.16531776148090602,0.16401295837767435,0.09040655488765495,0.15380811594514834,0.1983374337498884,0.19363211213047227,-2.8075070384219267,-2.56102101615582,-2.5036016718826413,-2.5075153854852266,-1.8787100417602893,-1.7477579663445755,-1.6557853636812307,-1.6655039198379509,0.6800219261063392,6.367367367367366,2479.6728925021603,4.693693693693693,0.6490066225165563,0.8292754985549662,0.8366178838994024,0.9366539255516723,0.22747368304331148,-0.1341698365538719
11,2.0,15.0,3,6.770897688555617,54.33888597947725,5,0.5422597116079989,4146576.246822783,594746.3922712307,1483367.2609543116,2.494117291388008,0.778582834808961,0.6225852379300927,5.214781768274941,0.9989636194935971,0.10193548387096774,0.07634408602150537,1.3352112676056338,0.31010752688172044,0.06924731182795699,4.478260869565218,0.2639784946236559,0.11784946236559139,2.2399635036496353,0.5938272732232828,0.406985336442991,0.3135884538432434,0.3657102579058752,0.24308162470529415,0.25778443370325305,0.23891490698303422,0.27618135780986874,-2.231681168179118,-3.258268145221301,-3.7714292964353575,-3.485050519846449,-3.8308959147279142,-3.7564824340096328,-3.8519843998552767,-3.663372392420071,0.7354098995636289,6.499499499499499,25550.970903525016,4.97997997997998,0.6357615894039735,0.8128075814100132,0.850810468834113,0.8368266056015217,0.21935465918593597,-0.13056797148418114
11,2.0,16.0,3,3.7556036819525365,15.056159242129116,4,0.34316137870346064,3344689.988023402,4467.944337786354,726537.7037091862,162.6111806193964,0.5346127760210359,0.4712182026352041,4.768390236166477,0.9977933022535441,0.11806451612903228,0.10311827956989247,1.1449426485922838,0.2887096774193548,0.1121505376344086,2.574304889741131,0.3480645161290323,0.10139784946236559,3.4326617179215275,0.15564285911577647,0.21228602029868812,0.24075960277920075,0.3515227726790786,0.1903460880684664,0.19087341495727791,0.21161083927107374,0.2679403200340619,-3.081609860131012,-2.8748820247656868,-2.7709633530608273,-2.366716311168832,-2.555355033769934,-2.553690733258432,-2.4882411864498915,-2.310459272355317,0.6866233816599318,6.455455455455454,7959.777002314978,4.803803803803803,0.6390728476821192,0.8971377696656029,0.8609156476974461,0.9464299371552539,0.22777370903520344,-0.19976237915664874
11,2.0,17.0,3,6.340803217528135,52.38629663413372,4,0.18629167099623156,3072649.75557048,42332.506177706666,298279.42967151065,7.046108454325152,0.39047272128789734,0.37609316956005867,22.9565894534282,0.9985463715753864,0.10193548387096774,0.12268817204301077,0.8308501314636282,0.25989247311827957,0.09903225806451613,2.6243213897937023,0.32290322580645164,0.11096774193548387,2.909883720930233,0.2821193249865671,0.2804277587444726,0.29919744466796777,0.34353595596140885,0.3408491340411887,0.1553918375729846,0.2510142678717564,0.3204396372820525,-2.643371333345876,-2.6495999976189806,-2.58048649250179,-2.417223775178857,-2.1778469086422945,-2.7906013183796157,-2.4746630029226253,-2.2452802713508055,0.694451915820485,6.389389389389389,6836.516004510238,4.561561561561561,0.6456953642384106,0.9018783806051712,0.8486518021365327,0.9334803944126799,0.23979674460532444,-0.18598962209294978
11,2.0,18.0,3,4.201173228770333,20.01151388548417,5,0.47943464137387715,3173885.713268772,104072.49100181546,1118451.5355058732,10.746850822340388,0.6880702804948018,0.5727840291212289,10.11024260354039,0.9989715288778513,0.10193548387096774,0.042365591397849456,2.406091370558376,0.30301075268817207,0.11849462365591397,2.5571687840290385,0.32709677419354843,0.1343010752688172,2.435548438751001,0.585150932575466,0.7992201177215881,0.7800080790667752,0.7303401482026741,0.47399246755428986,0.7662944421634915,0.7216874874156134,0.6411776791621415,-2.3851100584484675,-1.1543526413819256,-1.264809263409239,-1.550367291107687,-2.9330784772208207,-1.3031690601653079,-1.551902568404314,-2.0008345156246823,0.767725341999736,6.499499499499499,19828.83949127067,4.957957957957959,0.6721854304635762,0.8583455348824174,0.8290295548741476,0.8357124491534835,0.24644102385307382,-0.1734782617939728
11,2.0,19.0,3,5.505728788987387,32.69321063611014,5,0.22154024895757374,3112650.4073248156,82829.25175485833,850670.1727711261,10.270166091669786,0.8490537863070489,0.5982226964087486,20.724430108134673,0.9996206524606839,0.10193548387096774,0.08623655913978494,1.1820448877805487,0.2696774193548387,0.09924731182795699,2.7172264355362947,0.2975268817204301,0.08817204301075268,3.3743902439024396,0.4004622431744769,0.2842116469864977,0.23821314213263609,0.25185500461934696,0.34862900030233374,0.2429840312041925,0.21707906410623534,0.21580643416327855,-1.511866567728342,-1.8050180629497543,-1.9210134291503218,-1.8866124667748898,-1.4300834320783635,-1.6620267025951758,-1.7189009943160518,-1.7216950502341601,0.6975234631816393,6.5655655655655645,9749.649183484096,4.4074074074074066,0.6490066225165563,0.8927014678324072,0.8705182293331344,0.9625093638734296,0.2170791597516244,-0.13186927162926498
11,3.0,0.0,3,6.75730147971801,59.17690371964751,4,0.24301494079603547,2909870.388273162,168563.49092416433,680337.5131186045,4.036090551925531,0.8056403591111226,0.5640678277459672,19.396576156497225,0.9991393599458167,0.10193548387096774,0.09634408602150538,1.0580357142857142,0.2532258064516129,0.1390322580645161,1.8213457076566129,0.2543010752688172,0.08806451612903225,2.8876678876678876,0.09297005630102603,0.10991493272595802,0.27992984877947635,0.330381816145673,0.10782195941744054,0.11236242233019192,0.16832318767367202,0.22960648521086752,-2.7331445883101844,-2.6820847554765312,-2.1697804473644045,-2.017754020304918,-2.304220701871792,-2.2924940865957524,-2.1479646898479468,-1.9896888340871737,0.6930096610002864,6.477477477477476,3913.745601980376,4.86986986986987,0.6125827814569537,0.875692567788483,0.8578180856218712,0.92150861449399,0.22382146895166408,-0.16757047662013752
11,3.0,1.0,3,11.123504500996233,144.13019311458018,4,0.45742924741191615,9450991.243863788,369840.1677120973,2363539.1302209552,6.390704246221455,0.9352207825937568,0.8213534468344581,6.058461939774938,0.9999211356717839,0.10838709677419356,0.14634408602150537,0.7406318883174138,0.2886021505376344,0.17279569892473118,1.670192906036092,0.30279569892473124,0.1053763440860215,2.8734693877551027,0.17108517493534692,0.209467528212421,0.2387286665681396,0.21338173548530054,0.2506763835254378,0.29717084831760965,0.3120946037083481,0.28123491949633284,-1.6888966154562912,-1.6106933735998772,-1.5510744163330474,-1.6027182581652546,-0.9613904204146884,-0.9017375120173732,-0.8825901701295373,-0.9221834835206695,0.7355981154769359,6.477477477477476,1652.7920614648972,4.341341341341341,0.6721854304635762,0.905710585180564,0.8838824688320541,0.9715645928076793,0.22383406967813796,-0.09047919367451883
11,3.0,2.0,3,11.815391961140424,167.6739902789464,4,0.47054924503998896,9792164.595838588,307625.64624959684,2079248.1105913178,6.7590206991529165,0.8457310519965158,0.7179248420711966,213.71786814273733,0.9995600110344393,0.10193548387096774,0.15333333333333332,0.664796633941094,0.2565591397849462,0.1396774193548387,1.8367975365665894,0.2424731182795699,0.06881720430107527,3.5234375000000004,0.11600009223213233,0.13118362519792373,0.14956135436504328,0.205731372120441,0.12291278334185178,0.13643014949158233,0.1477993653579158,0.16226227356669573,-2.8515511972585985,-2.8025731134072736,-2.743291392731851,-2.5621016890079216,-2.5428512636168903,-2.503661715597276,-2.4707000848917318,-2.428769221329043,0.6808555184227115,6.521521521521521,14627.3335620113,4.64964964964965,0.6390728476821192,0.869055363013954,0.8709979054429189,0.9438899841221016,0.21916404487526217,-0.11767030466544245
11,3.0,3.0,3,4.765395577759718,25.828430528663613,6,0.3602312621386946,4825008.603955545,10730.781647340464,634631.3475120264,59.141204095725364,0.7709544902864965,0.5752580818647075,38.4686618753945,0.9974828786289649,0.10516129032258063,0.07978494623655914,1.3180592991913744,0.27956989247311825,0.10258064516129033,2.725366876310272,0.2546236559139785,0.12473118279569892,2.0413793103448277,0.09445647800609015,0.1640550897636001,0.18544950398654275,0.25883865642209336,0.09082015609676064,0.13917470623804634,0.1702664064073811,0.20840705511920213,-3.11812615618788,-2.8784720186621557,-2.8048030221262565,-2.5520966306257398,-2.8411316236668007,-2.6900266003033377,-2.592866931424817,-2.473679727783011,0.6970629347566525,6.543543543543544,29749.075472144435,4.693693693693693,0.6324503311258278,0.8540140576096241,0.8529747769682675,0.9301243927718923,0.2189563869689417,-0.16326287586223795
11,3.0,4.0,3,7.942369710621617,83.83003935046231,4,0.35070549015583796,4853127.665290541,57245.00384915672,859069.9810152219,15.006898825247909,0.7255781576857532,0.5845328906810217,115.85396488330669,0.999262084646933,0.10193548387096774,0.09935483870967741,1.025974025974026,0.2860215053763441,0.10258064516129033,2.788259958071279,0.3251612903225806,0.08849462365591398,3.6743620899149447,0.28336373339481297,0.3121075572948675,0.3182160404684539,0.39410883902899535,0.34186694030741077,0.3530462002754577,0.368995212895422,0.42215531936141426,-2.0140458154357597,-1.9332637214457815,-1.916096344426612,-1.7028060317737954,-1.4517758975179564,-1.4271155648775042,-1.3919336335493786,-1.274667740064458,0.721803268459768,6.455455455455454,6177.187597338489,4.75975975975976,0.6622516556291391,0.8697142918243992,0.858699859029961,0.94201488453631,0.223751852229164,-0.13460296079680636
11,3.0,5.0,3,4.211567071432034,19.49825401034035,6,0.6838261824487667,6257228.4843856795,181016.68986765316,1913799.782895547,10.57250458117859,0.8228308132975731,0.7842413136712474,21.080240116112723,0.9988930103382776,0.10193548387096774,0.11268817204301076,0.9045801526717556,0.26623655913978495,0.1656989247311828,1.606748864373783,0.25365591397849463,0.10827956989247312,2.342601787487587,0.21660896933462812,0.2621008044711778,0.3249883522676938,0.27964016690262655,0.18202819166258058,0.17257355719545983,0.189476600019117,0.1881780827305683,-2.76657789689863,-2.6059215954456523,-2.3838316136695976,-2.543980610000202,-2.681392143430502,-2.7123853663273563,-2.656975527301795,-2.661232194854556,0.7445885839886462,6.653653653653654,5305.480525369574,4.385385385385384,0.609271523178808,0.8496862857631847,0.8385256055702193,0.9224303111379348,0.23942362747521917,-0.14678455079658484
11,3.0,6.0,3,10.645764926200606,141.9720881194778,4,0.3823262854777474,6574854.940558613,260113.43674963072,1724734.8630021038,6.630702683238267,0.5834830298725843,0.6676555684077535,419.64185228749926,0.9993712445789991,0.10193548387096774,0.10301075268817203,0.989561586638831,0.27913978494623654,0.13580645161290322,2.0554235946159936,0.2691397849462366,0.09494623655913978,2.834654586636467,0.3370614972874577,0.2680284739171889,0.2424595296164501,0.26376100308596667,0.2743595689563717,0.20288274673435736,0.17782577235129765,0.19421377306598706,-2.4618914798531977,-2.7182528336867438,-2.8132057831160893,-2.734100533038826,-2.618624847046065,-2.8765638684278647,-2.966987186788046,-2.907847668055366,0.6940846532517057,6.433433433433433,5305.480525369574,4.64964964964965,0.6655629139072847,0.884583595353311,0.8698534918115526,0.9299685492936948,0.2067676188343404,-0.14020380006620772
11,3.0,7.0,3,4.528328963027086,23.631422803464826,5,0.14127795897576534,2267677.3846925134,125696.20296368097,756557.5855678092,6.018937467716595,0.5551646176261354,0.18341853530765861,3.7735244902951823,0.9983253442294915,0.10193548387096774,0.06290322580645161,1.6205128205128205,0.32978494623655913,0.11870967741935483,2.7780797101449277,0.23903225806451617,0.13161290322580646,1.8161764705882355,0.37505221128593264,0.4756172332617845,0.4742801994300609,0.5574914125216615,0.37700359465689126,0.47047902677815473,0.4745419020950972,0.5050085344200975,-2.8616694409859087,-2.401176811973597,-2.407299161595284,-2.0262705541630104,-2.6796733899287686,-2.277610671879069,-2.2601351635454163,-2.1290900672625828,0.7948217166857869,6.41141141141141,22516.035401952417,4.825825825825825,0.6688741721854304,0.9158362439727125,0.8529295256303874,0.8880193089367249,0.2267341604988821,-0.18085256411935077
11,3.0,8.0,3,6.146051712299956,46.33935110759354,6,0.37503593232901,4533987.831947829,324479.4266839855,464817.10221045616,1.4325009969373104,0.7295986464436235,0.6335592646930337,52.238600264117636,0.9991233926979778,0.10193548387096774,0.11623655913978495,0.8769657724329324,0.24989247311827958,0.1229032258064516,2.0332458442694668,0.2868817204301075,0.08870967741935483,3.233939393939394,0.3776333972854364,0.32387167651665116,0.2461249798413674,0.2506500286841978,0.4287625536099286,0.35622622531657194,0.2657183717785879,0.2898649672366116,-1.7308118369246508,-1.880324073401015,-2.096538925387678,-2.0839546895599965,-1.148084533442592,-1.2938695080667004,-1.475774016356045,-1.4272437021130921,0.7215237266530544,6.41141141141141,9267.593301146864,4.53953953953954,0.7185430463576159,0.9142908642001526,0.8733994447758864,0.9614282184258224,0.24313036599754417,-0.14145895805956593
11,3.0,9.0,3,6.6795863042553885,52.22215945154292,5,0.4180616185529935,5244456.065890992,185239.4630860335,926108.3324003534,4.999519632435057,0.7091176100895915,0.7769894644615705,21.667929674423874,0.9989285879977977,0.10193548387096774,0.08634408602150538,1.1805728518057284,0.24989247311827958,0.14268817204301074,1.751318764129616,0.2806451612903226,0.10182795698924732,2.7560718057022173,0.15098593041469482,0.18706796163295994,0.18923141985603764,0.2622822206481842,0.16677445964443532,0.21772933248145035,0.1909087534491592,0.21057385238656648,-2.73477460770023,-2.6185501229656527,-2.6115813684711804,-2.3762761100128484,-2.2572632451150985,-2.1192231154697376,-2.191881842705176,-2.138607785570515,0.7232499739806757,6.389389389389389,11942.0002813353,4.737737737737737,0.6423841059602649,0.8690665391084393,0.8625363210184478,0.9302944653339902,0.22603484858230827,-0.1291303092092549
11,3.0,10.0,3,4.327086888290298,21.113964048711026,5,0.39028764072419975,4787485.651264798,57965.84848227639,992736.7581487406,17.126235259926872,0.8918783452545477,0.6726464512219111,24.537708924016897,0.9995848629599744,0.10838709677419356,0.06989247311827958,1.5507692307692307,0.2724731182795699,0.1464516129032258,1.8604992657856092,0.3205376344086021,0.09602150537634409,3.3381858902575585,0.1774764360254949,0.22341083440830167,0.23481418211508803,0.22868452564872993,0.2659088241088613,0.3188893100442556,0.35284733580956584,0.3440816759513501,-2.2874891289093866,-2.1597427134317138,-2.128029295050844,-2.145076250475428,-1.271645204637223,-1.1798686200769901,-1.1210441006690526,-1.1362286032080586,0.7072764208564907,6.543543543543544,1876.777740038311,4.451451451451451,0.6192052980132451,0.9083117036618615,0.8828937792370105,0.9638651645933523,0.21304619294489374,-0.17351247033774425
11,3.0,11.0,3,7.567170917067863,71.33806912555812,5,0.5382751154641416,6189343.56708685,197417.01539633193,1561013.3983814472,7.907187712505815,0.860070692595511,0.8178452684525264,92.66188559577047,0.9995263007559306,0.10516129032258063,0.08967741935483871,1.172661870503597,0.28215053763440856,0.15591397849462366,1.8096551724137928,0.3152688172043011,0.1217204301075269,2.590106007067138,0.20404982415998363,0.31516602890488077,0.387739979383607,0.35985680005664766,0.2383849183945022,0.35511073173402424,0.449217408378532,0.4075220279550718,-1.981792721012468,-1.7051305725085526,-1.524432670605246,-1.5938574706821294,-1.5653618280442663,-1.325453064467874,-1.1320338387444506,-1.2177311397788286,0.7017655067565579,6.499499499499499,6177.187597338489,4.53953953953954,0.5960264900662252,0.943095466497019,0.8850950589374117,0.9674834553165584,0.2128572009828157,-0.14284461102530804
11,3.0,12.0,3,5.8845200653084175,40.97411712693168,7,0.44270590071491756,6473233.259230403,251641.85979179238,1321416.5926713345,5.251179568314549,0.7943532094036846,0.5841817591150069,2.930851049209021,0.9989394722528315,0.10193548387096774,0.07956989247311827,1.281081081081081,0.31655913978494626,0.11591397849462366,2.730983302411874,0.21806451612903227,0.10161290322580645,2.1460317460317464,0.34991141140980764,0.3878535488297691,0.4260106855714551,0.45328893170056256,0.3716878541995838,0.37182913059517814,0.39124791313906776,0.4016804832224146,-2.799226859705177,-2.6358512028413803,-2.471549776956634,-2.354091940301111,-2.5803569980884333,-2.579776803135219,-2.5000276024132586,-2.457183045925625,0.7008405030720474,6.609609609609609,5043.159487171349,4.89189189189189,0.6423841059602649,0.8538563250334922,0.8399412957711551,0.8997650225857549,0.23227248578003643,-0.1525626872018838
11,3.0,13.0,3,7.494709528365856,69.47311980680915,6,0.6091686673752884,6936748.7331143,76330.7227218319,1514487.579492642,19.84112720918169,0.788581050078544,0.715328704305899,13.712723112436516,0.9995212942751895,0.10193548387096774,0.09301075268817205,1.0959537572254334,0.24989247311827958,0.12612903225806452,1.9812446717817562,0.27763440860215055,0.11526881720430109,2.4085820895522385,0.24391414127880004,0.22102026489862037,0.3111483642325981,0.35169393115244396,0.2858757484747215,0.2680697521967084,0.2868170271385806,0.29671824150252196,-1.901880818205726,-1.9594687546015743,-1.7327578575156926,-1.6307683346345798,-1.36238453667532,-1.396354275047109,-1.3605887938566088,-1.341699558103965,0.7094911524532969,6.521521521521521,5043.159487171349,4.495495495495494,0.609271523178808,0.9016718830681372,0.8796372553809662,0.9720279938852762,0.22545791261225803,-0.1350185849570736
11,3.0,14.0,3,10.007295413291473,127.06297977257168,4,0.15103432356884616,4537803.607524986,181307.26838632647,1016727.3751220133,5.607758498438065,0.5055118791125867,0.5308831648730987,75.76399286374746,0.9990323275163627,0.10526881720430108,0.08612903225806452,1.222222222222222,0.33301075268817204,0.09870967741935484,3.3736383442265794,0.31172043010752687,0.14311827956989248,2.1780616078136736,0.437588516652789,0.40447257612939225,0.3724613352041208,0.4318971616250335,0.2120435357940767,0.19293907717097156,0.21892855741963158,0.27739846239618215,-2.801760185886605,-2.966733566452096,-3.126203675048509,-2.830112757611508,-3.8901097173829067,-3.9844276695936,-3.8561186395167533,-3.567455044691174,0.6979572604035404,6.455455455455454,46953.90010680053,4.935935935935935,0.6158940397350994,0.8334448528157852,0.8498526886688146,0.8504328327067937,0.20866550579600276,-0.12573503486972273
11,3.0,15.0,3,5.800814062538651,38.36706187832982,5,0.630162016182809,8666506.086720081,49978.168956874804,1660876.3818346432,33.23203743754161,0.8969892547153417,0.8584421146446664,23.89668664462646,0.9997161080054215,0.10838709677419356,0.07301075268817205,1.4845360824742269,0.2886021505376344,0.12591397849462366,2.292058070025619,0.4402150537634409,0.07806451612903224,5.639118457300277,0.15263041842316327,0.20326454269257746,0.22384761781795062,0.32859192974826523,0.16485625029368542,0.19862842933709832,0.19824483503146048,0.2569801321517069,-2.4882676644599178,-2.3395825371234182,-2.279141141322652,-1.9715635623313155,-2.076396300207298,-1.9924294051184697,-1.9933831257172134,-1.8473510759354321,0.6603039990301299,6.6756756756756745,9749.649183484096,4.737737737737737,0.6125827814569537,0.9221548001422413,0.8695093125729472,0.9537339573088797,0.23736956404292472,-0.11329492544940341
11,3.0,16.0,3,8.201762893679547,82.83785258253334,6,0.723417168642597,8513441.020076677,25382.37778742311,2647252.3244556757,104.29489099194565,0.9019583232944535,0.9090927060537108,16.50687736070012,0.9998105071830349,0.10193548387096774,0.09634408602150538,1.0580357142857142,0.2596774193548387,0.09258064516129032,2.8048780487804876,0.28655913978494624,0.10870967741935482,2.6360039564787345,0.24284222339741768,0.2018126734170659,0.18396656366184708,0.2038848729912941,0.3606796750139876,0.23055416168210463,0.22814496971165762,0.26101349313418315,-1.415810247991347,-1.4925314534358833,-1.5259019157873244,-1.4886566449299998,-0.781972221070768,-0.9411327118315345,-0.9440794681327009,-0.9038769729835108,0.7100148053769543,6.587587587587586,5581.446249454955,4.385385385385384,0.6026490066225165,0.9714045419037713,0.9085085911286,0.9861163536717328,0.21191805292354177,-0.11160743397333214
11,3.0,17.0,3,8.329987640575665,80.33463141715224,5,0.5481656251738211,7344259.172163361,121624.84257035943,1883675.7611094709,15.48759053907735,0.7752911990617957,0.8489311200054682,630.8821179085337,0.9995261481283823,0.10193548387096774,0.09634408602150538,1.0580357142857142,0.29978494623655916,0.1289247311827957,2.3252710592160133,0.2768817204301075,0.12741935483870967,2.172995780590717,0.5367933047645588,0.4182889840792248,0.37085555028527184,0.5038745009651894,0.5341348676270339,0.39421975240173424,0.34076909595436455,0.44241099726775185,-1.9650947015878546,-2.4678340080127157,-2.6690642371639535,-2.1047484837851753,-1.8582461948364193,-2.4163406140155774,-2.629544977366203,-2.224115029455165,0.7123869623889014,6.609609609609609,15388.177500383432,5.0240240240240235,0.6390728476821192,0.8808678859707212,0.8455239430583869,0.9066703520285183,0.24196310679056723,-0.12650557540991947
11,3.0,18.0,3,6.697917643474257,48.55327161961647,5,0.3525698156537347,6958745.548929893,50031.98074212309,1709136.668017317,34.160883552194754,0.7320818211965894,0.7591602837928552,43.57915182077189,0.9995391012382538,0.11161290322580646,0.08634408602150537,1.2926525529265258,0.2886021505376344,0.15268817204301074,1.8901408450704225,0.3713978494623656,0.12182795698924731,3.0485436893203883,0.18259677795793858,0.2207389115801928,0.26074365580053444,0.32509850822061986,0.21252525949341733,0.24373062722417219,0.28880557302738163,0.33847791168684666,-2.105246874024417,-2.0070106481183485,-1.9039772119329368,-1.7382293310434778,-1.6091023507526718,-1.5453382349165785,-1.4532334377451352,-1.3517344654061492,0.6912484347433819,6.543543543543544,17030.650292528426,4.67167167167167,0.6291390728476821,0.9006099623229373,0.872303752804865,0.9575805412418608,0.22047344737379582,-0.11592789985281876
11,3.0,19.0,3,4.239666027125009,22.08169875820982,4,0.22826380686215364,2357180.100637189,20302.276866529424,733390.691021321,36.12356859492925,0.6761584393763289,0.5527924356580772,13.001357031116065,0.9983160498164095,0.10193548387096774,0.09301075268817204,1.0959537572254336,0.26634408602150533,0.10903225806451614,2.4428007889546346,0.2698924731182796,0.08806451612903225,3.064713064713065,0.1445478129037121,0.13268362356981808,0.19316032438493824,0.2713113733666831,0.14149427712320645,0.1434110359932535,0.1641518862425524,0.2463582610367418,-2.288953658029363,-2.3206989501508883,-2.158880010829227,-1.9497693999220367,-2.0668610249574875,-2.062246409006569,-2.012312606747096,-1.8143999457856717,0.645723394315246,6.455455455455454,26880.010215376074,4.67167167167167,0.6059602649006622,0.9002625158621766,0.8838016214500476,0.9487313613554216,0.20851848260988795,-0.1555243411404891
11,4.0,0.0,3,4.428596840056314,21.935705322715695,4,0.5607395976787447,4426870.694766209,173321.43942868258,616313.9186742657,3.555901224371399,0.6546385076088365,0.7382680266862608,3.3446834023191867,0.9993105887883054,0.10193548387096774,0.16623655913978497,0.613195342820181,0.25311827956989247,0.15268817204301074,1.6577464788732394,0.2911827956989247,0.1053763440860215,2.7632653061224484,0.08465268931037728,0.09191898929031081,0.14774316805192744,0.1838116255608144,0.08484443359153564,0.11553981245217299,0.14233359546339963,0.16702855860260662,-2.2936502512735237,-2.2754425714342212,-2.1355599933696676,-2.045180718025559,-1.6927560814401967,-1.6359790796432547,-1.5864188291220889,-1.5407407492750869,0.6922773862393204,6.389389389389389,1419.5547660500986,4.4074074074074066,0.6324503311258278,0.923482326937818,0.8897286135513719,0.9769271254622522,0.21633774052648186,-0.20399014227906426
11,4.0,1.0,3,5.812373500140885,42.735318316266415,5,0.20314275399638482,1879479.9120947365,58171.48588226976,344715.74937311176,5.925854293472304,0.4565255868971855,0.4874619318002157,2.3770334450298853,0.9980173290391644,0.10193548387096774,0.12623655913978493,0.8074957410562181,0.29290322580645156,0.15924731182795698,1.839297771775827,0.22182795698924732,0.10483870967741934,2.1158974358974363,0.13725978395622307,0.4389821009328327,0.4089666040113645,0.3349166114616386,0.08221399268014727,0.26962511418755386,0.20375313625958075,0.19346172265701062,-4.176245356069213,-2.7157055531674423,-2.8610008312793305,-3.219452809930411,-3.8529249718266967,-3.0661609720544867,-3.3426957924571843,-3.3858998118565786,0.7000468793425848,6.433433433433433,3037.2635797033054,4.517517517517517,0.6357615894039735,0.7520520515809734,0.8267306019793714,0.8553475528153884,0.2409262712423403,-0.15947941496400544
11,4.0,2.0,3,4.455528987346644,25.46919051035493,5,0.4152171789372069,2371946.586571468,164441.24279484342,739490.9437562466,4.496991941850221,0.6262801550233283,0.7318930208355092,6587.299861860798,0.9982481202349722,0.10516129032258063,0.08645161290322581,1.216417910447761,0.2564516129032258,0.1424731182795699,1.8,0.2665591397849462,0.12161290322580645,2.191865605658709,0.43250779464801,0.3435116832269289,0.3228571190108801,0.3895680368043745,0.47625187336069325,0.3137666144428694,0.2471557048521443,0.2526020982657869,-1.836643382118112,-2.1246722176408683,-2.1915190717829622,-1.975614492786233,-1.5315371183569946,-2.006674293195756,-2.2014570052224745,-2.1855307359913234,0.7363849105998809,6.213213213213213,2887.0909173592345,4.53953953953954,0.6291390728476821,0.9378108171429071,0.8678569034972419,0.9616868865510642,0.2356364657261812,-0.16712744269133978
11,4.0,3.0,3,6.915699002589506,57.96273238447804,5,0.26597486356055955,3457417.7380659636,35523.0025189928,744896.1061293824,20.96940160762353,0.6141698427955504,0.5097893423558579,40.122131488173515,0.9988047485653853,0.10193548387096774,0.07301075268817203,1.3961708394698087,0.27978494623655914,0.08903225806451612,3.142512077294686,0.23655913978494625,0.11473118279569891,2.061855670103093,0.17362182913247107,0.3211814572261117,0.2616990668481921,0.3931180203810165,0.12641529731091217,0.2531418006772932,0.19219199901049805,0.25983229585983136,-3.8186034791577033,-3.1367465169510877,-3.411608161235919,-2.8043354973647507,-4.069923988279715,-3.479520751576968,-3.7634784023016126,-3.4483505550830706,0.7718910132877649,6.41141141141141,13216.641839466038,4.847847847847848,0.6688741721854304,0.8864464424303297,0.854842003290061,0.8832301124018814,0.2232470748103966,-0.16235816922735768
11,4.0,4.0,3,6.662984340944869,53.6499500349174,3,0.44127576329568197,1584957.792392138,88425.06755375846,916582.2970625866,10.36563864093568,0.663489594096264,0.737325072455558,26.49162241585662,0.9991717639496039,0.10193548387096774,0.08634408602150538,1.1805728518057284,0.313010752688172,0.11580645161290323,2.702878365831012,0.22752688172043012,0.11494623655913978,1.979420018709074,0.21754894415379303,0.20614714242409934,0.3122709819687382,0.3613197048313011,0.20973624263942803,0.17508300344447772,0.24209704637534474,0.32616615801547055,-1.9710206568687796,-1.9997421808118256,-1.7324126419661083,-1.6088572512067592,-1.7546457770158903,-1.8315873794201596,-1.682794136234952,-1.4961330242417832,0.7476673244731143,6.323323323323323,5043.159487171349,4.67167167167167,0.6291390728476821,0.9406396523892797,0.8739665642589647,0.9475648942972345,0.21886921960784436,-0.11990053041116212
11,4.0,5.0,3,5.884534427725071,39.30791924435343,6,0.28129290557655506,1467942.1159479818,41191.50350679633,574033.7455179696,13.935731805061637,0.5157296858793325,0.37993511966002025,43.016792364448925,0.9982929769005328,0.10193548387096774,0.03913978494623656,2.6043956043956045,0.3064516129032258,0.12182795698924731,2.5154457193292146,0.3387096774193548,0.1564516129032258,2.1649484536082477,0.5921809815506993,0.6709794544693878,0.7324620839606073,0.6803743116770641,0.7072481765953258,0.7130449422839272,0.7457515114002001,0.6689903354077875,-1.9795435499673006,-1.5970576879626708,-1.2986225068199273,-1.5514552806521071,-1.326073200803116,-1.2998156849947051,-1.1516652677200985,-1.4993691254172141,0.7615787223447065,6.389389389389389,11351.54708920999,4.913913913913913,0.6490066225165563,0.8578858836626218,0.8286002604423074,0.8436382062949885,0.24368316216911456,-0.17078822365208468
11,4.0,6.0,3,6.422423355885282,45.607537298877006,5,0.36048019234317663,1963675.729384199,11859.909728913215,647529.893645391,54.59821435797113,0.5391079009973218,0.624824017867533,18.25360697124047,0.9996076443066059,0.10838709677419356,0.09655913978494624,1.1224944320712695,0.2758064516129032,0.15946236559139787,1.7296021577882665,0.26688172043010755,0.11161290322580644,2.391136801541426,0.0953083145197227,0.1052498928876431,0.18637979632878268,0.21521505760206602,0.11471095091983258,0.11215458307803877,0.12916175550530878,0.1484697474067635,-1.9144599921818366,-1.893422157580295,-1.7217394099653638,-1.6607197775781102,-1.600351407742686,-1.6049725954537206,-1.5742284533410584,-1.5393250824563935,0.713527816571421,6.367367367367366,5871.766390733262,4.4074074074074066,0.6556291390728477,0.9218483495732317,0.8773882803585131,0.960837985912256,0.21974305566976732,-0.1462322225180534
11,4.0,7.0,3,5.842319192145101,37.39626227275592,6,0.22376187408875792,1746648.6566592327,29317.94227661698,730925.8468891128,24.931007776493068,0.6208186771757402,0.676976318789559,3.8806814485935646,0.9992463401333297,0.10193548387096774,0.10956989247311828,0.9303238469087339,0.2663440860215054,0.16591397849462367,1.6053143227478937,0.20720430107526883,0.10838709677419353,1.9117063492063495,0.377169857009681,0.42412962675823324,0.517584942158079,0.4770014227863084,0.40607244608952386,0.49142706539184683,0.5473179072705019,0.4761187468239506,-1.7867688925647245,-1.6520511742059658,-1.383947498941384,-1.500373093913599,-1.4711257217400755,-1.2597070476977086,-1.121268521725919,-1.297624906624351,0.7436876396511453,6.3013013013013,6498.495354469902,4.53953953953954,0.6291390728476821,0.9111268024331887,0.8508148716925481,0.940347813463112,0.23649633599823056,-0.15688078377624184
11,4.0,8.0,3,5.98975642565161,44.21661558393026,5,0.21658115121937715,2711753.3151615555,2005.520531264346,572907.3681893524,285.6651723371652,0.5896489948029269,0.566685168044355,2.7302754289084388,0.9984795492892204,0.10193548387096774,0.10623655913978494,0.9595141700404858,0.2595698924731183,0.1229032258064516,2.1119860017497816,0.293010752688172,0.08516129032258064,3.4406565656565653,0.1500680969277854,0.14044787887599097,0.19004100545927535,0.17191500405708407,0.18837179374361976,0.16806773758834795,0.16575544165324507,0.17548740720906067,-2.2108538418624937,-2.2358780772894553,-2.106875796000443,-2.154025384917844,-1.706362210672301,-1.7490493349980174,-1.753910691926148,-1.7334502666575338,0.6910645254642871,6.41141141141141,9508.62124231548,4.473473473473474,0.5728476821192053,0.8962735870180842,0.8806955359740446,0.9631753514527046,0.21541102134198836,-0.15302897705102073
11,4.0,9.0,3,5.40782050112182,35.62376485029372,6,0.1002643871276101,513142.0634420207,3404.927367418999,248676.01411313177,73.03416116674259,0.6062362454789565,0.589330128120489,20.150499465090245,0.9990994611032525,0.12451612903225809,0.08634408602150537,1.442092154420922,0.2952688172043011,0.14279569892473118,2.0677710843373496,0.29161290322580646,0.13827956989247311,2.1088646967340594,0.3669133276549277,0.40524999455805216,0.45104742842408246,0.46151796014581936,0.45046744213437034,0.474989430974742,0.4869054584759902,0.4946712554828941,-1.1936372475613048,-1.1213563489705698,-1.0350087360872848,-1.0152673369854173,-0.8624723958145851,-0.8239859801098667,-0.805284185938634,-0.7930960353839732,0.737802990218057,6.257257257257256,9038.482602810427,4.42942942942943,0.6556291390728477,0.9347027050415061,0.885378623608983,0.9731013232860917,0.21321149320639046,-0.17104594874924015
11,4.0,10.0,3,9.825498249938816,124.7394630558589,4,0.18078164530478846,1047653.4080857664,39622.54990754602,1062533.2571092206,26.816377532200768,0.7813356531370291,0.743837203295326,293.974071401951,0.999656387248539,0.12129032258064518,0.09,1.3476702508960576,0.28881720430107527,0.17946236559139783,1.6093469143199521,0.34086021505376346,0.11580645161290322,2.943361188486537,0.47247221188649186,0.4922754625468877,0.43970495319717257,0.4524900345492962,0.52055106018228,0.5179540073785384,0.4689336428813014,0.47282231115053786,-1.4133256724547592,-1.3602698085040021,-1.5011140486599128,-1.4668609076756298,-1.0604602629995514,-1.0662045061724046,-1.1746292920251744,-1.1660282130925976,0.7015634946859423,6.323323323323323,7192.118872221178,4.517517517517517,0.6589403973509934,0.9345378071372487,0.8711973784545723,0.9590765860892032,0.23573303413581545,-0.1362688549636064
11,4.0,11.0,3,11.185682996755537,153.15575561455844,5,0.21554530518858595,2052175.542985943,45087.70758575153,660113.6580976864,14.640656920563718,0.8089589701495064,0.5527288863931445,314.2297408057236,0.9994816708597649,0.10193548387096774,0.07623655913978496,1.337094499294781,0.2595698924731183,0.16258064516129034,1.5965608465608465,0.3032258064516129,0.1321505376344086,2.2945484133441822,0.6580584614617229,0.5202655594238814,0.47542886547975843,0.3930060682218255,0.6225932782417937,0.4829200960038148,0.42223359367919094,0.4127866630300622,-0.8237280703656793,-1.155667505951428,-1.2636779089637389,-1.4622322350326047,-0.657844227386686,-0.9013035813375941,-1.0070840641243304,-1.0235506727875254,0.7548923201440589,6.367367367367366,4793.808495089107,4.67167167167167,0.6258278145695364,0.8808993150194273,0.8688554698937926,0.948058859060853,0.21291086257172662,-0.12647266177968286
11,4.0,12.0,3,5.098811370974398,32.34833741861395,6,0.19438077599052517,2068445.9917021987,18082.566867728867,245577.2638926917,13.580885152481436,0.39629119333985274,0.38587214128987435,18.438404360864713,0.9976763091619008,0.10838709677419356,0.08956989247311828,1.2100840336134455,0.22698924731182796,0.08236559139784946,2.755874673629243,0.2958064516129032,0.11086021505376345,2.668283220174587,0.5369873069239081,0.40495795424495307,0.45464014926534774,0.457904412382858,0.26071026370421724,0.2948250512210943,0.40008859684940773,0.41985225340022814,-1.8776829589169846,-2.413109458685475,-2.211630293326925,-2.1983925326330453,-2.767401608158621,-2.6396988778201287,-2.245663236378836,-2.1716814505692836,0.670105645507403,6.433433433433433,9267.593301146864,4.825825825825825,0.6324503311258278,0.8492589936155664,0.8484802612881829,0.8737327084904086,0.22796194060795832,-0.21247213188255135
11,4.0,13.0,3,5.724900485211077,39.56114281221735,5,0.20027727908729565,1440522.0695858037,50832.58140452957,276118.75001447846,5.431924611837127,0.41359290733075493,0.551838377244044,7.362114861760805,0.9988723062523396,0.10516129032258063,0.07301075268817205,1.4403534609720174,0.2798924731182796,0.1389247311827957,2.0147058823529416,0.2532258064516129,0.11451612903225805,2.211267605633803,0.2517756171009411,0.43779003942801326,0.31646423075588853,0.4241009772603073,0.2759934066722959,0.2749493872653592,0.22962578094617483,0.33133077945556577,-2.0816722328334327,-1.564152265942623,-1.9016988265883166,-1.6022372859704834,-1.7768753070938446,-1.7794375659481267,-1.8906719077886427,-1.6410649261329442,0.7160061989678097,6.257257257257256,1783.9834525312704,4.75975975975976,0.6059602649006622,0.9154555050989721,0.8618720605245979,0.9347643859883341,0.2236728631288646,-0.17831678776259857
11,4.0,14.0,3,5.141724766086095,30.448311153722003,5,0.4644126940841501,2248665.513465696,110944.27506292763,711148.1716635164,6.409958253908576,0.622053541414775,0.5494196215624974,27.67515094951199,0.9988477021329633,0.10193548387096774,0.08956989247311828,1.1380552220888356,0.26602150537634406,0.15236559139784944,1.7459421312632322,0.35903225806451616,0.11494623655913978,3.1234798877455567,0.29861642136836025,0.2622918260374017,0.24908948825514185,0.3027659048896195,0.18896873079250404,0.245100034587442,0.22171211742127395,0.2645703641350411,-2.515747638853936,-2.646037993119812,-2.693392609217141,-2.500864123343868,-2.3528408325081287,-2.1900012126748516,-2.257850688502891,-2.1335168474952644,0.7070287252099127,6.477477477477476,11646.773685272645,4.693693693693693,0.7052980132450332,0.8323304149156479,0.8358143509580118,0.9195295807640277,0.2331976951453374,-0.16669489517546043
11,4.0,15.0,3,7.628242718810795,78.45702691700548,5,0.2790109050103404,1881489.8972230684,46059.280727829784,593956.383973066,12.895476754898338,0.5130307198260131,0.5649943950741381,47.43571692774088,0.998589042120095,0.13161290322580646,0.06290322580645161,2.0923076923076924,0.32935483870967747,0.10236559139784944,3.217436974789917,0.2525806451612903,0.10827956989247312,2.3326713008937436,0.24894208809370968,0.35069585271161324,0.4255214020086208,0.5243559801818496,0.2773691752236616,0.32385316528149444,0.43152715588290375,0.4697296810523823,-2.542037340872419,-2.1976406370596147,-1.9443854121975197,-1.6098690129919828,-2.322735144909179,-2.1733227566176128,-1.827228798835059,-1.7044353269915498,0.7336330262865701,6.389389389389389,4015.5327665710274,4.78178178178178,0.6158940397350994,0.8374763256408895,0.8368595829402071,0.8933571671997502,0.23960363725961795,-0.17200645373752996
11,4.0,16.0,3,10.999696953530202,141.02236225358737,5,0.2172287559872944,2700485.146085978,96755.38311491495,778056.8052483564,8.041483380043772,0.7518138319354878,0.6469593602994164,15.016321165371675,0.9995143056296251,0.10526881720430108,0.06290322580645161,1.6735042735042738,0.23322580645161292,0.11172043010752689,2.0875842155919155,0.35118279569892474,0.13086021505376344,2.6836483155299917,0.7093099067372428,0.7218898971365342,0.6384922555984598,0.662891457045903,0.7033487519873535,0.5897098782579291,0.5602496192507771,0.5883090601033856,-1.2478903427784243,-1.1938862714483052,-1.551900231668783,-1.4471580042470595,-1.2360423415861077,-1.7095359153388725,-1.832286545147047,-1.7153726362813186,0.6830365538226928,6.235235235235235,40327.899821937055,4.86986986986987,0.5993377483443708,0.8345808155132666,0.8340130500716361,0.8141803004658579,0.24112493948420674,-0.11047047581219549
11,4.0,17.0,3,7.932847049641019,81.58334179872405,4,0.2965141804720104,2491879.033946995,43695.53609451008,657502.0430235643,15.04735041129689,0.6891343331405719,0.7426184431432609,22.22413964060834,0.9990850592599249,0.10526881720430108,0.1393548387096774,0.7554012345679013,0.2634408602150538,0.12236559139784946,2.152899824253076,0.2881720430107527,0.14849462365591398,1.940622737146995,0.6221417690253576,0.4914244195658076,0.5490032554200115,0.5811360933937343,0.6071609227845888,0.48759934736569993,0.4957383532915779,0.4992567383116912,-1.2784978692743474,-1.7207850528303417,-1.5259648453545986,-1.4172421511918258,-1.2214204342115302,-1.5931628596298557,-1.5678569551803732,-1.5569175461239935,0.7569620115660306,6.345345345345345,13904.108340900724,4.561561561561561,0.6291390728476821,0.8895501129905846,0.8565164352951752,0.9146987684984283,0.23360549722495658,-0.1423214729232362
11,4.0,18.0,3,8.392316345874276,92.04343456652599,5,0.4455214866704744,1193299.80015979,114958.06464386926,1253582.3970788612,10.904692950097564,0.6737215552474665,0.6616742488481729,40.58618600405014,0.9981654950870116,0.11483870967741935,0.04946236559139785,2.3217391304347825,0.2832258064516129,0.1021505376344086,2.7726315789473683,0.4559139784946236,0.15182795698924734,3.002832861189801,1.0998562458937642,0.9935486045478701,0.9931707012120269,0.9190543684333892,1.2885192256021185,1.0748499973721353,0.9680404833495556,0.908851163092396,0.6191562711174736,-0.0400017236367427,-0.04234490425773707,-0.5019014579954417,1.663394373178317,0.4315312582771167,-0.18425559009076142,-0.5254986461212221,0.8024588807833418,6.345345345345345,34636.94177371734,5.0240240240240235,0.652317880794702,0.7171573053164192,0.8009660189543258,0.7166911413354586,0.25150781188787796,-0.15760604578165938
11,4.0,19.0,3,6.626775526109231,55.42809919127786,4,0.22311817739137685,2051517.5352403012,7017.044655649459,507741.01991605066,72.35824265522747,0.602243359600539,0.5447997413920791,30.69099001931768,0.9993103984157724,0.10193548387096774,0.08623655913978494,1.1820448877805487,0.2631182795698924,0.14516129032258063,1.8125925925925925,0.3208602150537635,0.10182795698924732,3.1510031678986277,0.2805096304518528,0.512744179486752,0.5183076820083045,0.5709788786726497,0.299805548767057,0.45881601511606784,0.47747514149330805,0.5259175565584968,-2.096827738134895,-1.4200211194786345,-1.4038072729810074,-1.2503063633914637,-1.8694055855792748,-1.4448734382093802,-1.3950565980298828,-1.2657232090800665,0.7260735788906995,6.257257257257256,5043.159487171349,4.715715715715715,0.6258278145695364,0.8350924689725666,0.8425455952998121,0.9073240245823412,0.22071852558977162,-0.15661349478707276
11,5.0,0.0,3,5.981522121446074,39.58611372959376,6,0.3395420615944089,514801.84386256407,204241.3026560137,1239372.4828277775,6.068177526830347,0.6060333481266369,0.814106729220726,365.9600190282594,0.9994285398514815,0.10193548387096774,0.09956989247311827,1.0237580993520519,0.3265591397849462,0.07903225806451612,4.131972789115646,0.28182795698924734,0.12032258064516128,2.342269883824844,0.10742301834963786,0.42492118624134717,0.3016919369257347,0.36554600180526325,0.1125655435906029,0.267974828028447,0.17718620474905808,0.2159359181048491,-3.714587181639433,-2.3932729993445894,-2.9061092020712813,-2.640371348896415,-3.5842017893432367,-2.956529253822816,-3.3232095688137373,-3.166705850772062,0.7063585218578783,6.41141141141141,11351.54708920999,4.847847847847848,0.6423841059602649,0.8780673261090411,0.8523351321903727,0.8919786755675284,0.230976812836616,-0.15338833926957826
11,5.0,1.0,3,6.155795573585454,46.93100287851863,6,0.44170996113670025,75568.74861046526,29547.159656939766,1124879.488466703,38.07064711218365,0.6911159936699804,0.722877730351853,17.827509665017644,0.9997859950174036,0.10838709677419356,0.14978494623655916,0.7236180904522612,0.2724731182795699,0.1229032258064516,2.216972878390201,0.3006451612903226,0.07881720430107526,3.814461118690314,0.08043025023316253,0.14555983409494605,0.11010084528021542,0.13801534346854483,0.11414263854804173,0.11692543204231787,0.10555679211541122,0.1340696496666684,-1.7109094170093684,-1.5897322921819361,-1.6557056649425506,-1.6037692263704755,-1.0081143922958133,-1.0049475459225228,-1.0178851700027227,-0.985437257603158,0.6829898646742631,6.433433433433433,630.6665540567406,4.165165165165164,0.6258278145695364,0.914435845127868,0.8953700625236765,0.9704021872341678,0.22010972108296453,-0.15275220440436957
11,5.0,2.0,3,4.012071231411237,17.3489466247223,4,0.13979114157745987,681756.4029394835,10113.350843384454,536277.2585668456,53.02666414639871,0.6587391644658696,0.6401307780274973,6.407784278599035,0.9986493271134012,0.11161290322580646,0.09967741935483872,1.1197411003236246,0.3020430107526882,0.17225806451612902,1.7534332084893884,0.26860215053763437,0.10494623655913977,2.5594262295081966,0.43211421020001467,0.39819215948919645,0.36473723122720186,0.3760176056512313,0.4437255148249895,0.39576902212043913,0.37510675032885543,0.371401937902765,-1.530914353947585,-1.6223618866756364,-1.7125501442557622,-1.682140355115357,-1.3126230197384512,-1.4257844138838387,-1.4745405123865274,-1.4832826391672826,0.7404670185693574,6.323323323323323,2240.527869300018,4.363363363363364,0.5993377483443708,0.9215045092345187,0.8699478189907174,0.965827442387252,0.22872455797083321,-0.1740574657296815
11,5.0,3.0,3,5.9776099147328825,41.34475339397392,5,0.33201559795393976,2062389.0154717315,170633.72110881036,610755.43894889,3.5793361064863674,0.564680729231412,0.70579896828159,656.7864001954904,0.9986870873284428,0.11483870967741935,0.09301075268817204,1.2346820809248555,0.2756989247311828,0.14559139784946237,1.8936484490398817,0.2903225806451613,0.12838709677419355,2.261306532663317,0.3383932280554438,0.42269524653246154,0.42595164490191,0.47387807200650656,0.35288745306009417,0.4239508656149337,0.4607204382706033,0.5058081709277342,-2.420650231674041,-2.112210673298294,-2.1002963432132793,-1.9249457848550697,-2.0648504045576135,-1.8380964699337317,-1.7207696350075645,-1.576900653548443,0.7243805436776328,6.389389389389389,25550.970903525016,4.75975975975976,0.6423841059602649,0.9210415998649362,0.8523679261673319,0.9318417759173245,0.2299562962680826,-0.14453040112422902
11,5.0,4.0,3,6.502106961632151,57.72781624821836,4,0.398586765775641,2769879.457189681,301421.40991844964,970916.1007981964,3.221125204944401,0.49857130495898716,0.6830501764173854,71.20570151648417,0.9975039374163889,0.10516129032258063,0.09612903225806452,1.093959731543624,0.3020430107526882,0.08935483870967742,3.380264741275572,0.31526881720430106,0.10451612903225807,3.0164609053497937,0.15621963268987474,0.26577877237814185,0.24760192406414872,0.3128936730426841,0.15775074669513736,0.181536130054335,0.1936937435514379,0.20564179841673605,-3.5368254932412078,-3.0775927671915175,-3.153783613760576,-2.8801039558399326,-3.5105403216557733,-3.4114015607475703,-3.360727971867299,-3.3109278346687177,0.7063167524739721,6.455455455455454,23086.779941871722,4.86986986986987,0.7019867549668874,0.8483239098251949,0.8586877128520776,0.9191819046283451,0.20226005680543727,-0.1839396888604185
11,5.0,5.0,3,5.647841622672824,37.04767495411997,6,0.15285292503333703,1367968.8584730383,66595.05981491554,508332.38925090915,7.63318466360257,0.35783147494417844,0.7460206475816562,29.897190722651363,0.9992368447893774,0.11161290322580646,0.06634408602150536,1.682333873581848,0.2789247311827957,0.1489247311827957,1.8729241877256317,0.2587096774193548,0.09225806451612903,2.8041958041958037,0.1549654472568082,0.5542215841113128,0.46315618079441695,0.4536621160098436,0.17726009192225747,0.44134457824031953,0.43662117195673505,0.4731214871010564,-1.9389666803619958,-1.0228569854650607,-1.231810314286928,-1.253594838030634,-1.4845695975121551,-1.0080498666552877,-1.0165728826126526,-0.9507109283901138,0.7431336958733927,6.345345345345345,8166.791768790743,4.627627627627627,0.6357615894039735,0.904367786672996,0.8822188598884874,0.9604183976777383,0.20789032195981566,-0.16862617249100678
11,5.0,6.0,3,5.712511846708106,34.92629886823928,4,0.058713959529077986,850036.4607121728,85268.26961582193,365949.5449837635,4.291743536400554,0.26787022379210323,0.7438629775360792,30.991221265539007,0.998991066016882,0.10516129032258063,0.05956989247311828,1.7653429602888084,0.2659139784946237,0.13881720430107528,1.9155693261037958,0.28182795698924734,0.13440860215053765,2.0968,0.61020211011254,0.6455385563335216,0.5641010491563435,0.624488336027517,0.6297790485033636,0.5852757741646522,0.5231997939242025,0.5663288869325829,-1.3026150374016119,-1.184528748558249,-1.4566741967753265,-1.2548737509879313,-1.180978994097936,-1.3229413329394577,-1.5209593770443324,-1.3833805807296233,0.7243442009151095,6.389389389389389,7566.218500481063,4.67167167167167,0.6854304635761589,0.8895396904136624,0.8445368062322165,0.8880228127665243,0.22825312462524694,-0.1770441669467398
11,5.0,7.0,3,6.128626937604398,43.43326441301965,6,0.2053020010173785,1469337.6126800822,412.9490996652891,556944.7817859473,1348.70080171472,0.4712929696828131,0.50343621266448,2341.5732032513697,0.9994906579902736,0.10193548387096774,0.08279569892473118,1.2311688311688311,0.2495698924731183,0.15236559139784944,1.6379675370501063,0.3446236559139785,0.11193548387096772,3.078770413064362,0.3641742866589922,0.31490895136368574,0.4352426417678542,0.45441495427524503,0.4426799077280031,0.34886246279489974,0.46562679535365376,0.5148941298130681,-1.618134701635248,-1.7435117459358718,-1.437270403169687,-1.3884781264059978,-1.1601872302037546,-1.3554893610456638,-1.1124181180447632,-1.009857070814308,0.7481072993711366,6.41141141141141,6177.187597338489,4.495495495495494,0.609271523178808,0.8894408507613133,0.8712635856948511,0.954740514261037,0.21849247243063868,-0.15170860865592323
11,5.0,8.0,3,8.765998193911255,97.4568789694613,5,0.222048478009773,2299143.4014235577,28674.147784959376,833669.4449201796,29.07390486971924,0.5010972282442239,0.8706387007871635,136.69455879645486,0.999722561280799,0.10193548387096774,0.17258064516129032,0.5906542056074766,0.299247311827957,0.12559139784946236,2.382705479452055,0.2631182795698924,0.13118279569892471,2.0057377049180327,0.27224786415996455,0.31907686547607284,0.4297232515400571,0.3902956614148372,0.24947778506099003,0.22815599862347938,0.28894967990696696,0.2967994117743467,-2.161650953805721,-2.022554205922063,-1.6938999097800307,-1.8110121566607138,-1.862162830860647,-1.915065513021371,-1.764226895077865,-1.7447504843538404,0.722322479737141,6.3013013013013,8809.37190447399,4.495495495495494,0.6456953642384106,0.9217007024635401,0.8573429743753771,0.9470071053903203,0.239594785018042,-0.13570810531762406
11,5.0,9.0,3,5.460040611625808,37.19851011654019,6,0.33458321523541035,2364840.0985088,14819.667399565587,410823.06018846115,27.721476407797365,0.483917876038669,0.673108094457449,28.3782398205991,0.997499513668919,0.10193548387096774,0.06935483870967743,1.4697674418604647,0.2532258064516129,0.11258064516129034,2.2492836676217762,0.26731182795698927,0.11118279569892471,2.4042553191489366,0.8379968558820214,0.5789540173533259,0.5442930738299628,0.5008505551102072,0.9864968197600291,0.40604644987804783,0.37471388778179787,0.36958435542942736,-0.6284036706874034,-1.6332204073191927,-1.7676688111335537,-1.9361805914204837,-0.04902165399373892,-2.156276144211051,-2.2700252011386226,-2.2886473446380666,0.7014331370005094,6.235235235235235,6498.495354469902,4.825825825825825,0.6125827814569537,0.8842501840378532,0.8460420146783246,0.9085884249778481,0.23726526282431432,-0.19835119928124995
11,5.0,10.0,3,7.639132398785986,69.93652469136292,6,0.46042967867434725,1667432.9903521924,81855.83949764427,902501.8349981091,11.025503379317028,0.8088029576854888,0.8871932665488586,13.08196277899053,0.9998411879499376,0.10193548387096774,0.05989247311827957,1.7019748653500897,0.2565591397849462,0.13913978494623655,1.8438948995363214,0.25548387096774194,0.0989247311827957,2.582608695652174,0.08112179019838986,0.08039962978298652,0.11929329807917048,0.1895815972803937,0.11917319833659308,0.11253002990021742,0.1394700785044203,0.2105117414261309,-1.5909848367398547,-1.592235216015742,-1.5248930635472682,-1.4031929110825316,-1.038845659793824,-1.0466806015603274,-1.0149075531991065,-0.931121134516814,0.7012802793893916,6.257257257257256,1924.3509752303323,4.0770770770770755,0.652317880794702,0.9355176389183634,0.8861453090679332,0.9679896470617418,0.2125065818032604,-0.1283917409179917
11,5.0,11.0,3,8.472903772398697,87.17308592328,6,0.41432719527084116,1718152.796108762,16360.832583804067,1252588.1838152322,76.56017365859459,0.5355165744307515,0.8252378734249073,156.86352469637154,0.9988688230433816,0.10526881720430108,0.04290322580645161,2.4536340852130327,0.23978494623655916,0.12569892473118277,1.9076133447390937,0.3379569892473118,0.09182795698924733,3.6803278688524586,0.5562833233292444,0.49654710004112224,0.5493603500719481,0.5802983161196914,0.5800132970457841,0.5086070320093429,0.5637491023296631,0.5878795180410205,-1.677445710683307,-1.9032751121809517,-1.703617618132807,-1.5866583935360699,-1.443464159393676,-1.6888823681399299,-1.4993630294983324,-1.4164285223208242,0.7357802480144865,6.235235235235235,12889.903932103625,4.75975975975976,0.6324503311258278,0.8905371364443704,0.8422541261923739,0.8757044567703725,0.23170288873488257,-0.13579306237072072
11,5.0,12.0,3,6.254450519875324,54.15160572282122,4,0.29172962907920674,1670299.3198584444,36104.20512559464,498300.2878068027,13.80172437181154,0.6713552346450418,0.7828523194088721,1876.3951795658581,0.9982537647829288,0.10516129032258063,0.07290322580645162,1.4424778761061945,0.2694623655913978,0.14580645161290323,1.848082595870206,0.2704301075268817,0.08473118279569891,3.1916243654822334,0.3066985931338432,0.2705295114424399,0.33125636366168293,0.35221354346221345,0.26694879058367565,0.24697154640069863,0.26170320958342325,0.31867640227705957,-2.4246537515973685,-2.5511463545927966,-2.338768897114895,-2.265476236631276,-2.3593879949913403,-2.4236864634924102,-2.3762713459493243,-2.1928982539320225,0.7018635680051464,6.3013013013013,5581.446249454955,4.67167167167167,0.6059602649006622,0.8671930700088635,0.8435821112024698,0.9164453766931753,0.24242416453634322,-0.1899188298645833
11,5.0,13.0,3,6.768657280452987,53.894646242101075,6,0.26217912352769823,1633173.3234740016,155595.1813104913,432648.1009859598,2.7806008987039736,0.6052917098225867,0.7288231591484668,24.55496846098658,0.9991411569875152,0.10193548387096774,0.09623655913978495,1.059217877094972,0.2596774193548387,0.14913978494623653,1.7411679884643116,0.2546236559139785,0.0656989247311828,3.8756137479541732,0.6031390527380804,0.32919561184392065,0.20778312963664153,0.17113719873896938,0.3877892371286159,0.1764332848274379,0.11842512330249104,0.14716693390719474,-0.8924729131861175,-1.5085252167192333,-1.7815612824754705,-1.8639717613354065,-1.061534704387823,-1.4280125449509962,-1.5285950245984539,-1.478758544624245,0.6873976109548623,6.3013013013013,1158.9483034398118,4.451451451451451,0.6225165562913907,0.8434440792107808,0.8606520574359182,0.920329821485081,0.21998491133927653,-0.1540441005749365
11,5.0,14.0,3,8.317922545567555,87.60897495099556,7,0.2546102422033659,1118441.3427134333,88643.70627157793,726677.4502152781,8.197733158730465,0.7893384236745746,0.6602477357822812,27.20515002421785,0.9997994064904778,0.11483870967741935,0.14623655913978495,0.7852941176470588,0.2563440860215054,0.15247311827956989,1.681241184767278,0.289247311827957,0.11548387096774193,2.5046554934823093,0.36295858685662097,0.33405993715229776,0.3227917911666263,0.33673556863669557,0.34001175234875974,0.38208570175469264,0.38713632566948036,0.4155578675148337,-1.3275232850633243,-1.3877448493099536,-1.4112264093260602,-1.3821691315865796,-0.9613667985193801,-0.9000801041192967,-0.8927231516875457,-0.8513231316264451,0.7189137375190616,6.455455455455454,3913.745601980376,4.341341341341341,0.6158940397350994,0.8598366763958826,0.8571053298002391,0.9421066520008914,0.22608482450287543,-0.12555450419591913
11,5.0,15.0,3,6.099860574431555,44.28492540058727,3,0.25304504278765927,1485916.9919283756,243801.8155419368,722793.6558307102,2.964677085049767,0.48547103072744757,0.7084906340024825,1596.4916277063578,0.9984953261623237,0.11806451612903228,0.11645161290322581,1.0138504155124655,0.29827956989247306,0.12301075268817203,2.4248251748251746,0.2851612903225807,0.07526881720430108,3.788571428571429,0.07556867568624025,0.11703271985568434,0.1331640858866871,0.16273365583264052,0.08204225831487301,0.11022383203231693,0.1350860384525936,0.16300479981622046,-2.403741483508046,-2.2959250990750646,-2.2539797076819736,-2.1770917874448004,-2.1091584916156756,-2.0444067031464974,-1.9872817055454473,-1.9231337715704173,0.6907835459537045,6.499499499499499,1695.7772308405738,4.451451451451451,0.5993377483443708,0.9140575018677679,0.8895712838825132,0.9683413227158828,0.20770216002352926,-0.18225465911343033
11,5.0,16.0,3,5.072424095860584,30.27932397992135,6,0.23968121981158508,2425020.8098069737,76556.59847614144,591189.3056188631,7.722251476508649,0.4539546252649642,0.5740226167405309,159.96913541432482,0.9988130563040418,0.10838709677419356,0.07978494623655914,1.358490566037736,0.2952688172043011,0.11591397849462366,2.547309833024119,0.2917204301075269,0.11548387096774193,2.5260707635009316,0.22446022128599108,0.31408011405998215,0.2852172335427047,0.3274814079398566,0.3039931331517957,0.2988426809564579,0.29283815839185734,0.3279909867487566,-1.9081225455025481,-1.6876235554815167,-1.7586372088810707,-1.6546512803088675,-1.3933909011528125,-1.4037019965853972,-1.415722922679372,-1.345347710141458,0.6842463796164128,6.3013013013013,5443.463387412265,4.473473473473474,0.6456953642384106,0.887763206075054,0.8552325376781873,0.9545992464018205,0.24614922416711282,-0.18073756009324862
11,5.0,17.0,3,11.70012011302576,163.69545424852004,4,0.4392900629100761,1640781.0670155322,194674.10130298272,1557653.6269653514,8.001339759833199,0.8946975202735005,0.8382451675528917,1295.0773131707986,0.9996268797887079,0.10193548387096774,0.14301075268817204,0.7127819548872181,0.2564516129032258,0.17268817204301073,1.4850560398505606,0.2530107526881721,0.10580645161290322,2.3912601626016263,0.4704146157916394,0.40015435358949547,0.3448738988123738,0.3468806126396334,0.381602765506521,0.37777517471827793,0.3590703065797139,0.35880695562855236,-1.391966080265166,-1.576638665068682,-1.7219382149541282,-1.7166637537177785,-1.3224074012067657,-1.3305924869491192,-1.370591786243034,-1.3711549473108806,0.7096693328657115,6.499499499499499,3037.2635797033054,4.341341341341341,0.6324503311258278,0.9405174884445885,0.869168439228569,0.95259114069757,0.25071491069993657,-0.11031077097917463
11,5.0,18.0,3,5.355024452388677,34.727969060389256,4,0.3695417722081329,2263639.4010893153,115815.2408585736,628386.8636279084,5.425770036564147,0.43492569920175617,0.7045718532061382,82.67851666343365,0.9985472520609201,0.10193548387096774,0.05258064516129032,1.9386503067484664,0.3232258064516129,0.12247311827956989,2.6391571553994733,0.30311827956989246,0.15473118279569892,1.9589993050729673,0.2303247929440308,0.6092376783703666,0.5852034974109045,0.605684390563357,0.2198212043758119,0.43584981365131215,0.439140371852375,0.455475706394101,-4.063785028155194,-2.063174255384576,-2.190071606178328,-2.0819351530443626,-3.962745757929745,-2.8654761835714107,-2.8487625204654425,-2.7657907990822714,0.7357388809066341,6.389389389389389,13904.108340900724,4.627627627627627,0.6125827814569537,0.7736821522516012,0.8249914560043792,0.783265710872058,0.2396505425421611,-0.18964525806916033
11,5.0,19.0,3,4.1617797805507815,18.30074662945376,4,0.34802863505429893,2568381.2156348503,44728.92857206505,281247.9170838386,6.287830405566406,0.6118535583182805,0.7063771819164238,3500.4014613273803,0.9988540066594347,0.10193548387096774,0.0664516129032258,1.5339805825242718,0.28322580645161294,0.06913978494623656,4.09642301710731,0.23451612903225802,0.12473118279569892,1.880172413793103,0.1561115625472546,0.12584850092051075,0.1372442845883333,0.2824894308653585,0.14984843653518023,0.13601668358411637,0.14612105742359952,0.1832478652523737,-2.388030625974649,-2.4736688629655066,-2.4414211401647474,-2.030407264171066,-2.076570033084849,-2.110355307284842,-2.085674484688172,-1.9949889882725405,0.6816548306246728,6.19119119119119,15007.755531197367,4.737737737737737,0.6556291390728477,0.9033169627082005,0.8659290708464324,0.9549056861192876,0.22753077532177457,-0.1931041711613008
12,1.0,0.0,3,10.50131185963261,130.27246527887573,5,0.38487093290459384,73440852.9382054,731233.0587085194,12417363.866553374,16.981403833798936,0.7078304556406605,0.6015426413008077,8.091506621156324,0.9915648655460192,0.10193548387096774,0.11322580645161291,0.9002849002849002,0.24989247311827958,0.06999999999999999,3.56989247311828,0.3116129032258065,0.05548387096774195,5.616279069767441,0.007527682294181667,0.01016434190333802,0.016172924127690592,0.029392645162596154,0.010381309569193819,0.015696577291209875,0.024857786799485467,0.04701261852960263,-1.9196893817220684,-1.9145894234012024,-1.902967324437317,-1.8773970816735706,-1.0934416782293996,-1.0875687745399294,-1.0774464431852342,-1.0529673012469152,0.6799349057048236,7.468468468468467,17916.50327363903,5.266266266266266,0.5066225165562914,0.9736424832330636,0.9458472504716237,0.991209681942922,0.13369969720964306,-0.12967295054282515
12,1.0,1.0,3,7.09221031822797,66.28055780814796,5,0.4370141284529465,59684769.18770738,2352952.3624484157,11223993.857624436,4.770174711886247,0.7130443037497396,0.7287281797833848,21.633798073224032,0.9957949866048439,0.10838709677419356,0.07666666666666666,1.4137447405329595,0.2693548387096774,0.056559139784946234,4.762357414448669,0.32795698924731187,0.035483870967741936,9.242424242424244,0.02617656953652102,0.02499786746579467,0.025171578760357076,0.04461936295632118,0.03187016366899312,0.031237678664111538,0.03247639203875099,0.05916897629686598,-2.3457413480693785,-2.3485806001328062,-2.3481621651747484,-2.301316433094662,-1.660355303355711,-1.661440023392982,-1.659315613790325,-1.6135374834507106,0.7121716587487885,7.358358358358357,36438.58983763541,5.178178178178179,0.5165562913907285,0.9379861979366928,0.9196761361201634,0.9765959229731941,0.15597172541763266,-0.1471521824199276
12,1.0,2.0,3,15.878187638821469,263.19132937528735,3,0.2948543990363468,131717096.4069077,10367319.904599143,31487873.711011056,3.0372240849867502,0.7135492700512849,0.5439918157992075,9.718233857944247,0.9986366836767903,0.10193548387096774,0.09333333333333334,1.0921658986175113,0.2563440860215054,0.056666666666666664,4.52371916508539,0.28419354838709676,0.05193548387096773,5.472049689440994,0.022349431858786774,0.02160297866760309,0.023159477797618868,0.03627214839701071,0.0241480783088136,0.02617586773505636,0.02909963963928135,0.04529709129827953,-2.2296029163959266,-2.2313052569522056,-2.227755547973619,-2.1978511531286093,-1.7068348579177017,-1.7032881090715961,-1.6981742227412981,-1.6698437204524847,0.7311394286629569,7.094094094094094,51965.57243827658,5.156156156156156,0.5662251655629139,0.9557297121400454,0.9315197371264129,0.9836662545333519,0.14832660310768628,-0.0983055768121486
12,1.0,3.0,3,11.884710403037872,161.95459283505528,5,0.37580539191761986,106482650.8294794,4830142.585200159,25086844.831268582,5.193810408027322,0.8011852469874747,0.42945007354863896,2.24743622228772,0.9936664305253052,0.10193548387096774,0.08333333333333333,1.2232258064516128,0.2627956989247312,0.08,3.28494623655914,0.3794623655913979,0.03634408602150537,10.440828402366867,0.02587712196475127,0.03303088393086536,0.037189769244033374,0.06584379852609544,0.029046443429827373,0.037418822931553686,0.0462475255205182,0.08487193878025437,-2.3744025052130637,-2.3569653720576462,-2.346828183075495,-2.276984634129184,-1.7739796052716441,-1.758682858704154,-1.7425523875525197,-1.6719836966767234,0.6860806760603908,7.732732732732731,82018.89499202212,5.376376376376376,0.5198675496688742,0.9689767660479272,0.9459031610860543,0.9902086052137954,0.12959248955211317,-0.12704344309349422
12,1.0,4.0,3,11.08862169397828,142.98429603572683,5,0.37985803479748204,88438458.55776809,9772201.944580985,15053030.833786128,1.540392934893608,0.7213914299961206,0.5627088063918426,379.52877361660376,0.9936541288725312,0.10193548387096774,0.07978494623655914,1.2776280323450133,0.24989247311827958,0.05,4.997849462365592,0.26924731182795697,0.035913978494623654,7.497005988023952,0.006162862687517341,0.00821600924827241,0.01340797146910891,0.027522039846667595,0.011156036599100106,0.013969496059611623,0.0187052097296265,0.04516393807504037,-2.4560598074873976,-2.45098588686456,-2.4381550423993668,-2.4032750859550025,-1.3847095323736662,-1.3807697559497718,-1.374138186051819,-1.337087190434297,0.6636497684381337,7.666666666666665,16188.596901781992,5.464464464464464,0.543046357615894,0.9458900576706353,0.9322829803140378,0.9767580850374998,0.14603932885197812,-0.13117438489361363
12,1.0,5.0,3,7.578484602007991,70.19592485805389,6,0.5271188293948019,71318801.18828158,9404652.671153327,17408094.34850031,1.851008746117308,0.7510955072831593,0.6464782077804212,437.17223847535035,0.9902178502075719,0.10193548387096774,0.11000000000000001,0.9266862170087975,0.26978494623655913,0.06322580645161291,4.267006802721088,0.24139784946236564,0.07419354838709677,3.2536231884057982,0.027542570324843228,0.03297220282541423,0.036764122446300604,0.07094375618868759,0.0297022511386951,0.033468411522949236,0.03769384977835354,0.06817209434542194,-2.821230680178742,-2.805478581089095,-2.794477708819766,-2.6953179632013837,-2.4097409165217645,-2.4003876321440867,-2.3898937281169634,-2.3142008049052865,0.666608336501855,7.886886886886885,36438.58983763541,5.420420420420419,0.543046357615894,0.9504384824968283,0.9161861266143171,0.9730326166070156,0.16107271470451157,-0.17843076438619174
12,1.0,6.0,3,12.301018550954756,176.96245433261802,4,0.17695577931355244,85395060.71539845,3946636.4590668613,9750739.131006435,2.4706453792077645,0.5760075634717037,0.4298767935171294,11.87612458372299,0.9923911174466291,0.10193548387096774,0.19666666666666668,0.5183160196828868,0.2563440860215054,0.11666666666666665,2.197235023041475,0.278494623655914,0.035913978494623654,7.754491017964073,0.02261970550139974,0.024146627271901658,0.028565410231829732,0.03704116470200882,0.03645204627783984,0.035743495196188434,0.043819104146665205,0.05845862256613524,-2.478344893610011,-2.4744730754506254,-2.463268359899933,-2.44177637471372,-1.4909803182067176,-1.4920767200132965,-1.4795806382602477,-1.4569276569040666,0.6906333809687408,7.776776776776775,29749.075472144435,5.288288288288289,0.543046357615894,0.9419986654975511,0.9242458741320811,0.9833202424985235,0.1563826576558226,-0.1354743957785849
12,1.0,7.0,3,12.744319872283565,183.48073442591019,5,0.37945329743975,143502545.31314328,2532114.311102994,24894355.830041558,9.831450231485611,0.82070603053144,0.5905389637961151,6.394827068087948,0.992814264756265,0.10193548387096774,0.11666666666666667,0.8737327188940092,0.25311827956989247,0.0564516129032258,4.483809523809525,0.2701075268817204,0.03881720430107527,6.958448753462603,0.02300700074157089,0.025295583785613297,0.03127676972781306,0.053844986847086024,0.028532352129065915,0.02915844302910335,0.03472429854715216,0.0582965160466153,-2.4832403594864747,-2.4774234275480516,-2.4622209416136207,-2.4048589056166687,-2.001878291717361,-2.0005881223698037,-1.9891187076540007,-1.9405440478562874,0.732118225548552,7.578578578578577,34636.94177371734,5.398398398398399,0.5033112582781457,0.9177842189786652,0.919782990334232,0.9762043421839567,0.14427786094427814,-0.10015678264455823
12,1.0,8.0,3,14.964780931160501,236.7007705273146,3,0.3160356718713402,114753285.08478029,14120694.858313756,52429504.23067126,3.712954975427619,0.7659456156334983,0.5446807348778879,5.413471065483814,0.9989996399302244,0.11483870967741935,0.12989247311827956,0.8841059602649007,0.28215053763440856,0.10978494623655913,2.5700293829578844,0.2668817204301075,0.04559139784946237,5.853773584905659,0.025441340081825605,0.02121514916001353,0.026009187162711164,0.042730100047289575,0.017800348828045213,0.022103546635292508,0.03155374562868189,0.05820259087834414,-2.1285537953089815,-2.137784306612507,-2.1273135487144095,-2.090793055854094,-1.4498553193289734,-1.4435032357953275,-1.4295535044317147,-1.3902163187657495,0.7105202631606622,7.424424424424425,25550.970903525016,4.86986986986987,0.5529801324503312,0.9433944114520119,0.9327764536988538,0.9836766582340657,0.15463408920365304,-0.08830315221669174
12,1.0,9.0,3,6.900894865383501,55.50603002975857,6,0.4759176356734507,86724776.07485515,3402065.917606308,11446082.309411341,3.3644504799791766,0.6173066672241749,0.6570529172950489,58.54128294478061,0.9963733969486548,0.10193548387096774,0.08666666666666667,1.1761786600496278,0.26924731182795697,0.07655913978494625,3.516853932584269,0.27720430107526883,0.05881720430107527,4.712979890310787,0.018527807392289004,0.02284107098077693,0.025400016434962296,0.04534885923032095,0.02586763710511646,0.028753277887878508,0.034469713424276696,0.0638792860456942,-2.2373254581439146,-2.227493111892138,-2.221659840349886,-2.1761852419020355,-1.4073271434179218,-1.4031582637518503,-1.3948997403720658,-1.3524117876020298,0.653994077655875,7.534534534534535,34636.94177371734,5.244244244244244,0.5562913907284768,0.9097867650282274,0.9234419195627562,0.9810954007501687,0.13023860480648966,-0.17567627444217954
12,1.0,10.0,3,9.16718894785943,97.61323099947228,5,0.5444745517841728,81206414.02997532,4448763.037912454,21923898.194417182,4.928088551262733,0.7183462003909783,0.7391319570508692,5.409239036955183,0.9873414260031756,0.10193548387096774,0.13,0.7841191066997518,0.2629032258064516,0.07989247311827956,3.2907133243607,0.2787096774193548,0.0389247311827957,7.160220994475138,0.02863685555590426,0.02972225272137494,0.0345898671152048,0.04550333385995599,0.04068699031872512,0.04035786029631851,0.04690957591872665,0.06518315318387288,-2.7129524393798903,-2.709920997529742,-2.696326075363677,-2.6658454910460496,-1.7062172258999369,-1.706802610761941,-1.6951498447290227,-1.6626487819956353,0.7225796144637525,7.6006006006006,29749.075472144435,5.420420420420419,0.5629139072847682,0.9387029357382205,0.9329247932006589,0.9811464137263624,0.14750124659222655,-0.11544593519954051
12,1.0,11.0,3,11.169532722784659,141.25605707816354,5,0.3993691977920397,97376422.3841101,9961009.520722058,20651730.08863107,2.073256736244346,0.7817078418047498,0.5442771616944222,2.034427145030224,0.9870689866942489,0.10516129032258063,0.09333333333333334,1.126728110599078,0.27301075268817204,0.05989247311827957,4.55834829443447,0.2389247311827957,0.07150537634408602,3.341353383458647,0.0363543930424126,0.04486163862752042,0.05456252686395311,0.07100871411904404,0.035890392367366575,0.03934989948213639,0.05402042332395819,0.08032063154163992,-2.47761835582218,-2.4557454726097543,-2.4308036282337406,-2.3885190215979577,-1.9749008910657595,-1.9678143693367793,-1.9377629826705287,-1.8838891241039144,0.6711555329323675,7.094094094094094,24919.30736406476,5.376376376376376,0.5397350993377483,0.956967682178748,0.93181624257132,0.9819941246269038,0.16252010667892325,-0.12924153469360994
12,1.0,12.0,3,13.442063050607976,199.0540025574023,4,0.24224294688270331,132997541.6007866,12686235.188802965,31086800.263899922,2.4504354366169667,0.4988910265940495,0.40623262111894776,10.457930033194058,0.9864739618126935,0.10193548387096774,0.1,1.0193548387096774,0.24989247311827958,0.07333333333333333,3.407624633431085,0.20591397849462365,0.029354838709677415,7.0146520146520155,0.06957369623982836,0.05491986779831094,0.06380726994952911,0.08134973877986865,0.04475729686093962,0.04917770219295535,0.07298752371590286,0.09553965019324477,-2.529408286722111,-2.5692454183061857,-2.545084591642242,-2.4973945533773065,-1.9267808009896676,-1.9178645830501517,-1.8698387705161748,-1.8243498029739569,0.6859714271024163,7.732732732732731,41376.73206455737,5.376376376376376,0.5132450331125827,0.9562788994001666,0.9429591419912567,0.9879089613976986,0.1499620228627102,-0.1135702171348357
12,1.0,13.0,3,8.611028083858885,78.72596400895259,4,0.5684690930425763,107479667.03013083,2474190.395857897,26720396.687030524,10.799652577976131,0.8829681665856458,0.7503557707320914,4.232462930759992,0.9977938428558057,0.11483870967741935,0.09666666666666665,1.1879866518353728,0.3111827956989247,0.07333333333333333,4.243401759530792,0.34172043010752684,0.042473118279569885,8.045569620253165,0.03413406288947299,0.03454956573359185,0.04657279391909343,0.06979717300120854,0.041199804993705444,0.043574899638793074,0.05429857919634696,0.08670847767553667,-2.001056090638709,-2.0001952625828103,-1.9752858491069483,-1.9271701806399584,-1.423985399311902,-1.4204579698076074,-1.4045314366295911,-1.3563970886518624,0.7036833524577483,7.798798798798798,41376.73206455737,5.310310310310309,0.47019867549668876,0.9562993943380582,0.9341272614216217,0.987674076894623,0.16258535592226683,-0.11787371318644645
12,1.0,14.0,3,10.020115208178076,110.3078988301253,4,0.385467755524739,118614854.13255605,6125464.57611951,35051865.91375708,5.722319585425222,0.7205358461907265,0.5547427720760184,18.737614800671825,0.9871359194427897,0.10193548387096774,0.09,1.1326164874551972,0.2563440860215054,0.08645161290322581,2.9651741293532337,0.2679569892473118,0.06268817204301075,4.274442538593482,0.044978261733213204,0.05116188654802565,0.06030719899677133,0.1076894839072771,0.04297392592356738,0.062179241909984,0.07198021822337133,0.11307757984563027,-2.612758550424936,-2.5958413243973464,-2.570821482084508,-2.4411925269747856,-2.0263461868465273,-1.9856820713428676,-1.9649301069837237,-1.8779131653679133,0.7586564314353503,7.798798798798798,105687.59711848051,5.508508508508509,0.5596026490066225,0.9260752924708001,0.9164352989988425,0.9711938936648038,0.16643660783718534,-0.12470993210406571
12,1.0,15.0,3,5.002929207549089,35.99064627964949,4,0.6671384826538753,66036390.8571558,3475105.0654913667,13661048.737791965,3.9311181907705413,0.7918276381071163,0.8588551950297425,7.346472903888729,0.9838827859139723,0.10193548387096774,0.10333333333333332,0.9864724245577524,0.2596774193548387,0.03989247311827957,6.50943396226415,0.2350537634408602,0.048817204301075265,4.814977973568282,0.016714967435540313,0.02578663624404813,0.027733863465984297,0.04286875156845561,0.01833105633133112,0.02836096495251368,0.032931416901246624,0.05059678075649338,-3.179835543819352,-3.150498765607832,-3.144201647145593,-3.0952570852473498,-2.4808567552649805,-2.455509343881505,-2.4439589768613836,-2.399315375230553,0.6630248019607452,7.556556556556555,60503.67879391212,5.728728728728729,0.4735099337748344,0.9218572241800733,0.9179769675185332,0.9807056823713347,0.15678659477464552,-0.20721731442175192
12,1.0,16.0,3,8.746899513559043,102.84480295837471,3,0.6070642962719046,56601073.1043036,738605.0713575733,8651855.99112353,11.71377821062238,0.896682081580254,0.8905825270825933,1.794054934489001,0.9969301313040705,0.10193548387096774,0.09978494623655913,1.021551724137931,0.24989247311827958,0.05989247311827957,4.1723518850987436,0.2621505376344086,0.05892473118279569,4.4489051094890515,0.029703898721086388,0.0358255275890094,0.04718585727764058,0.0733165930454034,0.04358711319760315,0.04866377059304452,0.05979282809199151,0.10057492828583547,-2.360563812774838,-2.3456709408341903,-2.318033209291388,-2.254461615864124,-1.6026452919774714,-1.594138420953401,-1.5754896429507694,-1.5071517506298755,0.6942427975342329,7.314314314314315,56090.37185780892,5.464464464464464,0.4900662251655629,0.9795401622718619,0.9514795899138787,0.9922614696946781,0.13891596245458285,-0.15748056545496203
12,1.0,17.0,3,6.316755875271367,47.87913648006873,4,0.49900516661857186,62299994.69411681,3557288.948170556,9883716.27170216,2.7784406652670595,0.7609876309779456,0.7124400673477419,2.527154472765285,0.9975289352864619,0.10193548387096774,0.12,0.8494623655913979,0.25311827956989247,0.06666666666666667,3.796774193548387,0.3206451612903226,0.042365591397849456,7.568527918781728,0.019136391626200098,0.018156626963948336,0.01774984162757051,0.030482692610301416,0.028128742948301116,0.026508907183303537,0.027130434491776954,0.04593264095684961,-2.078162653043458,-2.080238487351593,-2.0811003463161306,-2.0541231650310086,-1.2476336523620049,-1.2497131064018756,-1.2489152246039656,-1.2247780095620815,0.7187295261727523,7.446446446446445,26880.010215376074,5.2222222222222205,0.5397350993377483,0.9376301290726738,0.933187197399357,0.9859713402037421,0.13671512901149782,-0.1681350314143824
12,1.0,18.0,3,6.304923313801027,43.36430208718938,4,0.37854245531083286,76657022.09668493,3055570.923935713,16898333.38910627,5.530335838953611,0.6027543019051751,0.7160848348998191,216.51366478500188,0.9722958543859572,0.10193548387096774,0.1264516129032258,0.8061224489795918,0.2563440860215054,0.11000000000000001,2.330400782013685,0.2641935483870968,0.04258064516129032,6.204545454545455,0.02147098337041936,0.03769116787171166,0.054710373613711026,0.0751114177303085,0.02832670236802174,0.03985003680930621,0.06823568228700323,0.09827211156245055,-2.1201579453481116,-2.0850140176147502,-2.0481388676046883,-2.0039363605332245,-1.4150961131177786,-1.3983141084895172,-1.3569746822834858,-1.3132311375928907,0.7146697632195235,7.622622622622621,51965.57243827658,5.178178178178179,0.5198675496688742,0.9695416349536442,0.942211912284803,0.9884840760470042,0.14825667115968907,-0.15038590523127263
12,1.0,19.0,3,7.581261074198159,67.3202552737278,5,0.27656762606103014,43464144.06019876,2004910.7752522405,11767669.56181685,5.869423072124666,0.5898042845566919,0.6408667872966957,4.161927444845961,0.996161036215315,0.11806451612903228,0.09,1.3118279569892477,0.2918279569892473,0.08634408602150538,3.3798256537982563,0.258494623655914,0.049032258064516124,5.271929824561405,0.018077217844688184,0.022651012881227214,0.027875215622408574,0.05604921757538094,0.019486643509465246,0.030514021805339554,0.0349428872766745,0.06406977737206422,-1.9166362677939859,-1.9077085785624102,-1.8975113444967346,-1.8425179021066544,-1.4193762604349438,-1.4034131948995376,-1.397002036429272,-1.3548383921830929,0.6924242749261764,7.688688688688688,32924.37333007762,5.288288288288289,0.5298013245033113,0.9730225246311555,0.9537203887057477,0.9901995585786354,0.13153296203854875,-0.15883230980545582
12,2.0,0.0,3,10.94245395428936,125.830998095724,4,0.4544934184784677,571209381.4679921,17020442.205285307,83627353.93534815,4.913347898175031,0.8888757651029556,0.8673741753877806,2.982930581381534,0.9999097207378971,0.10516129032258063,0.09666666666666665,1.0878754171301446,0.2627956989247312,0.07333333333333333,3.583577712609971,0.22150537634408604,0.03913978494623656,5.65934065934066,0.01072361335798965,0.012047310211144207,0.015310649615984339,0.02884562671274882,0.01353006569654104,0.014902860823279787,0.020500391072298372,0.038079959898864514,-2.096502170714634,-2.0936969553436025,-2.086781195260367,-2.0580974934687384,-1.4407122141819306,-1.4387072846469433,-1.430532245632999,-1.404857768745501,0.7105940403154792,7.732732732732731,23687.211883238113,5.244244244244244,0.5827814569536424,0.953136565029604,0.9224333914590146,0.983256053361449,0.14297560690486072,-0.10154918595319962
12,2.0,1.0,3,7.930268930375196,78.65637408858295,5,0.5412751751432845,250114765.90146807,11502853.133195825,29802460.497187067,2.5908755116746485,0.9010778139040313,0.6677311072899719,4.84865851570865,0.9921515869845007,0.10193548387096774,0.11666666666666665,0.8737327188940093,0.26956989247311824,0.09655913978494624,2.7917594654788416,0.2248387096774193,0.03569892473118279,6.298192771084338,0.03401215402986812,0.03542499689588585,0.050198636611933016,0.07843784281108884,0.04512776668010565,0.04694618277558382,0.0586175208816467,0.09699100800538814,-3.224581944663326,-3.219865707688489,-3.1705495469478913,-3.0762837289862044,-2.3476329597948014,-2.343162232286553,-2.314467274923055,-2.220122858978795,0.7008931730263155,8.063063063063062,136186.52367560827,5.618618618618619,0.5596026490066225,0.9313969350656043,0.9099481413933417,0.9703595929570209,0.16289356400024246,-0.1375734483752528
12,2.0,2.0,3,4.292734627007888,19.70647512681082,6,0.7005821130671326,134579745.53995553,3876496.327988808,14888778.59634121,3.8407823293530012,0.9206467444534375,0.8279745435983876,5.7175922207479655,0.995603525802932,0.10193548387096774,0.12666666666666665,0.8047538200339559,0.24989247311827958,0.08,3.123655913978495,0.3213978494623656,0.06161290322580645,5.216404886561955,0.018495998386824624,0.023813078898111344,0.029769044385465883,0.04917252351183987,0.026729532499308314,0.03056137254148337,0.03994135272547727,0.0650128103268651,-2.6034467391822718,-2.5893431431741787,-2.5735448999665604,-2.5220770257884393,-1.8187011994121927,-1.8115408341146044,-1.7940129405015373,-1.7471631782481443,0.7094328691567818,7.446446446446445,49396.21743878326,5.420420420420419,0.5496688741721855,0.933626053335874,0.9170536309348082,0.9796299461356898,0.14973103473882363,-0.14506888269129967
12,2.0,3.0,3,9.132654395676076,97.71207798136652,5,0.5452486813069337,192143580.51502454,1098084.2583751727,24741502.082767878,22.531515131068083,0.8412177965662444,0.8293959904897676,17.167085009678836,0.9986208790290396,0.10193548387096774,0.049892473118279566,2.043103448275862,0.28301075268817205,0.10290322580645161,2.7502612330198537,0.23763440860215054,0.029354838709677415,8.095238095238097,0.037506824328039236,0.11975009609949108,0.0883301609571346,0.1263526351413957,0.052153985445733936,0.046684165298982595,0.05726790556394792,0.12393974858902451,-2.8796550277143083,-2.6335938014754916,-2.727598181444188,-2.6138398590805996,-2.2260191640840485,-2.2388650528505774,-2.214009107585481,-2.05743008736518,0.6640518831976098,7.842842842842841,86285.12566366886,5.596596596596596,0.4867549668874172,0.960760578798164,0.9352421652491975,0.9881968777171761,0.14504990160833212,-0.1395952808253051
12,2.0,4.0,3,13.158198896067859,194.98855333242952,4,0.4034847977411252,217896862.61901253,10206131.07485555,43722108.40067737,4.283906220682765,0.8226907159523675,0.8284497860890925,18.351787926628642,0.9988433102438596,0.10193548387096774,0.1,1.0193548387096774,0.2724731182795699,0.07655913978494625,3.558988764044943,0.2446236559139785,0.033118279569892474,7.386363636363637,0.020703003017000135,0.02103392024842348,0.028829955378490216,0.04485379959914435,0.02537100559320478,0.033071473135310024,0.041007977145550725,0.0659371222461464,-2.115491664279118,-2.114776812046548,-2.0979357031869346,-2.063320761057086,-1.373638178067543,-1.36278517013785,-1.351599493360926,-1.316464456692326,0.7088613191931787,8.019019019019018,38333.951017666055,5.2002002002002,0.5298013245033113,0.9471559587444982,0.9351679930954914,0.9855838531586609,0.13841975946137733,-0.11928922213378644
12,2.0,5.0,3,8.698191131874577,86.95073865516086,5,0.5628130158137661,214656408.690504,5590031.693785374,40947869.57082365,7.325158749340682,0.8378652611017084,0.8429128271622598,30.852286851416913,0.9983816845539308,0.10193548387096774,0.10666666666666666,0.9556451612903226,0.2596774193548387,0.0764516129032258,3.3966244725738393,0.29193548387096774,0.04838709677419355,6.033333333333333,0.016019129747740096,0.016703960689831335,0.018040688955309827,0.03475757154776137,0.019829187538675394,0.02155278604981654,0.023071206889757508,0.042679339933698726,-2.367780510563259,-2.3661325828374906,-2.362915976467788,-2.3226896773633823,-1.6329371245386306,-1.6300656576872823,-1.6275360110902912,-1.5948694105516146,0.6675092958983015,7.754754754754755,23086.779941871722,5.1341341341341336,0.5529801324503312,0.9295960086804571,0.9135436677476607,0.9729875604615066,0.14671750721144022,-0.13230087210496572
12,2.0,6.0,3,11.303880577866796,146.26487467981647,4,0.48353445442894705,223365333.80946517,5462392.3947729925,28557123.66778242,5.227951711251825,0.9246473964665687,0.7108302733574459,9.376668902738375,0.9990660625517005,0.10516129032258063,0.11666666666666665,0.9013824884792626,0.2789247311827957,0.08655913978494623,3.2223602484472056,0.2453763440860215,0.03569892473118279,6.8734939759036155,0.027912966614603105,0.0348754021212392,0.04246503404499468,0.06534960372941843,0.03494466785686689,0.04166111504557981,0.05262369783365741,0.08137041760635655,-2.0062554875876524,-1.991885967202716,-1.9762219986763834,-1.928991357865794,-1.4996139574838256,-1.4891771694433622,-1.4721422475984511,-1.4274722885119786,0.686530554006438,7.6006006006006,95494.85639791966,5.354354354354354,0.5099337748344371,0.965947469924684,0.9456149643740837,0.9928343201349288,0.13885924540751904,-0.11833540415494112
12,2.0,7.0,3,11.060435173536698,148.39927770168018,6,0.5132997208678358,192361107.65475184,16650841.57899035,23676571.268175565,1.4219444197973825,0.8862914246260054,0.7168462043233548,6.888574450455327,0.9991688367488708,0.10193548387096774,0.13,0.7841191066997518,0.2627956989247312,0.06999999999999999,3.754224270353303,0.2811827956989247,0.035591397849462365,7.900302114803624,0.023031807621617353,0.024846237650614573,0.03013888926766642,0.045984342532589983,0.026063769450709377,0.03457282259655338,0.044454291755258155,0.06514989391003709,-2.1551275532457606,-2.1511250399813227,-2.1394497987415124,-2.104495771382883,-1.3927653876881478,-1.3805971221161333,-1.3664662501020692,-1.3368707617585627,0.7194769155963004,8.063063063063062,29749.075472144435,5.2222222222222205,0.5364238410596026,0.9382384591302249,0.9246719133994162,0.9766235419208891,0.14606980324938282,-0.12231914542080673
12,2.0,8.0,3,7.653780813766076,66.177978174709,5,0.6525846052316167,140373399.98144475,1206730.5678770207,28516822.645235915,23.631474501723318,0.8573192276546506,0.894256528222996,4.5201334463757386,0.9996870493383773,0.10516129032258063,0.11333333333333333,0.9278937381404174,0.24989247311827958,0.09666666666666665,2.5850945494994444,0.2578494623655915,0.03913978494623656,6.58791208791209,0.018752075077784373,0.028087427601909895,0.03428254170567213,0.05163400760900326,0.024027202279599823,0.03208395223288482,0.043150966234481884,0.06893776811425213,-2.21335730280915,-2.1922999633144356,-2.178325919961034,-2.1391869900370537,-1.4733419926755893,-1.4611794118553167,-1.4444724949205754,-1.4055443832406067,0.7034413027484537,7.468468468468467,22516.035401952417,5.2002002002002,0.5264900662251656,0.9563789239372391,0.9395445966614164,0.9907206042988077,0.1457325023111117,-0.10956828070958914
12,2.0,9.0,3,9.284385662224278,97.85136263844544,5,0.47334969326555076,182662478.7380572,8358779.900379739,24959008.25001101,2.985963088808825,0.8701830039036156,0.6566566522123451,16.786238456893333,0.9982559383550068,0.10193548387096774,0.12333333333333334,0.8265039232781167,0.24989247311827958,0.09666666666666665,2.5850945494994444,0.29161290322580646,0.029354838709677422,9.934065934065934,0.02487942442244772,0.03393985999625692,0.04066698492608295,0.05558413166100575,0.03597136131515966,0.04133976614245866,0.04527946098179187,0.0728907291186948,-2.6042184308624594,-2.5800210609126144,-2.5620551773411484,-2.522216505656924,-1.7249655493550178,-1.7153597005135195,-1.7083102855894021,-1.6589046098668034,0.6915236135684679,7.358358358358357,66961.60054853215,5.332332332332331,0.5827814569536424,0.8900155106863223,0.8996820983475138,0.9743555768805181,0.1558592209544526,-0.1051563948085107
12,2.0,10.0,3,16.04801012880318,266.9179153157576,4,0.3398463846386216,632498876.0254282,50265273.59383548,117263586.70571616,2.332894627277973,0.8956096170252543,0.746565955963463,13.548377727406557,0.9996236734580981,0.10193548387096774,0.10333333333333335,0.9864724245577522,0.25311827956989247,0.07322580645161289,3.4566813509544794,0.2063440860215054,0.026021505376344085,7.929752066115704,0.030324244073741718,0.033250191612059596,0.03783818543099506,0.0658846804890204,0.03712890502396511,0.04278470471962837,0.04996697401947504,0.08279941366028454,-2.574054511918223,-2.566287432648051,-2.554108365451509,-2.4796574918410395,-1.8149817545198106,-1.8043207498345437,-1.790782397916737,-1.7288942809970724,0.6804761609151444,7.7107107107107105,46953.90010680053,5.420420420420419,0.5066225165562914,0.9121653013537118,0.9178906998637945,0.976341551654967,0.13594407207393436,-0.07044594699790008
12,2.0,11.0,3,7.5917552626152345,65.93559810416095,6,0.42614882258784104,139863118.69761142,3253311.140037752,23719717.51752575,7.290946514648612,0.7676290797454446,0.670519625505505,15.426838987880663,0.9914864870747387,0.11161290322580646,0.07989247311827957,1.3970390309555856,0.3111827956989247,0.09301075268817205,3.3456647398843926,0.27817204301075266,0.05548387096774193,5.013565891472868,0.05376799863268567,0.07081737093140478,0.10878057234162582,0.16184791549237074,0.06307374760841249,0.07439673982551452,0.10900897639237045,0.17346189541181337,-2.6047478315173342,-2.557815033366724,-2.453311522168794,-2.3072299620476504,-2.017787679607431,-1.9934022019525575,-1.9188604284351791,-1.7800530190150703,0.7118443136420054,7.798798798798798,95494.85639791966,5.618618618618619,0.47019867549668876,0.9375118283709397,0.9203740470531653,0.9733453800018593,0.15708578054711445,-0.14544486859134798
12,2.0,12.0,3,14.70241550863326,234.42705405202153,4,0.42570588250804386,333866666.96899307,3133423.114471153,74521326.05651347,23.782720473449658,0.7576877155121764,0.7960414790601061,225.27398065731188,0.9994961928897336,0.1309677419354839,0.10666666666666666,1.2278225806451617,0.2887096774193548,0.0764516129032258,3.776371308016878,0.24451612903225808,0.042258064516129026,5.786259541984734,0.03329538400122185,0.03842752218056485,0.0525287657666702,0.08499772097435525,0.04146907636487106,0.05219248346150604,0.06656473812605386,0.10715416280219091,-2.811090278044963,-2.7961664807414515,-2.7551613297395714,-2.6607445215315133,-1.9444718285681724,-1.9227183697161636,-1.8935628739265893,-1.8112233365424188,0.7023119907447346,7.732732732732731,68703.11166076132,5.442442442442441,0.5231788079470199,0.9249750126060368,0.9154586826275402,0.980668115776196,0.14916944216763856,-0.08086281105722695
12,2.0,13.0,3,9.574379596297897,104.1780376210938,6,0.4880625639890599,248224749.77409798,5057642.419028737,34059732.51139719,6.734310117150983,0.861658921346461,0.7526546769034188,4.588530145498077,0.9964218737133171,0.10193548387096774,0.0964516129032258,1.0568561872909699,0.2858064516129032,0.1096774193548387,2.6058823529411765,0.2635483870967742,0.05580645161290323,4.722543352601156,0.06312712445400467,0.08313166227077318,0.11781789359650512,0.1782350356420339,0.08238453354065631,0.08982339613119085,0.12279758047691479,0.19474189672979614,-2.7127891894753806,-2.6548644748782646,-2.5544277605489594,-2.379485167932441,-2.179378741059839,-2.161711101857951,-2.0833959044865002,-1.912524859792135,0.7496482892718099,8.26126126126126,143270.29534098294,5.75075075075075,0.5132450331125827,0.9673375822122698,0.937373458035609,0.9856304583950259,0.15129503497845706,-0.1113210921734782
12,2.0,14.0,3,10.402050490975332,131.5353586762656,5,0.4339790341585601,174271684.49792308,1215281.6477212962,29100733.11577896,23.945669853851616,0.8917420506382823,0.8165590839817825,95.70608910570947,0.999449210767574,0.10516129032258063,0.15,0.7010752688172043,0.2789247311827957,0.13322580645161292,2.0936238902340594,0.2478494623655914,0.03924731182795699,6.315068493150686,0.03984184540349592,0.042954520145926746,0.0489029351763811,0.06395176929424268,0.05167349558866947,0.05378099686873602,0.06047502969800958,0.08153556019315483,-2.1614083206360113,-2.154401390521929,-2.1410109363765666,-2.1071345639034442,-1.5152068560018432,-1.5118395554215733,-1.5011440361146309,-1.4674941696932673,0.7716199426387044,7.776776776776775,54668.57299720169,5.2222222222222205,0.47019867549668876,0.9412023124824803,0.9266649963424829,0.981478018164044,0.160698330520253,-0.10237895120802573
12,2.0,15.0,3,14.636143952653391,232.42257324555058,4,0.36132318472459346,557465974.9025812,52558376.44740351,90173013.39510135,1.715673494696697,0.8534510739234347,0.5890453873012473,4.702630786741658,0.9990519630664315,0.10193548387096774,0.12333333333333334,0.8265039232781167,0.25311827956989247,0.08,3.163978494623656,0.27559139784946235,0.04548387096774194,6.0591016548463354,0.012125021578834593,0.014011633400674739,0.019202999131899608,0.033086686151228985,0.016543925926724285,0.019191397397287292,0.025598733216227458,0.0444991158614493,-2.5612007749771437,-2.556309476213913,-2.542850151679494,-2.5068547972771813,-1.797884071944315,-1.7930441539110287,-1.7813307207276239,-1.7467783926599798,0.7038886335890432,8.283283283283284,30522.77778942597,5.398398398398399,0.5066225165562914,0.9114126765767036,0.9280156121172212,0.980347924098618,0.13228406801230416,-0.09660064298345067
12,2.0,16.0,3,15.46320947247996,252.09154923193432,4,0.3997656259108989,581596076.501078,42793160.165462,66971297.74430606,1.565000048731106,0.8909197636867895,0.7000613575945085,3.8042110295862703,0.9998944837019323,0.11483870967741935,0.09333333333333334,1.2304147465437787,0.2886021505376344,0.04333333333333333,6.6600496277915635,0.33333333333333337,0.05204301075268817,6.4049586776859515,0.008979246171056741,0.010898413359788368,0.015149868720401662,0.029045922991771254,0.014687165810136151,0.018701502238118582,0.02532039157479835,0.04886312189059356,-2.121030681356122,-2.1169231866601486,-2.1078240157039034,-2.078083006400629,-1.1783766909110776,-1.1735757786403072,-1.1656599729759303,-1.1375042404188194,0.6784833044192695,7.688688688688688,16188.596901781992,5.178178178178179,0.5132450331125827,0.9767737391110125,0.9555792380752116,0.9905932615107366,0.13261033535827968,-0.0859006585786566
12,2.0,17.0,3,14.76015610609023,236.4506168342292,3,0.388203192378168,271073397.8225654,8333765.897701145,39020195.623342924,4.682180433470848,0.8365531670386406,0.7193947187213665,28.37574728302082,0.9993014974804998,0.10193548387096774,0.10333333333333335,0.9864724245577522,0.25311827956989247,0.04,6.327956989247312,0.3113978494623656,0.048709677419354835,6.3929359823399565,0.014977433799192318,0.016845356359906635,0.016861236769920157,0.028106089604328383,0.02184552578651323,0.02363700780096102,0.02427564210198018,0.0405988358282646,-2.144075235385145,-2.1400093726917735,-2.1399748061802986,-2.115498401968773,-1.3608767329597529,-1.3583842982214278,-1.3574957856356975,-1.3347858199448932,0.6524433093379943,7.798798798798798,28278.179796253382,5.442442442442441,0.5066225165562914,0.964883317407294,0.9532782979329439,0.9912717622117501,0.12173325437739226,-0.09879586085501696
12,2.0,18.0,3,15.71154264508901,259.29378047388843,3,0.3336243081805552,329485211.44258094,3960638.0752082276,47063654.315338865,11.882846506459575,0.8416851330554251,0.6438629927038757,12.485842373578482,0.9995816496967038,0.11483870967741935,0.09666666666666665,1.1879866518353728,0.28537634408602147,0.08655913978494623,3.296894409937888,0.2478494623655914,0.06548387096774193,3.784893267651889,0.042793050216638796,0.03328135344472311,0.03888834367048209,0.06690013396740688,0.06133018705051481,0.03705557096178652,0.049207949321153924,0.0892329606613801,-2.121698594562926,-2.142781761246421,-2.1303535780991782,-2.068263999541869,-1.3664239987520206,-1.4017606182177147,-1.3840703705895554,-1.3258058612902135,0.7082185468529434,7.534534534534535,70444.62277299051,5.288288288288289,0.5132450331125827,0.9683427198343866,0.94423020472696,0.9906536021834061,0.14823812585000204,-0.08418725565012299
12,2.0,19.0,3,8.689121095404872,89.88778911253692,5,0.4471294645444208,122904411.47239703,495688.4222509349,15944437.216470107,32.166248999857565,0.9008589614202895,0.830671875814021,10.810880103224472,0.9990420100701243,0.10838709677419356,0.1,1.0838709677419356,0.2724731182795699,0.07333333333333333,3.7155425219941347,0.2865591397849462,0.05559139784946236,5.1547388781431325,0.020081764701497962,0.021811191665071228,0.023316092724026218,0.040752242918453606,0.02647404783011108,0.026599846230067913,0.03078001716022143,0.051173681440929486,-1.9023187214262272,-1.898961378770855,-1.8960399090448914,-1.8621910492628762,-1.3244875449758635,-1.3243163955436894,-1.318629249432671,-1.2908835542347032,0.6824505161183574,7.688688688688688,20860.24089248505,5.0240240240240235,0.5066225165562914,0.9540339648860962,0.9409636910487559,0.988092676767627,0.14900225813740878,-0.1210840059317239
12,3.0,0.0,3,5.675624453076363,37.1008049692021,5,0.6144342303221324,396295126.52337515,11143956.835197998,71071535.20025072,6.3775852914085664,0.8344506466295384,0.7878812531803017,46.8274259413365,0.987453480716628,0.10193548387096774,0.1232258064516129,0.8272251308900523,0.24989247311827958,0.056666666666666664,4.409867172675522,0.22935483870967746,0.04569892473118279,5.018823529411766,0.01997823627802197,0.026273204401555728,0.03789768425265179,0.0666167837304799,0.02612627794916103,0.03237340320719963,0.04468256064778181,0.07875285700704693,-3.7879768125867423,-3.763645523047459,-3.7187146227712224,-3.6077096564251416,-2.986904932126509,-2.9677447794061407,-2.929992160933006,-2.82549736460541,0.6659413139940629,8.349349349349348,123052.40043592616,5.728728728728729,0.49337748344370863,0.9206643247926313,0.9113281858626205,0.9708350662016897,0.1579200489066499,-0.15676600313135525
12,3.0,1.0,3,8.110483700898227,73.13390731280737,6,0.5153176828271717,189375919.7577276,619267.526930346,31639699.10752504,51.09213341826627,0.8447444761743965,0.7144942132467924,39.58344804339997,0.9982630690645837,0.10193548387096774,0.10333333333333332,0.9864724245577524,0.25311827956989247,0.03333333333333333,7.593548387096774,0.24526881720430108,0.05172043010752688,4.742203742203742,0.018390119161654627,0.016516559236279864,0.019444968529689292,0.035086518803935395,0.018217508424946596,0.01886439897821955,0.022919632434222657,0.04173663425267759,-2.372429242713203,-2.3769574045030364,-2.3698798027205603,-2.3320761171664808,-1.7771202505023111,-1.7759493167038933,-1.7686089561280838,-1.7345483823530639,0.6271105487407507,8.019019019019018,21945.290862033115,5.288288288288289,0.5198675496688742,0.9475452228108643,0.9326936474594091,0.9845773838947921,0.1573002755656866,-0.13765487714260344
12,3.0,2.0,3,14.621977776029773,225.2819570919934,4,0.21819855104432095,1153712950.8865795,5283377.009601554,156480976.90694946,29.617605675796828,0.7253259987955583,0.6608730097013157,44.06247811948464,0.9979517094183145,0.10193548387096774,0.09333333333333334,1.0921658986175113,0.2565591397849462,0.06989247311827958,3.67076923076923,0.18903225806451612,0.058064516129032254,3.2555555555555555,0.014782022194803695,0.014106810943208828,0.01964818408854286,0.039967505223211984,0.013014933571160755,0.014996137403480214,0.021132017213196807,0.037649176733122805,-3.210723232760864,-3.212923676217394,-3.1948649157197866,-3.1286463550451757,-2.9929574018651666,-2.9869495514161226,-2.968342960984219,-2.9182559267175114,0.6555977160206767,7.8208208208208205,26880.010215376074,5.684684684684684,0.46688741721854304,0.9621039081304195,0.9364051607430214,0.9866884245601916,0.1438117488571943,-0.07603399378666847
12,3.0,3.0,3,11.537998175204793,143.38468563714224,4,0.44555254167422187,535915761.20374817,22586356.179382965,111544629.60434067,4.938584547168332,0.8358373993766844,0.8121058244540487,4.177114194530584,0.9993440847629288,0.10516129032258063,0.09,1.168458781362007,0.2789247311827957,0.049892473118279566,5.5905172413793105,0.30236559139784946,0.05526881720430107,5.470817120622569,0.012558592529452276,0.01738027049531986,0.021740247499230796,0.043899865711220655,0.015855994390840667,0.020390423428101996,0.02554419732272395,0.054265783416632046,-2.423106804825682,-2.411274770437231,-2.4005757154177307,-2.346197682173856,-1.9036726400263848,-1.8949014963246738,-1.8849323268737037,-1.8293749111769106,0.6435818070849799,8.503503503503504,23086.779941871722,5.420420420420419,0.5364238410596026,0.9356516002782672,0.9338605884750919,0.9792373468372074,0.1320005201925152,-0.10644454505906434
12,3.0,4.0,3,16.26644269426687,272.4501016354839,3,0.2316960742065588,762383318.7312477,3642096.508714313,121852430.27685876,33.45667254706372,0.7200301254646678,0.5637063558775168,7.997518062815598,0.9993670546844177,0.10193548387096774,0.07666666666666666,1.329593267882188,0.26924731182795697,0.06655913978494624,4.045234248788368,0.31752688172043014,0.049032258064516124,6.475877192982457,0.013732335520546526,0.021046799263745877,0.030328280895563095,0.05581779230621068,0.0206728798557938,0.02920378091687468,0.04114000060874004,0.07957064131051202,-2.6319996179445444,-2.612479900862741,-2.58771090864216,-2.519688416664968,-1.8040391006969898,-1.7883241482956909,-1.7663361867701655,-1.695542294653071,0.6707769663572881,8.393393393393394,34636.94177371734,5.442442442442441,0.4966887417218543,0.943638407237217,0.9262961146798858,0.9820873986759596,0.15102342113566802,-0.0777710054340552
12,3.0,5.0,3,13.641671366388055,203.04935863652597,4,0.3763892531898909,279513543.42420924,8924945.515453195,31140152.629038766,3.48911403157821,0.8542978289901946,0.6191711994508327,6.802329648013548,0.9993240587697572,0.11483870967741935,0.09655913978494624,1.1893095768374164,0.23236559139784943,0.06322580645161291,3.67517006802721,0.24516129032258066,0.06795698924731182,3.6075949367088613,0.053510647253496205,0.05585377232880317,0.07952629034861854,0.13221779354592178,0.05267697073296804,0.05676661998915362,0.07376477603684616,0.12327835794676,-2.920001815131123,-2.9127730708741253,-2.8397412978425502,-2.6771834364871667,-2.597691776759851,-2.5864773885159114,-2.5398660755624656,-2.4040929331478598,0.6905485440235833,7.952952952952953,100462.0421346811,5.618618618618619,0.5132450331125827,0.9465999794901948,0.9144768398352978,0.975397049187412,0.18088180290314532,-0.07894825817975874
12,3.0,6.0,3,15.692613705223865,257.79393664411987,5,0.28671434260351314,677035779.5911484,29099800.243219912,134865268.30608195,4.634577116642056,0.8187812538034371,0.6028691462836127,22.836884446662417,0.9967669674263201,0.10193548387096774,0.08333333333333333,1.2232258064516128,0.2564516129032258,0.08989247311827957,2.8528708133971294,0.17139784946236558,0.042365591397849456,4.0456852791878175,0.028200684702419383,0.03107049493350258,0.039756941407537966,0.05953197293590758,0.031203914330003,0.03292832548685479,0.04350866213352712,0.06481543150321833,-2.477938687624128,-2.470621113217767,-2.4484720116109218,-2.3980487247225906,-2.0709715450563997,-2.0672853137734277,-2.0446679885628054,-1.9991210321553656,0.6712390790494652,8.019019019019018,23687.211883238113,5.442442442442441,0.5298013245033113,0.9544046489416815,0.9271470313975158,0.9812823808896594,0.15504597135168044,-0.07550731721039265
12,3.0,7.0,3,9.125762420941472,95.87738959502505,4,0.4258419028064272,174901625.67741776,2744304.220418995,26517129.483831737,9.662605656665555,0.7553241820403003,0.5157224389258396,9.71019382425365,0.9926078598881893,0.11161290322580646,0.13,0.858560794044665,0.2918279569892473,0.06978494623655913,4.181818181818182,0.30010752688172043,0.03881720430107527,7.731301939058172,0.024605486136450083,0.031028283688170965,0.036476414480014416,0.05293153639810937,0.029657085787420736,0.03746397119809345,0.04264341792926512,0.05949221778841185,-2.657923382789471,-2.6404214350616515,-2.6255754276069063,-2.58073567026655,-2.047514668164217,-2.0310414068491682,-2.0201122878751248,-1.9845597380009798,0.6987717555572619,7.864864864864863,42425.56430717769,5.5305305305305295,0.5165562913907285,0.9579977977072964,0.9355640265891721,0.988709565421054,0.15540888512914314,-0.14832943610456764
12,3.0,8.0,3,13.364479665977626,200.1697510980433,6,0.31594711121346963,618841805.1957595,220073.83767348353,92232134.91265765,419.0963173437249,0.7653011367010499,0.5772587295241961,13.359150898636754,0.9963871186468256,0.10193548387096774,0.1,1.0193548387096774,0.2564516129032258,0.09333333333333334,2.7476958525345623,0.24193548387096775,0.0453763440860215,5.33175355450237,0.06531410903862114,0.062385307876869626,0.06634523711479336,0.09814794853569406,0.08060304379802874,0.06857255221265118,0.0737931503043138,0.11068415480543983,-3.2751986019720105,-3.285461306869114,-3.2715854638405903,-3.16014674737776,-2.5910186574118526,-2.6249226506166137,-2.6102101078274518,-2.506244915960878,0.6696510422808806,8.459459459459458,139728.4095082956,5.728728728728729,0.49337748344370863,0.920573120864201,0.9179243774639766,0.9706256774122543,0.14750331032518035,-0.10541209525119015
12,3.0,9.0,3,10.367189746067881,111.46127858995303,5,0.4984920123913269,1210693891.2492557,127341718.15434103,250130255.19290787,1.964244387607087,0.9232740874453704,0.8602368728943872,12.664038427166894,0.9997398090931646,0.10516129032258063,0.12666666666666665,0.8302207130730052,0.2595698924731183,0.08,3.2446236559139785,0.3338709677419355,0.0389247311827957,8.577348066298342,0.014888114548089495,0.016628412150249693,0.021657515073295955,0.03549526297467279,0.018728675675296992,0.022939180671954745,0.030162957748132387,0.0502449979178867,-2.2773396628671723,-2.2733165170569136,-2.26169045130293,-2.229700935588067,-1.5508299465113762,-1.5441755410713247,-1.5327588721654355,-1.5010206275940554,0.660747366805127,8.767767767767767,38333.951017666055,5.2222222222222205,0.543046357615894,0.915553431566771,0.9140565747895192,0.9791614056811115,0.1570907537410036,-0.06888860348582809
12,3.0,10.0,3,9.825443503950085,112.79487973318577,5,0.4669711293751333,308204340.3528447,7999476.673151069,52058437.98282779,6.507730456612667,0.851228480355118,0.7069823619294885,5.241295525636496,0.9939075192260483,0.11161290322580646,0.13,0.858560794044665,0.2725806451612903,0.07333333333333333,3.7170087976539588,0.22408602150537632,0.061935483870967735,3.618055555555556,0.056482619892167484,0.042382148320072935,0.038662824180909876,0.05678558262286106,0.06772319479798318,0.051377904193526655,0.04886823777022507,0.07260847476942417,-2.4881804204704694,-2.525365233410615,-2.5351735842640895,-2.487381467583605,-1.71979003058334,-1.7499425214226252,-1.7545721542428352,-1.710778055014912,0.6956024132413038,8.15115115115115,49396.21743878326,5.354354354354354,0.5231788079470199,0.9324062544978832,0.9254404103314273,0.9788222821020927,0.15708145780384922,-0.09448545031132313
12,3.0,11.0,3,9.833944834140988,100.97098622434729,5,0.5063249169722182,366417614.86480206,2854841.815862315,51935302.30624634,18.19200700286755,0.9229424515384151,0.6504522225469432,3.0822722327194,0.9990767912829492,0.10516129032258063,0.11333333333333333,0.9278937381404174,0.26602150537634406,0.12666666666666665,2.100169779286927,0.2121505376344086,0.04924731182795699,4.307860262008734,0.032317187711805855,0.03833360932961763,0.04822003784118733,0.07402179487817147,0.03695247927439829,0.04428686570898318,0.05535111604508258,0.09530795599243808,-2.4499744052628194,-2.4347420597176357,-2.4097116504706926,-2.344386893692234,-1.7669730958295236,-1.753516165381726,-1.7332157832628037,-1.6599040726131065,0.6834592718679812,8.239239239239238,46953.90010680053,5.244244244244244,0.48344370860927155,0.9670175432433924,0.9364352437870422,0.9854338949129198,0.1572406868234392,-0.1014677575411544
12,3.0,12.0,3,12.480182477703295,175.2870334490889,5,0.36901546845446076,412686372.6161214,1235967.9350698278,75058678.29538696,60.728661452812204,0.7220517940138743,0.5261262633957511,44.34596513395076,0.9968124456240962,0.10193548387096774,0.13655913978494622,0.7464566929133859,0.2724731182795699,0.1032258064516129,2.6395833333333334,0.31032258064516133,0.03903225806451612,7.950413223140498,0.04356406151955149,0.057076432843772035,0.07297863285520545,0.09908928111949994,0.057116643287858294,0.07245368559811209,0.0927048051841021,0.12781206997309486,-2.550087070385629,-2.5140598551610633,-2.47166078481217,-2.4020435487179768,-1.7694358382150221,-1.740654004149551,-1.7026503035811376,-1.6367672311341253,0.7210827955267449,8.327327327327327,66961.60054853215,5.420420420420419,0.4867549668874172,0.9496545771768502,0.923042905612637,0.9804124035114303,0.16476023107888305,-0.09814571187301152
12,3.0,13.0,3,14.857776907639973,237.97863424483322,3,0.3078391285945028,531809353.6046086,16612094.207534349,101702904.27812593,6.122220534482581,0.6380269366503726,0.6295152900147477,19.420817953168118,0.9952898689574297,0.10193548387096774,0.08666666666666667,1.1761786600496278,0.2629032258064516,0.07989247311827957,3.2907133243606994,0.16870967741935483,0.046021505376344085,3.6658878504672896,0.036590572299501696,0.038812532573985974,0.04590494869073627,0.09348579367464127,0.0457394798651579,0.04821608843429456,0.059363430631868774,0.11084574214079224,-2.8676149761257244,-2.8610012495249,-2.839890475550171,-2.69826476613789,-2.094255584617975,-2.0888203274556076,-2.0643559561876663,-1.9513709629791345,0.7061345941189303,7.974974974974973,100462.0421346811,5.728728728728729,0.5198675496688742,0.9368821190826153,0.924577019878023,0.9783846011646985,0.15375376335462232,-0.07935763288514316
12,3.0,14.0,3,10.109810770146563,123.57352355750155,5,0.412041265254518,192523872.9682807,1362381.3549441565,30374958.581321534,22.295489050176112,0.7870195172780351,0.5883118477061038,7.169460292477671,0.991210754625372,0.10193548387096774,0.10655913978494624,0.9566094853683147,0.25311827956989247,0.09333333333333334,2.7119815668202762,0.21526881720430108,0.04268817204301075,5.0428211586901766,0.04139117543987316,0.05762213925015644,0.061686598848300356,0.09451199716108366,0.052687748664655545,0.06449637048746908,0.07256135150799821,0.11689635778784661,-2.9579302682928397,-2.9078472126105255,-2.8953057173086023,-2.7940180630011175,-2.2153657066200885,-2.187750297031718,-2.16888969182764,-2.065208722456968,0.7325935350245185,8.085085085085083,86285.12566366886,5.442442442442441,0.5298013245033113,0.892016145121489,0.911425595859834,0.9728466229984039,0.1629949613636436,-0.12987674123622667
12,3.0,15.0,3,12.674732380454971,184.63857327000338,4,0.36194152467657614,194201824.7624438,2880218.769629295,23899289.728546947,8.297734179276583,0.7531708021954235,0.6583159253324031,17.05758467482893,0.9986239022435222,0.10516129032258063,0.09666666666666666,1.0878754171301446,0.2756989247311828,0.03,9.189964157706093,0.26215053763440865,0.04526881720430108,5.790973871733968,0.029316463540076595,0.03221615945526633,0.03558825826634858,0.05803982961995892,0.030890804063667766,0.03168701146647649,0.03523911516867009,0.05683781337837735,-2.663744407586424,-2.655787078047327,-2.646533383086549,-2.5849219047948533,-2.290274148637545,-2.2883924894403638,-2.2799978819838187,-2.228954160222286,0.6754628579521218,7.622622622622621,31296.480106707506,5.398398398398399,0.5629139072847682,0.9409791458495341,0.9193818618572538,0.9816667155963804,0.1637273315126536,-0.09842871444358402
12,3.0,16.0,3,16.671901467760772,282.8038631884997,2,0.38003067464450935,355427637.4052938,9692592.961709606,121097065.03941785,12.493773907334123,0.909227648306443,0.7178621829486134,13.166118188556931,0.9997722868027629,0.10193548387096774,0.11000000000000001,0.9266862170087975,0.25311827956989247,0.03989247311827957,6.345013477088949,0.20473118279569893,0.05849462365591398,3.5,0.03346540508361849,0.0397518676488023,0.04868255154148035,0.06558599315414616,0.0407071861096126,0.05276535377302249,0.06445971552330501,0.08927117423499983,-2.29732063349684,-2.2823785711654327,-2.2611515561306916,-2.2209743856516093,-1.5613147090471546,-1.541689215908425,-1.5226558417923537,-1.4822734946314462,0.6964301612505021,7.446446446446445,46953.90010680053,5.574574574574574,0.49337748344370863,0.9854598368835961,0.9424740942818978,0.9906705435227016,0.15913760618343414,-0.078512055942393
12,3.0,17.0,3,15.85024422997146,262.9972920093333,3,0.3030903505393797,476294602.30003387,16230007.20848321,91324769.73755287,5.626908760078592,0.7776417785282281,0.5991615717868806,55.82381362024418,0.9963009323165961,0.10193548387096774,0.1,1.0193548387096774,0.2532258064516129,0.06301075268817205,4.01877133105802,0.24913978494623654,0.02924731182795699,8.518382352941176,0.02903244500186609,0.033020468348649516,0.047935826272596634,0.06744383017147801,0.039059339954747474,0.039467326444597245,0.054177040986374075,0.08005582490956442,-3.3878479766215053,-3.3739331792046694,-3.3218913113759068,-3.253825029246761,-2.427283636396553,-2.426253084800748,-2.389097149072482,-2.3237287539588394,0.6632803154825995,8.15115115115115,36438.58983763541,5.6406406406406395,0.5397350993377483,0.9423563596068847,0.9236525316522597,0.9815099178582425,0.15916702560883178,-0.08089637113948173
12,3.0,18.0,3,11.356520774405343,137.58026635117216,3,0.34175466732975357,599232667.6150047,3020297.1999263014,167596741.0129705,55.49014878968204,0.726743521839296,0.6418292609281167,9.05146787590053,0.9931156592368868,0.10193548387096774,0.09989247311827956,1.0204520990312165,0.24989247311827958,0.11333333333333333,2.204933586337761,0.22612903225806452,0.05602150537634408,4.036468330134357,0.10289528105197641,0.08830902189352378,0.08916552651367649,0.14449386940395464,0.1466790276685033,0.10867439803653815,0.10829198322291064,0.18695458285377622,-3.2658999237195228,-3.3190010407538915,-3.3158829450460656,-3.1144607175085954,-2.1107895280437345,-2.2047984377569825,-2.2057443856595262,-2.0111632175723733,0.7063679631706173,8.547547547547547,194217.46814890284,5.6406406406406395,0.5397350993377483,0.9401754793476609,0.9228618981734807,0.9738337548812845,0.1524901756516427,-0.1034397190499796
12,3.0,19.0,3,15.012204276987672,241.44737449020673,3,0.3161520725827147,475784416.3093272,2650592.1204461483,111293142.81129147,41.98803050563607,0.8217725932832659,0.7451966547855475,106.50213748001026,0.9991930892125495,0.10193548387096774,0.13322580645161292,0.7651331719128328,0.25311827956989247,0.0732258064516129,3.4566813509544785,0.26569892473118284,0.05193548387096773,5.115942028985509,0.02796407962900641,0.03530291174671345,0.03951550070886613,0.05860152187982116,0.035185920125451416,0.04628228815872835,0.05408820955479691,0.07547970846681819,-2.6237221263044126,-2.6039131297386144,-2.5925424976072344,-2.5410254548726035,-1.7850583547577639,-1.7645283222069914,-1.7500861353698691,-1.710508485488702,0.6935200358092161,8.283283283283284,63650.790812955776,5.442442442442441,0.5397350993377483,0.9178248549159427,0.9232591087579506,0.9812894549630673,0.14648788176428307,-0.08636061765966847
12,4.0,0.0,3,11.45133984099615,149.77461069986916,4,0.4500541321192775,119135545.23854001,3054940.695472082,14819055.698941777,4.850848895661386,0.8659595234057013,0.8267991450588196,19.39809343717175,0.9997083157358069,0.10193548387096774,0.11322580645161291,0.9002849002849002,0.25311827956989247,0.06978494623655913,3.6271186440677967,0.2558064516129032,0.042365591397849456,6.038071065989849,0.008187388076971789,0.009615634443045747,0.015883684060339284,0.027605707776689227,0.011631565528306102,0.015362359086411028,0.02202353478066869,0.03909006675902065,-2.2815421850897986,-2.278256681058366,-2.2638378085332795,-2.236872743477673,-1.3594057900840335,-1.3542744421093211,-1.345112635143702,-1.3216392606622243,0.6538679431231772,7.1821821821821805,20860.24089248505,5.0240240240240235,0.5695364238410596,0.9647667834601473,0.9410090943063867,0.9884677470412533,0.1410188989371903,-0.13245967183900959
12,4.0,1.0,3,11.443393289941202,137.656921941233,4,0.4836261495682497,242347511.0262329,23982210.937002633,40371023.89178276,1.6833737305468155,0.9313877023585857,0.698000331494115,4.721314991645545,0.9993116001218759,0.10193548387096774,0.10666666666666666,0.9556451612903226,0.2563440860215054,0.043225806451612905,5.930348258706467,0.26688172043010755,0.03225806451612903,8.273333333333333,0.022180992457414565,0.02486601955697265,0.03183885966861074,0.05334940573581108,0.0236696001556511,0.027024818950871436,0.033837004685714406,0.05472738691054405,-2.2952111388035257,-2.2889086389959354,-2.2725414583931074,-2.222050268761539,-1.8653746506514994,-1.8589641772205878,-1.845948830584519,-1.8060357136203946,0.6647614198921932,7.2042042042042045,66961.60054853215,5.420420420420419,0.5231788079470199,0.9198969836272752,0.9295840382192457,0.980612884728719,0.14270981620123063,-0.07200132528875965
12,4.0,2.0,3,14.892463533418681,237.46395435309086,3,0.38581486182550884,532437289.27903837,9339472.215092584,102322762.52745327,10.955946992604114,0.8711113410802778,0.5600651440005071,32.36968645622561,0.9983508784735847,0.10516129032258063,0.12,0.8763440860215053,0.25311827956989247,0.06999999999999999,3.6159754224270357,0.21193548387096772,0.07451612903225807,2.8441558441558437,0.013824204121292113,0.015620555988198576,0.019975638843629597,0.03363616356210209,0.018169500359207315,0.020469083199430044,0.02667241573947729,0.04370208263896637,-2.676025839147861,-2.671151369472036,-2.6593336851388094,-2.622265327473046,-1.974845701440444,-1.9702203396404372,-1.957743008160309,-1.9234896777883939,0.6997722706924461,8.085085085085083,36438.58983763541,5.5305305305305295,0.5132450331125827,0.953445276007481,0.9474042903290314,0.9932903591370319,0.1322716545537795,-0.09285593681126662
12,4.0,3.0,3,8.052462537260825,81.2815380036219,5,0.5379693490237292,111225345.30541773,871441.1297061137,20272608.040281452,23.263313319992392,0.7448369809866412,0.7897952641131712,8.007045162287122,0.9888656471477155,0.10193548387096774,0.06999999999999999,1.4562211981566822,0.28612903225806446,0.043225806451612905,6.619402985074625,0.1881720430107527,0.06494623655913978,2.8973509933774837,0.016528260151750573,0.026081533548128585,0.03232884160003121,0.053924429857288646,0.018580624445889454,0.024788702622724406,0.03033081893590276,0.05585960031332943,-3.0519422934898675,-3.022296256966056,-3.0029094023249625,-2.935893252816399,-2.820930024418035,-2.803085915610747,-2.7871560056292624,-2.7137776847318102,0.6646263299638684,7.754754754754755,57512.170718416135,5.6406406406406395,0.5165562913907285,0.9549022597677849,0.9336865289030815,0.9828216680838813,0.14562535784596897,-0.1359920206966967
12,4.0,4.0,3,6.813769922175677,55.46265372042382,6,0.4766522562182549,78572369.11206637,55401.85272963222,14076121.714426734,254.07312248418694,0.7167619647270413,0.7072740752254106,9.288867926924677,0.9959996960886236,0.10193548387096774,0.07322580645161289,1.392070484581498,0.26924731182795697,0.06333333333333332,4.251273344651953,0.2739784946236559,0.029139784946236556,9.402214022140223,0.022549152102208214,0.02036237930592894,0.021646972066483278,0.042320446936897446,0.01873322339852576,0.01833890087266394,0.02332347015443337,0.04812203487099013,-2.4016541337609585,-2.407027162938922,-2.4038708430889573,-2.353074901289411,-2.019739079366545,-2.0205507124864557,-2.010290985353873,-1.9592481584034893,0.6215149828156126,7.512512512512511,36438.58983763541,5.266266266266266,0.5,0.941154462698548,0.9288883221606126,0.9809310905467787,0.14381567163207912,-0.16805755819594967
12,4.0,5.0,3,5.569611361212234,35.84886127958237,6,0.5522206136477463,130849128.81828716,1347612.9469554666,22618120.509428665,16.78384031596582,0.6964544456238261,0.7226305965401896,61.5910604488945,0.9871729215561694,0.10193548387096774,0.08989247311827957,1.1339712918660287,0.2598924731182796,0.05634408602150538,4.612595419847328,0.1853763440860215,0.06784946236559139,2.7321711568938194,0.05647609760484456,0.05582645215672614,0.07321867111243502,0.11514553464319666,0.045695018321517504,0.05117761656624017,0.0637904358357494,0.10617447498673371,-3.4351508297903988,-3.4375160375975446,-3.374195018144899,-3.221549070668005,-3.3869294494710425,-3.3674711276439795,-3.322706896245312,-3.17228145244692,0.6809111799241077,7.930930930930931,116968.27039703871,5.97097097097097,0.49337748344370863,0.9516193331616747,0.9218075526098162,0.9746145411049394,0.15737029140687664,-0.1804125258597759
12,4.0,6.0,3,12.752152208780677,184.46344817834805,5,0.4461659126637447,157260869.38996124,7817362.649709871,38056920.88372748,4.868255777431523,0.8329486995778121,0.7233362329250346,10.87954044130583,0.9998457053369851,0.10193548387096774,0.17333333333333334,0.5880893300248139,0.24989247311827958,0.08666666666666667,2.8833746898263026,0.26559139784946234,0.025806451612903226,10.291666666666666,0.012819184448127368,0.014146029035154795,0.014885748360596482,0.021917405389561988,0.019101123093755244,0.02029316209417175,0.020701902655688803,0.02991929885183648,-1.9214615765012655,-1.9188789889430413,-1.9174391896288325,-1.9037526809493268,-1.2917007769325544,-1.2901310354034088,-1.2895927836903058,-1.277454817067884,0.6937722731118473,7.688688688688688,10523.533611303033,4.957957957957959,0.5099337748344371,0.9497814628500686,0.9273469226562715,0.9835872598113817,0.15216195483018402,-0.09561202756167293
12,4.0,7.0,3,7.862944551176953,65.66541271432132,5,0.5763278423160736,153547947.11923656,1728860.1774689811,31949481.464219756,18.480084092742075,0.8088411567843832,0.8906752181438311,15.549731951074744,0.9976391747987349,0.10193548387096774,0.1,1.0193548387096774,0.24989247311827958,0.06655913978494624,3.754442649434572,0.2627956989247312,0.048602150537634406,5.4070796460177,0.01262552520944707,0.01577163570878141,0.01690444953145028,0.02821569363935958,0.014810871611298942,0.018021718004262135,0.020585159353609023,0.03387939649173579,-2.6302531550693966,-2.6218722749896006,-2.618854587974942,-2.5887227218368185,-2.007790793178296,-2.0012471685682227,-1.9960229392382776,-1.9689296165867016,0.6607607370454914,7.930930930930931,38333.951017666055,5.178178178178179,0.5298013245033113,0.9536856972376497,0.931184187183906,0.9814918149263077,0.1484788082191509,-0.12995554642699267
12,4.0,8.0,3,8.384915487324376,81.50706016207721,6,0.6366572174024594,96375089.56309272,3643965.146772561,15673897.22717313,4.301330170804572,0.933572716200721,0.9380394930960146,73.1370860698307,0.9988839071141923,0.10193548387096774,0.11666666666666665,0.8737327188940093,0.2563440860215054,0.09333333333333334,2.7465437788018434,0.24193548387096775,0.035913978494623654,6.7365269461077855,0.02054994828129444,0.024260103772223086,0.027737773125344495,0.04053310961475124,0.020840338767266896,0.03025668282615328,0.03540073657272132,0.052660123745006206,-2.45535769119717,-2.44605679953434,-2.4373387212835467,-2.4052624272391583,-1.7314436733334841,-1.714792794021152,-1.7056965866635394,-1.6751768891022214,0.7022673942065283,7.556556556556555,19828.83949127067,5.09009009009009,0.5066225165562914,0.955647410454606,0.9284058633051525,0.9827551689344065,0.17170342676443046,-0.10838105863804881
12,4.0,9.0,3,8.170586120635726,72.21015728849004,5,0.70071355374766,160769140.36328802,887202.3768774711,42557064.393269986,47.96770782225645,0.8562018127757862,0.9633239456248297,8.295296797695132,0.9998871672649811,0.10193548387096774,0.1064516129032258,0.9575757575757575,0.24989247311827958,0.1,2.498924731182796,0.33322580645161287,0.03258064516129032,10.227722772277227,0.023576776697255466,0.02564783796348991,0.03639069528535186,0.0603545486500107,0.036866527950646766,0.0379399860988778,0.052175332803879294,0.0870202074351108,-2.1528022630442356,-2.1482360203797364,-2.1245503408484385,-2.0717152212778522,-1.3372460751040312,-1.335755650633105,-1.3159908287663047,-1.2676110629390833,0.7286510099069736,7.842842842842841,46953.90010680053,5.310310310310309,0.5596026490066225,0.9530495363696708,0.9385356341318708,0.985811408443922,0.15017504024621567,-0.10489241232272085
12,4.0,10.0,3,10.788808762269635,141.13844778229708,4,0.43561032837647584,112522156.17063467,1088797.5716869812,23868918.771123376,21.922274068026173,0.7201631581446983,0.6779791017233563,55.73094125253299,0.9965800811853269,0.10516129032258063,0.11666666666666667,0.9013824884792626,0.2724731182795699,0.06322580645161291,4.309523809523809,0.3006451612903226,0.052258064516129035,5.753086419753086,0.035313954669203416,0.03153609789429361,0.035618173804858884,0.05318597756793846,0.05237612049856634,0.046384832771576054,0.05284777989844771,0.08123238792418572,-2.1152279400920566,-2.1235114933191745,-2.1145608911399507,-2.0760406808128926,-1.2640090193364732,-1.272000630658404,-1.2633798860396017,-1.2255184503677403,0.6994688910260499,7.688688688688688,31296.480106707506,5.332332332332331,0.5331125827814569,0.9377589059634599,0.933490699223638,0.9814337484157758,0.13100580933131187,-0.12127974525436842
12,4.0,11.0,3,15.901022643683001,264.40466163389357,3,0.3514197557416726,155891801.6399003,1458049.811409885,32014723.29817455,21.957221932779778,0.8828984211976392,0.6988897883647979,24.700384716185884,0.9998988246249207,0.10838709677419356,0.09655913978494624,1.1224944320712695,0.26924731182795697,0.10666666666666666,2.524193548387097,0.22763440860215053,0.04258064516129032,5.345959595959596,0.024356516341125456,0.039773776888058325,0.036184849051855504,0.0686945614956731,0.03025979899148565,0.0469723252905908,0.04620698279329764,0.0938313274843501,-1.9713057932857667,-1.9401549317858386,-1.9474064271872724,-1.8817199489275978,-1.2043330386168112,-1.1835775336270908,-1.184528022484198,-1.1253827259457432,0.7296874397087807,7.424424424424425,21945.290862033115,5.1121121121121105,0.5794701986754967,0.9340523590755625,0.9241789266138564,0.9866593066748013,0.15098867079155362,-0.08693615510811514
12,4.0,12.0,3,15.535839439623567,255.15720043110912,3,0.3786608760304898,231167463.88026422,925201.3445304665,55464652.30580829,59.94873724914033,0.9196040539552397,0.7720375295849053,19.137335066726934,0.9999218265982034,0.10193548387096774,0.11000000000000001,0.9266862170087975,0.28215053763440856,0.05989247311827957,4.710951526032315,0.26,0.04548387096774194,5.716312056737588,0.019617027345708422,0.029894330129958572,0.029379744853961276,0.04571575912196721,0.02676782906608988,0.035603202446186255,0.0370675344176797,0.0585987884952897,-2.1960782055661543,-2.1730568340347918,-2.1742095157327035,-2.1376165047355244,-1.464970843511419,-1.4516712786388795,-1.449467073201033,-1.417056862780567,0.6764922720506447,7.7107107107107105,15388.177500383432,5.156156156156156,0.5099337748344371,0.91825388644218,0.9195332976312858,0.980661306472591,0.15357282169810432,-0.08713947687816337
12,4.0,13.0,3,12.703545873810462,170.25875723053423,3,0.38137085902121004,231975820.7253067,6552574.391839041,33698918.67924959,5.142851750179318,0.8291716984910897,0.6767890648644315,15.102448533225811,0.9983976666741486,0.11161290322580646,0.07666666666666666,1.4558204768583451,0.2724731182795699,0.06989247311827958,3.8984615384615378,0.20462365591397852,0.03623655913978495,5.646884272997033,0.019597024237057323,0.02275905928983522,0.030559131138295725,0.05315190347626997,0.023786305643959366,0.03005675922187736,0.03880996883032505,0.07036617987177138,-2.0700497781669758,-2.063373370484242,-2.0469040844878106,-1.9992010842699603,-1.4676642974423828,-1.458237139333163,-1.4450773431690427,-1.397634939343066,0.695985609741077,7.446446446446445,34636.94177371734,5.398398398398399,0.5264900662251656,0.9732881952935314,0.9496992868128744,0.9908677447317004,0.12813297533676915,-0.0988801083949253
12,4.0,14.0,3,11.906044934941846,166.3869214224394,5,0.35120920928387533,130161622.58828405,2068547.870234957,26010810.453159794,12.574430027672188,0.779520820757322,0.7349264759202587,114.43128489145779,0.9990496333366259,0.10193548387096774,0.11333333333333333,0.8994307400379506,0.2627956989247312,0.059784946236559146,4.39568345323741,0.2248387096774193,0.03569892473118279,6.298192771084338,0.03536897158153352,0.03668685374139056,0.04108427401333255,0.06653559135130752,0.04031632195111423,0.04504552664454203,0.0486701302191919,0.07471501464189452,-2.6306528356493715,-2.6270588288853927,-2.6150665896072387,-2.545658102679415,-2.06753350858376,-2.0573449543796367,-2.049536142458237,-1.9934252879101972,0.7010239670999395,7.798798798798798,105687.59711848051,5.486486486486486,0.5066225165562914,0.9181103584564649,0.9056360226652337,0.9632527729231279,0.16150561295318744,-0.13561018443370404
12,4.0,15.0,3,10.858518025226255,132.94830693559703,6,0.4017770807338654,247386225.09693846,12773796.506821427,47317605.3384165,3.7042711079003086,0.8529442034697068,0.6624291589073881,10.863023207190386,0.9990803843754451,0.10193548387096774,0.13999999999999999,0.7281105990783411,0.25311827956989247,0.08,3.163978494623656,0.31483870967741934,0.035913978494623654,8.766467065868264,0.018678895933581068,0.024041298953532908,0.027366147572820618,0.02781193882092247,0.02982475887638716,0.03739120478831959,0.04210057349401165,0.04492266875846002,-1.9231196766628147,-1.9126108404428126,-1.90609505088608,-1.9052214225524426,-1.0879921217206674,-1.079506815981393,-1.0742255473683777,-1.0710607403476284,0.6902304156477101,8.063063063063062,16609.62359715521,5.0240240240240235,0.5165562913907285,0.9694336086212779,0.962783956766333,0.9941848831580546,0.14331081806145624,-0.11084169866506548
12,4.0,16.0,3,16.67636270452866,282.8605327855801,2,0.30729816078161154,410342635.50593203,9694344.66215398,127272950.03574489,13.128576966384255,0.8994269013457636,0.5547694147924134,21.235003427136817,0.9979853532080196,0.10193548387096774,0.08333333333333333,1.2232258064516128,0.2563440860215054,0.06989247311827958,3.6676923076923074,0.2389247311827957,0.041935483870967745,5.697435897435897,0.03349128133973828,0.030428798774646694,0.032638284680307626,0.05346059438560004,0.04945473572437869,0.037917299586648044,0.038101715313867,0.06348055206614726,-2.4132158912458963,-2.4208624147071505,-2.4153456858912783,-2.3633557475667613,-1.6444311956489446,-1.6643908131608471,-1.6640717763025252,-1.620166712090212,0.6690047104609527,7.952952952952953,19828.83949127067,5.09009009009009,0.5132450331125827,0.9649976977143252,0.9461079832183102,0.9842344462504213,0.13965794348329488,-0.07431038050562706
12,4.0,17.0,3,12.562501675851516,180.88725115579157,4,0.43657380080814745,156144910.46138528,982275.9454518593,31509867.86485623,32.07842766663831,0.835230169409405,0.7029231945167072,27.278820046127095,0.996959175784409,0.10193548387096774,0.14333333333333334,0.7111777944486121,0.2627956989247312,0.06322580645161291,4.156462585034014,0.2550537634408602,0.04935483870967742,5.167755991285404,0.033348850870183896,0.035077634502264504,0.05064311039176674,0.06691002464148711,0.05207630828770559,0.05433112117626893,0.0730875228807531,0.09746270198387107,-2.3240755234357864,-2.3199190873437674,-2.2824957195052384,-2.243385915225135,-1.3900757962420849,-1.3867692422980804,-1.359264053576718,-1.3235192496472956,0.7289411761571123,7.842842842842841,63650.790812955776,5.332332332332331,0.5,0.9579267120915245,0.9470560931875299,0.9906285264920527,0.1254239206946498,-0.11018175799055921
12,4.0,18.0,3,9.507050897263838,101.89976725039986,5,0.44299736331504835,270066115.45896494,16666175.550402356,60050978.931705266,3.6031649102757415,0.7529463959583824,0.5598775133065219,1.5488352584035352,0.9934161461473389,0.10516129032258063,0.11000000000000001,0.9560117302052784,0.2627956989247312,0.09333333333333334,2.815668202764977,0.2360215053763441,0.03903225806451612,6.046831955922866,0.02149330764128491,0.023723168952946933,0.03349934415976755,0.06111686131518561,0.027136388483960425,0.03438099173984166,0.04666061729427798,0.08451465543244122,-2.3881651678953526,-2.382722918848581,-2.3588629684910702,-2.2914590426831283,-1.5221040617148651,-1.5107694410026093,-1.4915572228545602,-1.4323322867788646,0.7041547774548222,8.15115115115115,77963.60130405221,5.420420420420419,0.5165562913907285,0.9431122709422156,0.9327084210689616,0.9838251395749651,0.14689770507670155,-0.12951652158654092
12,4.0,19.0,3,6.665367230956886,49.11903082184704,4,0.5212910413226668,58331915.82511632,14589.751052842921,11681217.047733635,800.6453986380709,0.8199143045536791,0.8186521906195048,3.7119068425710773,0.9980196008251097,0.10193548387096774,0.10666666666666666,0.9556451612903226,0.2564516129032258,0.06655913978494624,3.8529886914378033,0.2651612903225807,0.05849462365591398,4.533088235294119,0.022375126827283612,0.018948756882609444,0.022230253162488365,0.0475857321749183,0.023077141335421505,0.021551867173376826,0.027493942462582046,0.05343130347901275,-2.120304551485686,-2.127735773816588,-2.120618758191433,-2.0656269724559886,-1.6195635739974559,-1.6220922060703955,-1.61224130678291,-1.5692417958847258,0.6762594605233933,7.292292292292291,32924.37333007762,5.442442442442441,0.5,0.9540523496089117,0.9474052704287528,0.9801559544294585,0.1423953460553139,-0.16333004931006218
12,5.0,0.0,3,10.78224342679606,132.64991887934414,3,0.3836911743824849,21810782.37294657,2533762.9446634483,15879782.264941497,6.267272279116371,0.6809554880014551,0.9001275709074918,19.38309624701969,0.999806553821055,0.10193548387096774,0.11666666666666665,0.8737327188940093,0.26924731182795697,0.06999999999999999,3.846390168970814,0.2775268817204301,0.04548387096774194,6.101654846335697,0.005661412135872265,0.007481372503102581,0.009185202872337856,0.017488269343033096,0.007771254650995986,0.013010586678141154,0.015781771904955316,0.02904355255609274,-1.5338964307775973,-1.531088905508516,-1.5284605258459762,-1.5156519672932343,-0.8759962243816181,-0.8713706427346698,-0.8689240820931542,-0.8572158244626142,0.6984456203422681,7.160160160160159,6667.50567949007,4.825825825825825,0.5529801324503312,0.9758491338267283,0.9555121646904693,0.9946639296637773,0.12273183705275963,-0.1508314074873481
12,5.0,1.0,3,13.935168591500846,214.8046566726083,4,0.3143113687443919,31027765.139446437,122737.50045310488,18459037.800589595,150.39444124611583,0.6124210771272112,0.5712038840136429,17.461114086523175,0.9987838788744873,0.10193548387096774,0.10333333333333335,0.9864724245577522,0.25311827956989247,0.04311827956989247,5.870324189526185,0.28688172043010757,0.042150537634408604,6.806122448979592,0.006561916757471244,0.008784531555437831,0.011692194529749598,0.031391176770171204,0.008901122205195613,0.013172639642340767,0.016572680776410918,0.03569483188566581,-1.4560412428636027,-1.4527836479843372,-1.4485220062349824,-1.4196500200807238,-0.9106870416625816,-0.9067620896064364,-0.903637907477599,-0.886067213358099,0.6711977093910704,7.622622622622621,5043.159487171349,5.002002002002,0.5165562913907285,0.9322425350030908,0.9317833607512149,0.986166153332628,0.15046070334187658,-0.10762937527274394
12,5.0,2.0,3,9.367432989464215,98.98676115896558,4,0.62799459493893,47311952.55789944,3591013.1392302425,12671718.531703642,3.5287307621547463,0.8990492740268333,0.8635949375488895,163.13944879135147,0.9998312863490906,0.10193548387096774,0.09333333333333334,1.0921658986175113,0.26924731182795697,0.08655913978494624,3.11055900621118,0.23784946236559143,0.05182795698924732,4.589211618257261,0.008336241969715866,0.014842263756944859,0.016235186083138602,0.029723607973027342,0.011144933291235844,0.022461144047792963,0.023783099761898335,0.040949649307347125,-1.6530262125851518,-1.6421811812256302,-1.639859288246636,-1.617375139995942,-1.0368856991681326,-1.0250198378328612,-1.0236336721337242,-1.0056333095659513,0.6713848683659446,6.851851851851851,16188.596901781992,4.957957957957959,0.5099337748344371,0.9796284227748847,0.9578706448347539,0.9946747440559117,0.14883862619374041,-0.13179925432634
12,5.0,3.0,3,16.628262608702308,282.1073258592839,2,0.23330543447341257,44499730.007154204,7324460.445675046,18292350.906705305,2.4974332297072594,0.8461024989944166,0.6241448680985222,10.61011334661601,0.999464023852373,0.10516129032258063,0.06999999999999999,1.5023041474654377,0.2756989247311828,0.04666666666666667,5.907834101382488,0.21408602150537637,0.07172043010752688,2.9850074962518747,0.028954228439024447,0.030513133512870563,0.04107972580223788,0.07287684223256449,0.031319856862976274,0.0325061718777778,0.04564111980079133,0.08164839643605763,-2.1942566938246073,-2.1907340608102794,-2.166856900185206,-2.09500546164858,-1.832410555536619,-1.8301664544566958,-1.8053196385174233,-1.737206222288083,0.7028611767137003,7.160160160160159,66961.60054853215,5.288288288288289,0.47019867549668876,0.975368474300554,0.9412236806048248,0.9916296364269738,0.15423804157474172,-0.08846495993640255
12,5.0,4.0,3,12.836015006950031,184.34614283472948,4,0.3667759181156389,20353438.03612011,5892073.5454470245,22652330.24809912,3.8445430243489116,0.7910537607338244,0.572908569769004,4.663488391595451,0.9990326558751548,0.10838709677419356,0.12,0.903225806451613,0.2724731182795699,0.1295698924731183,2.1029045643153523,0.21258064516129033,0.05946236559139786,3.5750452079565997,0.020956881153758676,0.03794552422894209,0.04398561439846141,0.06620764979403593,0.03584594863939921,0.05600827999588027,0.06800760293830307,0.09784449215514532,-1.8543767179087836,-1.8221990297344286,-1.8107586729525682,-1.768668570618097,-1.1243549177808778,-1.100842475570428,-1.0868493821002354,-1.0520548873046178,0.7180775649970099,7.248248248248249,60503.67879391212,5.310310310310309,0.5198675496688742,0.9845030239030278,0.9449647337548862,0.9927914062447563,0.1684807908615224,-0.11851667302899208
12,5.0,5.0,3,6.370670407486761,52.15838747999624,5,0.3592577824673626,15833558.272449072,5637.4433124412135,4239327.067037703,751.9946245281043,0.7437831333787772,0.8591664098915565,4.323568532107993,0.9994883695118035,0.11161290322580646,0.1,1.1161290322580646,0.2595698924731183,0.05989247311827957,4.333931777378815,0.17838709677419357,0.058602150537634415,3.0440366972477064,0.017685094914013006,0.020223397537278896,0.026473549250978622,0.0526028584480342,0.025169967843079816,0.029613715444568884,0.03658789077720286,0.06988820378514486,-1.6033925059558478,-1.5992493382375117,-1.5890474708251914,-1.5463976664341088,-1.0051796043925434,-1.0005975087361325,-0.9934062050518274,-0.9590691469480586,0.6394788489627744,7.006006006006005,15388.177500383432,5.332332332332331,0.4602649006622517,0.9525436876045553,0.9424475925149768,0.9848393109637681,0.14437070581177314,-0.18799012255091874
12,5.0,6.0,3,11.95437161753482,165.06765195972793,5,0.22734610256806442,34479884.90472414,1520171.9073636876,14214381.99006732,9.350509584615455,0.595703021915569,0.5819288925890321,27.451837296943594,0.9964936968049491,0.10516129032258063,0.15666666666666668,0.6712422786547699,0.2789247311827957,0.09,3.099163679808841,0.3283870967741936,0.03559139784946236,9.226586102719036,0.012054263293556003,0.016959377490665378,0.024381380053687958,0.033451109337204916,0.015701103073886353,0.02038427722421254,0.02848804008397,0.041045342257098334,-1.8249622133761483,-1.815901343199349,-1.8021912033385785,-1.7854373345652295,-1.3528576311696237,-1.3464208994947728,-1.3352827813273653,-1.318023550290053,0.748318354182297,7.248248248248249,18848.434090337953,5.002002002002,0.5364238410596026,0.973166811190947,0.9567739483328518,0.9925100497370347,0.1381911238350886,-0.13139565104097822
12,5.0,7.0,3,13.55453574222032,205.84889540149763,4,0.3807619991641785,39175025.31080502,9282517.725867327,38619921.660514005,4.160500717697848,0.7903566838023395,0.6268743215463403,20.696958222539138,0.9989846825566054,0.10193548387096774,0.1,1.0193548387096774,0.2627956989247312,0.06999999999999999,3.754224270353303,0.3378494623655914,0.03247311827956989,10.403973509933776,0.027310272039469348,0.02388878905949559,0.0276911450055806,0.045202343959176175,0.03859032770370044,0.03240631240351419,0.038382629912475937,0.061406715445044814,-1.8590371483810433,-1.8655764011144522,-1.8583092112265105,-1.824841221967816,-1.2374805195604355,-1.2454402881036062,-1.2377478582174122,-1.2081123571940084,0.6716749126051865,7.644644644644645,11646.773685272645,5.2002002002002,0.4966887417218543,0.9735061964084263,0.954346495244466,0.9919754805231462,0.13420783306402187,-0.11206361867041474
12,5.0,8.0,3,10.600625051318602,131.97011003107474,5,0.2773969219629383,15891943.040486597,732345.356383197,10351915.702972053,14.135292335431224,0.8069353237861923,0.7887552889107345,14.907748748171143,0.9996676221006017,0.10516129032258063,0.09,1.168458781362007,0.26602150537634406,0.0832258064516129,3.1963824289405682,0.270752688172043,0.042365591397849456,6.390862944162437,0.05036366889711631,0.05605499556720116,0.05705478314290914,0.0809029437308158,0.06842660540684672,0.06378642100134925,0.06317984207894405,0.09282998768475266,-1.7916039024554873,-1.7808665256952374,-1.7789803053984796,-1.7339878633695849,-1.3864181354049099,-1.3933239099243875,-1.3942266536303134,-1.3500996961368115,0.6615938004581106,7.446446446446445,37386.27042765073,5.288288288288289,0.5066225165562914,0.9741627919170662,0.9465880614058527,0.9926451275090373,0.1489045855974293,-0.13812560475457847
12,5.0,9.0,3,13.619165120449987,210.15138336279233,3,0.39842320379427787,38310786.37830698,3760785.7981796544,13383399.758474097,3.558671106701187,0.827827830284617,0.6663493374304773,6.76129842568559,0.999876374184509,0.11161290322580646,0.11000000000000001,1.0146627565982405,0.26924731182795697,0.07666666666666666,3.511921458625526,0.30666666666666664,0.03236559139784946,9.475083056478406,0.02684469415442664,0.02827499114090211,0.03312070984299678,0.053849400251488884,0.045319706763153854,0.04232217280388977,0.046018182334657605,0.07825466347668353,-1.4601241678897363,-1.4579781474296227,-1.4507076213941346,-1.4196062528331883,-0.8509760785017335,-0.8536479988418735,-0.8503534763521152,-0.8216187527998708,0.7056645168368373,7.248248248248249,10256.779307444209,4.913913913913913,0.5264900662251656,0.9848367452250321,0.9570044901336601,0.9926968210206796,0.14564132079561173,-0.11270764717615823
12,5.0,10.0,3,17.254440744078256,296.80014778752786,2,0.48455735708547965,-18769845.780118592,30221944.63485509,652684544.180155,21.59637813072463,0.9480525748318517,0.8419014815023969,10.983088427657147,0.9999242461825492,0.11161290322580646,0.11333333333333333,0.9848197343453511,0.2724731182795699,0.08311827956989247,3.278137128072445,0.27827956989247316,0.03623655913978494,7.679525222551931,0.025589526227749595,0.03383402280000927,0.03549379687287968,0.056513336312302924,0.04136295768464222,0.0539250434536439,0.06056597823659082,0.09198559551852352,-1.4870425473623878,-1.4744606657893464,-1.4719276935648051,-1.4398498882520414,-0.8068201903623103,-0.7962475294029403,-0.7906583021675522,-0.7642145278530388,0.7353657154083246,7.468468468468467,17030.650292528426,4.97997997997998,0.5165562913907285,0.9923014947055901,0.9773246579309955,0.9980149387319759,0.11088427686053018,-0.05953942742506733
12,5.0,11.0,3,5.750073419671677,40.45440702464875,5,0.28115909054779287,10559852.462071301,702265.6759322507,3577130.02832757,5.093699081304188,0.5697163570434038,0.8547690551553484,8.98361550500408,0.9992724364565274,0.12129032258064518,0.11666666666666667,1.03963133640553,0.28537634408602147,0.08666666666666667,3.2928039702233245,0.23451612903225807,0.06849462365591397,3.423861852433282,0.016666542691315706,0.02090085233279562,0.040975249925620114,0.0607268345043213,0.023004510141706475,0.027670410865739545,0.04388326043030447,0.07207333726069852,-1.5884605436426418,-1.581620510137156,-1.5491926614998586,-1.5172862796468933,-1.1141463889348098,-1.108825487767125,-1.090336673863467,-1.0581892661933108,0.7157577584510232,6.96196196196196,11351.54708920999,5.2002002002002,0.5132450331125827,0.9694746060137187,0.9526864976824431,0.9925551053883315,0.16139657281638067,-0.19294655730271165
12,5.0,12.0,3,10.762667991771563,140.20408319593017,5,0.30172249589387956,18253611.05401427,145434.88020137392,8780690.57831694,60.37541039782827,0.6666159460004335,0.6160873378064311,9.935122310256244,0.9902746837758939,0.11161290322580646,0.09666666666666665,1.1546162402669635,0.26602150537634406,0.06655913978494624,3.9967689822294017,0.3186021505376344,0.06193548387096774,5.144097222222222,0.03122344259859011,0.03253356941685892,0.035170875497254395,0.055437156184987686,0.04431477935509048,0.04783586425865192,0.04836759921882257,0.0773881951910039,-1.868946126644376,-1.8664186537986414,-1.8613308108424163,-1.8222334704872523,-1.1557009740135944,-1.1514429598006253,-1.1507999378116784,-1.11570560935814,0.6686706712214391,7.028028028028029,38333.951017666055,5.266266266266266,0.5132450331125827,0.9424382577844752,0.9302301460173883,0.9838623098133532,0.14926779669282528,-0.12512098687833093
12,5.0,13.0,3,13.5263835899396,199.06812271507565,4,0.4322950815305153,55731777.08939301,422032.45842213527,12638842.183446357,29.947559556673806,0.8451423170385431,0.7614581132621983,12.611653968587042,0.9988409685969991,0.11161290322580646,0.04666666666666667,2.391705069124424,0.28537634408602147,0.06634408602150538,4.301458670988654,0.2140860215053763,0.05548387096774193,3.8585271317829455,0.050866158188588556,0.07252523679933572,0.07875162136486862,0.1476069724795357,0.048828605044622574,0.07280597273639472,0.08195055588747326,0.14483765716674793,-2.1637282050067355,-2.1143522822231886,-2.10015807345496,-1.9431894156014873,-1.8642895586169665,-1.8172940786561886,-1.7993707569742323,-1.676112459985455,0.7043269768081846,6.785785785785785,82018.89499202212,5.486486486486486,0.5331125827814569,0.9276107679672995,0.9203434405569113,0.9654652930033085,0.15540569598082427,-0.1117846366676699
12,5.0,14.0,3,7.809755171450543,71.69235296735731,5,0.2997467323031805,8920019.437552247,187586.01841107124,9584531.827197032,51.09406291781156,0.7185288862562118,0.7503373910811936,28.022933940400097,0.9982709440078695,0.10193548387096774,0.1032258064516129,0.9874999999999999,0.28537634408602147,0.056559139784946234,5.0456273764258555,0.2525806451612903,0.056129032258064517,4.5,0.03645123502709497,0.029758213365430285,0.04080332826383338,0.06648255318255072,0.047328724750611804,0.04072872945804514,0.04905749571751486,0.08303653664409874,-2.0239194497749184,-2.037978039450127,-2.0147779444673835,-1.9608391251180606,-1.3311049026814896,-1.3403266419317998,-1.328689404734356,-1.2812127261140727,0.6980517569198419,7.402402402402401,31296.480106707506,5.178178178178179,0.4966887417218543,0.9445230973508827,0.9329283667585647,0.973721109440011,0.15300625774037388,-0.15411165747407846
12,5.0,15.0,3,17.1574529014404,294.5230740613739,2,0.26489792402484746,27501273.825230803,17159154.23340056,57764164.873639785,3.366375993124471,0.9172335118232404,0.5388302495590607,5.8302045214689135,0.9995886750380891,0.10193548387096774,0.12666666666666665,0.8047538200339559,0.25989247311827957,0.05333333333333333,4.872983870967742,0.33064516129032256,0.06225806451612903,5.310880829015544,0.0701077854589005,0.057774395271457425,0.06687948204554355,0.09272978482448549,0.08592926835027231,0.07460619170364087,0.08406371697247052,0.10948862093430492,-1.497931633786665,-1.5177990711355434,-1.5031319975822854,-1.4614906270341412,-1.0086268098853826,-1.021121202584695,-1.0106853432895464,-0.982630359263984,0.7062255399210118,7.2042042042042045,23086.779941871722,5.09009009009009,0.5231788079470199,0.9356476767932652,0.9318321578333888,0.9761087383292257,0.16151571042558405,-0.06370863273809119
12,5.0,16.0,3,17.216319305892842,295.9140292925274,2,0.3693729184035023,297180342.38851357,24098373.32585032,220921096.12914273,9.167469237110735,0.8894058027110956,0.6472242725333625,46.65334344251902,0.9996598225104407,0.127741935483871,0.06999999999999999,1.8248847926267286,0.29827956989247306,0.08,3.728494623655913,0.33268817204301077,0.05946236559139786,5.594936708860759,0.02328926394871238,0.02318880301472051,0.04293941088719612,0.07230654559891166,0.03760322781613687,0.03409244955553234,0.06154493644858447,0.10935420697930917,-1.6346890291912934,-1.6348571673929095,-1.6018012166213194,-1.5526503972844636,-0.899005023423723,-0.9022845515597623,-0.876640322136253,-0.8319801823523116,0.6719059071903121,7.446446446446445,36438.58983763541,5.1341341341341336,0.5066225165562914,0.9660599722695308,0.9544460366080785,0.9924981673785179,0.13429366740751808,-0.06267332940597825
12,5.0,17.0,3,15.148865423183015,245.24977810238997,4,0.18599650721971628,38574922.38985378,846129.1659004156,14413510.524542727,17.034645660990147,0.46596146671229877,0.6643311703754806,27.30573586103006,0.9993888220756499,0.11161290322580646,0.13,0.858560794044665,0.26924731182795697,0.07666666666666666,3.511921458625526,0.33010752688172046,0.0389247311827957,8.480662983425415,0.01250517368503694,0.012506426889652323,0.017481235678178973,0.028417707216656936,0.016062854809792245,0.017201820282678536,0.02448361293434121,0.039761361565931505,-1.7444098407661983,-1.7444076269799533,-1.735619626095918,-1.7163003465750595,-1.1745902674893445,-1.1732306097449465,-1.1645378565336983,-1.1462998065327041,0.7085989308441782,7.1821821821821805,32924.37333007762,5.09009009009009,0.5596026490066225,0.9362477052711036,0.9412537230015313,0.9891812379633433,0.11969292402572516,-0.11464268609867546
12,5.0,18.0,3,12.441432039811618,180.88657456099688,4,0.10315746270996518,18599409.13949077,569034.3326280536,6334347.810368146,11.131749785840356,0.5135995869162644,0.4540080724463509,14.073209910396644,0.9979958082114737,0.1470967741935484,0.07333333333333333,2.0058651026392966,0.31763440860215053,0.10279569892473117,3.0899581589958163,0.30301075268817207,0.04913978494623655,6.166301969365428,0.07258499931093608,0.07500582745662944,0.11015334731247965,0.24058124422042657,0.058865657501346966,0.06881103336125433,0.1069500148666229,0.1685685297601706,-2.7872005647670623,-2.779925144841929,-2.674294777509504,-2.2823141564788862,-2.553709910083391,-2.5267237469544157,-2.423235976258293,-2.2560379419048724,0.7134716530516121,6.785785785785785,86285.12566366886,5.376376376376376,0.5264900662251656,0.9418739411772525,0.9136654458851078,0.9705844007294667,0.17425719712702525,-0.13366784217351188
12,5.0,19.0,3,5.558699803724326,34.82678633930384,5,0.346719959262464,16102927.035617845,924200.516125853,6982052.668411489,7.554694621551918,0.599042169359971,0.8159104482576653,1.5822996283019286,0.9974453738551747,0.10838709677419356,0.11333333333333333,0.9563567362428844,0.2789247311827957,0.08,3.486559139784946,0.3205376344086021,0.042473118279569885,7.546835443037975,0.011392337836452153,0.016661990977362887,0.01875042534918356,0.028241183854033985,0.018590470718045427,0.025664368007354842,0.02709758023575953,0.043606578131525985,-1.3664053528203461,-1.3591218949484045,-1.3562353626931065,-1.343117698608881,-0.7613555166041253,-0.7558677456334815,-0.7547558917090971,-0.7419485811557301,0.7035273550856931,7.138138138138139,6498.495354469902,5.0240240240240235,0.5099337748344371,0.9645896600842192,0.9566692811714711,0.992421110816762,0.1187962453035153,-0.1988331647447558
13,1.0,0.0,3,2.5935332662402772,8.231353714329726,3,0.5738591533108555,1010.2595600227887,33.76790632382817,104.60570925274779,3.0977848685553013,0.7751067083831821,0.8970519414912888,5.5777340414500385,0.9893766497420273,0.10193548387096774,0.12,0.8494623655913979,0.26602150537634406,0.08333333333333333,3.1922580645161287,0.24494623655913977,0.0521505376344086,4.6969072164948455,0.015067743199659027,0.022352302973494505,0.0313508335771982,0.0510595944919965,0.023813905757967265,0.029671929289139885,0.03853969161564969,0.07085557000617572,-2.0737662148056706,-2.0584286381912267,-2.039482311050437,-1.9979856880709375,-1.3955607748654826,-1.3871861136133254,-1.3745087139487502,-1.3283097642268136,0.8516405218142639,2.359359359359359,47.498148032284945,1.8528528528528534,0.5794701986754967,0.9546233592719232,0.9376676469483559,0.988700997049595,0.1315472866227105,-0.20928009205903012
13,1.0,1.0,3,2.6684282758228557,8.486875587528528,4,0.6713506341881247,1142.7624329578207,3.5939341334275876,145.11629016301808,40.37811623014319,0.7445033400287799,0.8817734841005549,2.2896116406755342,0.9851737881393431,0.10193548387096774,0.1432258064516129,0.7117117117117117,0.2563440860215054,0.08666666666666667,2.957816377171216,0.2589247311827957,0.04204301075268817,6.158567774936062,0.015391511594590445,0.0232703258879369,0.02685644937661188,0.038720769323104656,0.02123283004427532,0.03672089156126988,0.039070291281293995,0.059019651038496046,-1.7383724817265844,-1.724462065436787,-1.7181305961652982,-1.6971835826545931,-1.0356185383179601,-1.0192308578542457,-1.0167449940260933,-0.9956368822848022,0.8421338052201369,2.359359359359359,55.30224256192911,1.8528528528528534,0.5662251655629139,0.9732282967304248,0.9576309227732999,0.9952329413039337,0.14025071956191773,-0.19338140494506395
13,1.0,2.0,3,2.055675750698849,4.888393558400858,3,0.7557477664953347,830.7478876142941,6.073380618953178,153.1090704049075,25.2098592219135,0.8656652006211761,0.9141245995565714,5.9505868479228505,0.989731892854691,0.10193548387096774,0.12666666666666665,0.8047538200339559,0.2663440860215054,0.11311827956989247,2.3545627376425857,0.189247311827957,0.05483870967741935,3.4509803921568634,0.04886381803539491,0.046720992090087156,0.04778067989678144,0.06659631052291193,0.04478372576678208,0.050624403070120484,0.05676048553150111,0.07809186320640245,-2.367291468199406,-2.372624767125839,-2.369987300534503,-2.3231569068488938,-1.912483528978129,-1.9007896336352363,-1.8885042937008196,-1.8457957369539104,0.8180382380867132,2.381381381381381,45.14967772036102,1.8308308308308305,0.5728476821192053,0.9546881023394398,0.9331318899558434,0.9868194428222142,0.14764044630920964,-0.20842489987958976
13,1.0,3.0,3,1.31624788841559,1.3384394638063943,3,0.6721821695474022,903.1113049886285,3.554728135116122,133.90285371396652,37.668943622208204,0.8439461752934143,0.8744544370384748,8.924738948502707,0.984549738671053,0.10193548387096774,0.04666666666666667,2.1843317972350227,0.2596774193548387,0.0532258064516129,4.878787878787879,0.20268817204301076,0.048817204301075265,4.151982378854626,0.023606960115270314,0.026232370842177413,0.03295532791273434,0.07256025081868017,0.024744505109465114,0.028781397332946324,0.03563395367827943,0.07551448617019094,-3.42830664186482,-3.419088312088789,-3.395482696894437,-3.2564220781655,-3.097259366483358,-3.0844388263108935,-3.062676175973486,-2.9360218239108185,0.8335193564452361,2.3153153153153148,52.56791122018419,1.786786786786786,0.5562913907284768,0.9500011256812897,0.9297314444799156,0.9823175821776629,0.13522306708659823,-0.1994386590935282
13,1.0,4.0,3,2.338331850289232,6.5267459876074,4,0.6173448612109858,990.8602675068923,54.70113666352248,99.28681912245426,1.8150778060278188,0.7317876480768708,0.8730286599295503,4.538605345065689,0.9899327061428048,0.11161290322580646,0.07333333333333333,1.5219941348973607,0.2758064516129032,0.06666666666666667,4.137096774193548,0.22107526881720432,0.05268817204301075,4.195918367346939,0.0330528390156543,0.0381642009497812,0.05083103751278513,0.08925565365331516,0.04463043686496596,0.05324881240270668,0.06906854225626197,0.12048935012560412,-2.4385878977747644,-2.4256973223052425,-2.3937522527171717,-2.2968474706590194,-1.686569773195662,-1.671355250735574,-1.643427756265713,-1.5526515963248961,0.8486369462145589,2.359359359359359,38.77828414589461,1.8528528528528534,0.5231788079470199,0.9352528084532591,0.9309666562978394,0.9790039372225672,0.1506278060661391,-0.2062725740007544
13,1.0,5.0,3,2.4816544842751633,7.685968497054679,3,0.7230665566886236,1181.7735495467884,55.61134881895398,134.4075963226108,2.4169094829938875,0.8081864486092606,0.854393196371514,38.25808224794456,0.9876304280271505,0.10193548387096774,0.10989247311827958,0.9275929549902151,0.2665591397849462,0.03,8.885304659498207,0.21494623655913978,0.07494623655913979,2.868005738880918,0.013990553092007757,0.02103515566315993,0.029082242133500195,0.05523909796215665,0.014810953071676701,0.023452307682489293,0.030921614810697034,0.05953172162974933,-2.3523271966260255,-2.3355208564134564,-2.3163228858289524,-2.2539203565865362,-1.9701803431521419,-1.9528993684544311,-1.9379622534643253,-1.8807477825502157,0.8801510634335281,2.403403403403404,38.77828414589461,1.742742742742743,0.5860927152317881,0.943458838392483,0.9228312433258115,0.9810662420470376,0.14546770486050728,-0.19424430463968054
13,1.0,6.0,3,2.0480375756101528,5.519781377978932,3,0.7045514543551509,1033.1694476919945,5.617752584056879,108.92909705997661,19.390155659242847,0.8042674886568436,0.8384584405805335,28.84378331791427,0.9883473286727107,0.10193548387096774,0.15666666666666668,0.6506520247083046,0.25311827956989247,0.09,2.812425328554361,0.18526881720430105,0.042150537634408604,4.395408163265305,0.026211373552791555,0.03402451298190195,0.036986128578790384,0.051536687052137105,0.029035077965902677,0.034865379353727244,0.04145067697186184,0.05814420066752254,-2.4277374219254244,-2.408258604387807,-2.400875046171322,-2.364599273014535,-2.001744763451125,-1.9897249932127004,-1.9761487200397698,-1.9417332917549541,0.8472658209044486,2.359359359359359,35.03842245290676,1.742742742742743,0.543046357615894,0.9482669231228744,0.9294738446742625,0.9830985358731796,0.14667877122084735,-0.20792665068004573
13,1.0,7.0,3,2.1934639556107687,5.897450650374568,3,0.7075931313688867,1077.8607009261875,36.92686305115283,136.5285439471363,3.697268943695828,0.8232910459665074,0.9018246364067788,3.5203232620126705,0.9890705310660933,0.10193548387096774,0.17,0.5996204933586337,0.24989247311827958,0.1,2.498924731182796,0.2651612903225806,0.03903225806451612,6.793388429752067,0.0416917332079918,0.043818411089381566,0.051634418768785405,0.06512675673395356,0.04273145496150276,0.049597772431236364,0.06005562561933878,0.07544703891592032,-2.507658708507666,-2.5020937118419164,-2.4816411284695206,-2.4463349749394623,-1.9604425970797195,-1.9463806900814098,-1.9249634806993368,-1.8934425638027474,0.8519529077056658,2.3373373373373365,47.498148032284945,1.8308308308308305,0.5231788079470199,0.9571918058102162,0.9351681963162283,0.9880133702596887,0.1597027417391263,-0.15035050311890644
13,1.0,8.0,3,2.4424140859871786,7.216156966004524,3,0.7588368049456231,1093.927291432498,0.35998973866248346,109.97026638246672,305.48166953606375,0.8655237098529671,0.8942219818822756,5873.062733005546,0.9916386084535451,0.10838709677419356,0.043333333333333335,2.501240694789082,0.2725806451612903,0.06322580645161291,4.311224489795918,0.20935483870967744,0.06161290322580645,3.3979057591623043,0.01891766743207593,0.023642141154724267,0.02784737161840849,0.05538222893201388,0.027193167328302823,0.02993420401137984,0.03575377288142505,0.06802787103384574,-2.494242903868558,-2.482231694751801,-2.471540577508132,-2.401537663192336,-1.75994416835083,-1.7549852480764232,-1.7444568307676924,-1.6860684550650475,0.8371678670190246,2.359359359359359,27.19157943036019,1.6766766766766759,0.5993377483443708,0.9584575633634687,0.9333058309805444,0.9847012447035497,0.15888823861791931,-0.17845516918237098
13,1.0,9.0,3,2.2873784984795082,5.967770942680273,3,0.6160065847377993,963.9797719212768,6.2870120829523355,146.3179273740818,23.273046948777605,0.7297022294120864,0.8736249575333488,4.6104226378281,0.9878006401465406,0.10193548387096774,0.11333333333333333,0.8994307400379506,0.2693548387096774,0.07666666666666666,3.513323983169706,0.25139784946236554,0.05193548387096773,4.840579710144928,0.04184436589705537,0.04562344343225493,0.05738070548646542,0.08731902303228023,0.05126526394035915,0.05500496345320808,0.0672894397883143,0.10701637160528275,-2.268221999606771,-2.259275867581378,-2.231443144485751,-2.160570785057205,-1.6968936228486244,-1.6902048488283121,-1.6682330070049027,-1.5971779747674004,0.8450637853448199,2.381381381381381,38.77828414589461,1.8528528528528534,0.5728476821192053,0.9471958507087295,0.9218255618676996,0.9811641221585976,0.169720426997622,-0.23270111014902828
13,1.0,10.0,3,2.7913413625789905,10.934603029979707,3,0.5513919119850418,985.8224514199804,8.421906971463981,141.70343530809845,16.825575940013753,0.754158534573649,0.8951895405407114,2.8251566464357096,0.9868186284396496,0.10193548387096774,0.09666666666666665,1.0545050055617353,0.2789247311827957,0.08967741935483871,3.1103117505995206,0.3331182795698925,0.05548387096774195,6.003875968992247,0.057878011234957255,0.06165700457302224,0.05531630825036936,0.08522213698712008,0.07790886332506104,0.08051462775568827,0.07154225813696548,0.10737348610458196,-2.3615326997360726,-2.352060236035673,-2.367953890874012,-2.2929916319343615,-1.5132503959483468,-1.5089740572009493,-1.5236986775102686,-1.4648957915994092,0.8196891422047081,2.3373373373373365,52.56791122018419,1.8308308308308305,0.5496688741721855,0.9474047282682341,0.9320937762667458,0.9893579997793661,0.1652197008327862,-0.19582177733298917
13,1.0,11.0,3,1.9108196467659542,3.960627025914488,2,0.6924579823532271,1116.4372740161903,27.452176436332472,101.61437704594981,3.7015053171327055,0.7648508417945202,0.8702942726430554,13.602613781822662,0.9862254118693295,0.10193548387096774,0.1,1.0193548387096774,0.2756989247311828,0.07333333333333333,3.759530791788856,0.1886021505376344,0.04526881720430108,4.16627078384798,0.01627853165249281,0.023445416789436097,0.0270704529636582,0.05108346574132088,0.020687548812879965,0.024775333001351176,0.03002380844894509,0.05432617155093718,-2.7594881258201602,-2.739383924508244,-2.7292151474709407,-2.661854999545695,-2.2759209781257077,-2.2664209725071593,-2.2542235217753963,-2.197744858673743,0.8376284338561328,2.359359359359359,36.86095362172154,1.808808808808809,0.5463576158940397,0.952066176016203,0.9221044786574614,0.9821260263858638,0.1686677135048623,-0.19217962552238566
13,1.0,12.0,3,1.5747430660772945,1.9518132015779948,3,0.6159655980383962,1083.03743068377,34.25004515753534,170.10520600239576,4.966568809471219,0.8058563302301568,0.889701275617087,10.571780084320476,0.9890163252643213,0.10193548387096774,0.10333333333333332,0.9864724245577524,0.27623655913978495,0.10301075268817203,2.6816283924843427,0.17817204301075268,0.03935483870967742,4.527322404371585,0.046803003957313835,0.06263179047029012,0.07185742866545768,0.11832377611330133,0.05473324616532814,0.05935187938869093,0.07284179549343912,0.11976350751519597,-2.790212175112177,-2.74387791993815,-2.7168724970064733,-2.580855525782028,-2.4277702899361016,-2.4159080505477974,-2.3812613041135458,-2.260750201890561,0.8254075454964427,2.381381381381381,35.03842245290676,1.8308308308308305,0.5331125827814569,0.9456799826409048,0.9412781130878541,0.9852922788967649,0.14867538541480396,-0.24021426544677613
13,1.0,13.0,3,2.4279684988221772,7.225211823179158,3,0.7582673767121559,1134.781233554618,50.13270541718468,131.165499932044,2.6163658801282765,0.8933222296233414,0.8793426501364361,15.150083647079702,0.9909464596698392,0.10193548387096774,0.07989247311827956,1.2759084791386273,0.28311827956989244,0.0464516129032258,6.094907407407407,0.21096774193548384,0.059354838709677414,3.5543478260869565,0.041444556852267035,0.043649519073385636,0.054912779149049094,0.09685420922506693,0.04767911303416421,0.04977400483588422,0.06368639872333808,0.11748007864307347,-2.4038213017920067,-2.3982917988355936,-2.370046312681351,-2.2648675212352587,-1.7620973136613591,-1.7582210958163604,-1.7324787307887617,-1.632943269395563,0.8547436326521032,2.381381381381381,52.56791122018419,1.8308308308308305,0.5596026490066225,0.9570579754292008,0.933488837503182,0.9866448483085993,0.16161503381843964,-0.19748402092336764
13,1.0,14.0,3,1.1539576478646074,0.8706009642257087,2,0.6078318515200843,1079.7008561270588,26.534330983412676,104.19488213151669,3.9267951468854334,0.6693967530155716,0.8535328634928734,5.224541622649408,0.9877338030192871,0.10516129032258063,0.08301075268817204,1.2668393782383418,0.2991397849462366,0.059784946236559146,5.003597122302159,0.23150537634408605,0.06849462365591398,3.3799058084772375,0.09027068966615394,0.12141081667386568,0.1383189882726226,0.17658214844555822,0.08325935182738187,0.0891142551904486,0.11555531865006234,0.15593783851106477,-4.117023516070239,-3.9760973815290575,-3.899578642058865,-3.726416880157043,-4.010073076229812,-3.984462135570682,-3.868801728346854,-3.6921575968057057,0.8692920679642255,2.3373373373373365,47.498148032284945,1.8308308308308305,0.5364238410596026,0.9301883885618818,0.913911659911325,0.9695787916959107,0.16990294317384427,-0.25936759942852283
13,1.0,15.0,3,3.1179238445692623,13.58778155337875,4,0.661439378348415,1035.0411939528194,53.10130100802982,175.19393782855335,3.299240028075038,0.7429231794422018,0.8826171857024763,2.296485363521404,0.9882306988016124,0.10193548387096774,0.13999999999999999,0.7281105990783411,0.2563440860215054,0.11666666666666665,2.197235023041475,0.28451612903225804,0.03924731182795699,7.24931506849315,0.06294342929167875,0.050297086559604035,0.05752565238814171,0.0821952681138642,0.08979929745096839,0.07023612268859837,0.07939287798818262,0.11294352520660338,-1.855256164035697,-1.8802943592093935,-1.865982692518454,-1.8171399032245885,-1.1368562457928713,-1.1612909856846916,-1.1498540416959908,-1.1079487094612026,0.8176083668421147,2.3373373373373365,30.093900344497243,1.808808808808809,0.5331125827814569,0.9732817767946405,0.953264848935257,0.99293662596477,0.1392668106228408,-0.20848591812827383
13,1.0,16.0,3,3.076076443763157,14.391843709608697,3,0.6462029321977899,1196.3408269566244,37.5574099913272,145.5075573964524,3.874270281951103,0.8235470802831487,0.8766384156043874,51.20124905759856,0.9878203927719383,0.10193548387096774,0.09666666666666666,1.0545050055617353,0.24989247311827958,0.08,3.123655913978495,0.2282795698924731,0.07913978494623655,2.8845108695652177,0.04379725161018732,0.08831745753353146,0.10714850452189983,0.13695805901407962,0.06378576514834068,0.11861503773049158,0.1436746345493621,0.1882656336231378,-2.1819694150667472,-2.0803782746514,-2.0374075044340003,-1.9693847589564002,-1.4171278451092848,-1.3341339255438933,-1.296201739600512,-1.2287052798412752,0.8295161334883833,2.3373373373373365,51.26834287936654,1.8528528528528534,0.5,0.9686002080586114,0.9440472263838211,0.990183614136108,0.14683501631908258,-0.21655926170186265
13,1.0,17.0,3,1.8827495186681313,3.70999623052459,3,0.5418808320185601,952.4741770119772,15.617420461900487,120.13448032407979,7.6923382204605515,0.6903926125090973,0.8538406037221355,101.99837862400798,0.988017426070226,0.14505376344086024,0.11311827956989247,1.2823193916349813,0.1281720430107527,0.0832258064516129,1.5400516795865633,0.19419354838709676,0.046344086021505373,4.190255220417633,0.18845604879815664,0.21533718828176163,0.23986100620361164,0.3375875573487708,0.18353165098241278,0.20132491130256164,0.20716050305006792,0.29971814535489494,-2.918521092847527,-2.821849590994185,-2.733655624695655,-2.3822057735495745,-2.747734103370476,-2.687852849858751,-2.6682138099899504,-2.356721281719193,0.8582392750418969,2.3373373373373365,38.77828414589461,1.8528528528528534,0.5529801324503312,0.9400805832580811,0.9181928414158513,0.9755474444516274,0.17802696250964362,-0.2167269158002556
13,1.0,18.0,3,1.8308246210675663,3.6095233681430674,3,0.461412144338495,821.3608942931291,3.795345561839934,106.21513958446475,27.985630782187073,0.6959841845945636,0.8788648354983432,11.45483277246014,0.9876483155630588,0.10838709677419356,0.06,1.806451612903226,0.2759139784946236,0.07322580645161289,3.767988252569751,0.18752688172043014,0.06182795698924731,3.03304347826087,0.028438089934025267,0.0356934473472149,0.043102769715039325,0.08064199001004789,0.03584793910577182,0.03869843158795636,0.045534588980922684,0.085319449060097,-2.90720216796474,-2.885491980911862,-2.8633210849270387,-2.750992574005955,-2.4760405107365906,-2.4687201562534056,-2.4511642090856354,-2.3489926437636073,0.8295129977566313,2.381381381381381,36.86095362172154,1.6766766766766759,0.5264900662251656,0.9439987991615033,0.9250005725952543,0.9791728212842836,0.15659391164295444,-0.22056192781649142
13,1.0,19.0,3,1.8530884876624878,4.502221018072261,3,0.8037771598177429,984.637246142162,3.5078636833157226,99.05271732637662,28.237333679041214,0.8439037524305825,0.933310017144238,19.258556245991322,0.9939514194292046,0.11182795698924733,0.06333333333333332,1.7657045840407475,0.2934408602150538,0.07290322580645162,4.025073746312684,0.09204301075268817,0.09870967741935484,0.9324618736383442,0.07601614748199349,0.08418658557706533,0.10286785657724411,0.19067197211636727,0.08062271248972583,0.08760287427292975,0.09526729636086642,0.17189705849695883,-3.0948574792888137,-3.0674908306415567,-3.004918447888366,-2.7108210749223174,-2.9273576030608965,-2.905132309980194,-2.8807282871954367,-2.636734096935074,0.8128826349263538,2.3153153153153148,42.91732378422149,1.8308308308308305,0.5099337748344371,0.9830818495663215,0.9287361465381252,0.9783311951736092,0.1601348124088046,-0.19991644592544658
13,2.0,0.0,3,2.3197563828856946,5.6010634065351645,3,0.7304842816105628,1337.1088439618347,14.643635696289712,123.06919051442155,8.40427835456217,0.8749100213500174,0.8887803934384562,21.562445605018222,0.9888906699860224,0.10193548387096774,0.14666666666666667,0.6950146627565982,0.24989247311827958,0.08333333333333333,2.998709677419355,0.2483870967741936,0.02591397849462366,9.585062240663902,0.01406119592858998,0.014466430716581437,0.02066834378078174,0.03734930505234881,0.017893226716650765,0.021892660446292164,0.03188463324283428,0.05611481042308517,-2.470484282434896,-2.4694688784663184,-2.4539286353164758,-2.4121308559136003,-1.5480055715656174,-1.5417016279771885,-1.5259521901556077,-1.4877603659106193,0.8281631914026708,2.271271271271271,30.093900344497243,1.786786786786786,0.4900662251655629,0.9555185624623902,0.9363082874254518,0.9856836114069794,0.12361842456929592,-0.16551227644427807
13,2.0,1.0,3,1.8972743676615755,3.682272621261503,3,0.7299893639817838,1269.979674766415,1.376995497775774,114.6206950410816,83.23970210957518,0.7923987903683186,0.9094732665726081,4.060386798911546,0.9892914146987216,0.10193548387096774,0.14666666666666667,0.6950146627565982,0.2661290322580645,0.06,4.435483870967742,0.2521505376344086,0.03870967741935484,6.513888888888888,0.05550367216561138,0.05322063097566152,0.06885049428012344,0.08764066091894235,0.048458174865126186,0.05369077956245814,0.07175724860652409,0.09201057748400912,-2.8835603972785813,-2.8905305537171877,-2.8428123641261673,-2.785445724594389,-2.4194294297416166,-2.4061247935558825,-2.3601882453746885,-2.308691297324636,0.8487486348287456,2.2492492492492495,31.659241119835205,1.808808808808809,0.5463576158940397,0.9541415284116902,0.9265420106604786,0.9795694810237525,0.17309636627637895,-0.19848318740384804
13,2.0,2.0,3,2.3948354412539725,7.713167301962487,4,0.5170751155987079,1144.6346645546678,17.969554815643747,137.97042895522983,7.678010410982301,0.7092533633860723,0.8949722540930571,5.424527230103915,0.9848163455466202,0.10193548387096774,0.13,0.7841191066997518,0.2694623655913978,0.05989247311827957,4.499102333931777,0.2575268817204301,0.09096774193548388,2.8309692671394795,0.04904416779072992,0.06930579383829233,0.06986571760508134,0.08981699041618432,0.05671572827034897,0.07085048613210071,0.07534505111263942,0.09896954294130852,-2.6034318901906683,-2.5479616342516587,-2.546428730891523,-2.49180812904333,-2.095023013038691,-2.063629885970219,-2.053647511250284,-2.0011777992708275,0.82533397949472,2.271271271271271,25.847135074695583,1.742742742742743,0.5596026490066225,0.9566232285728171,0.9295639978078979,0.981785697419177,0.16712360251098402,-0.2289286192860128
13,2.0,3.0,3,2.334440978552747,6.819832310165941,3,0.7631437382494843,1209.8374538632315,15.837932711873565,146.03338055219493,9.22048244609064,0.8554086813780393,0.9076435832058931,1.7930126647131521,0.9883801979341124,0.10516129032258063,0.09989247311827956,1.0527448869752423,0.26634408602150533,0.04655913978494623,5.720554272517321,0.19182795698924732,0.0618279569892473,3.1026086956521746,0.03595463364012377,0.04015150777971822,0.06008784972621546,0.0905841306208029,0.04264816854062387,0.04443123084416793,0.06443265231494684,0.10893246203312339,-2.9239783354468005,-2.9112490910678694,-2.8507815716193536,-2.7582854425376166,-2.305328540753134,-2.3010348795481046,-2.2528709274282974,-2.145714208205215,0.8372903293194998,2.293293293293294,28.60595535175739,1.7647647647647646,0.5264900662251656,0.9085854347526522,0.9025110883991485,0.9667090798948692,0.15579644609406093,-0.19424352264757905
13,2.0,4.0,3,2.1662764192230126,5.064089656445837,3,0.7269327991044512,1132.6937364998596,19.911682948833676,164.04235797963656,8.238497890970352,0.883075590740743,0.9125096269081128,12.5704004522635,0.9873416569156674,0.10193548387096774,0.11333333333333333,0.8994307400379506,0.24989247311827958,0.11655913978494623,2.1439114391143916,0.23290322580645162,0.05602150537634408,4.157389635316699,0.03422608760245872,0.03462965548265522,0.038440150693644454,0.062294472451377356,0.030864351284311958,0.043642212769273124,0.05228656862916367,0.0817709882928067,-2.7119784958002864,-2.7108452415275845,-2.7001450342245126,-2.6331599906150065,-1.927879647812692,-1.9024609366837888,-1.8852649148959013,-1.8266122250764378,0.8360213052077983,2.271271271271271,31.659241119835205,1.786786786786786,0.4900662251655629,0.9443536240644484,0.9178982592390605,0.978026881431958,0.1691834154590354,-0.1734458018670164
13,2.0,5.0,3,2.0193144450220237,4.305930866056857,2,0.7267357180307814,1250.5526247553528,11.603355717281362,103.98352399766578,8.961504458817787,0.8527823427028204,0.9047726565803054,7.830158012110816,0.9836300787471227,0.10193548387096774,0.11000000000000001,0.9266862170087975,0.2532258064516129,0.03666666666666667,6.906158357771261,0.2909677419354839,0.07827956989247312,3.7170329670329676,0.01813642333914432,0.02147592752384296,0.027396221470578817,0.05433097321906856,0.021648265939420586,0.027695798796006057,0.033454672780817915,0.062173758106639,-3.016250293648819,-3.0059914545217024,-2.9878045202267587,-2.9050619123921453,-2.3119048399308375,-2.297614150811545,-2.2840055802182473,-2.2161406293507495,0.8452877689187468,2.293293293293294,45.14967772036102,1.8308308308308305,0.5066225165562914,0.9348463095587268,0.9051198130588017,0.9669666302037203,0.17068558569794692,-0.18552528811202268
13,2.0,6.0,3,1.6729624894287378,2.667676634983053,2,0.5521570853372186,1124.0573044418197,5.588373266795507,118.86065095049862,21.269275561232483,0.6397207530216089,0.8698954140622356,2.0903291190417477,0.9852894955962341,0.10838709677419356,0.2,0.5419354838709678,0.26924731182795697,0.09333333333333334,2.8847926267281103,0.3055913978494623,0.048602150537634406,6.287610619469026,0.04179863091489577,0.04228939288113441,0.05234199422111681,0.06260487060554279,0.046171007047609826,0.0485019830777919,0.06292331209780691,0.07382187321168361,-2.956922592630503,-2.955408145675621,-2.924386728908827,-2.8927164224100395,-2.3089280955217015,-2.303285515891766,-2.2683758916351073,-2.241993810420843,0.8481364669202188,2.2492492492492495,40.79534503452449,1.6766766766766759,0.5927152317880795,0.9206998174949147,0.9122547691626884,0.9781526225841235,0.16332971176320613,-0.17626733830393476
13,2.0,7.0,3,2.0677688052457346,4.916256215796131,2,0.8249520765462464,1221.0247480520784,8.770695907651133,114.4730097941847,13.051759062165633,0.8840795010665878,0.9239322083989936,36.846203617587975,0.9889050005514944,0.10193548387096774,0.10666666666666666,0.9556451612903226,0.25989247311827957,0.059784946236559146,4.347122302158273,0.18946236559139784,0.03881720430107527,4.880886426592798,0.023684523363185432,0.03588068856311587,0.03906648253621678,0.06944554423983713,0.02551613473039915,0.03857805032556627,0.04253207969993225,0.06852858926404103,-3.4780199993533665,-3.434572458578024,-3.4232234065375575,-3.31500123174345,-3.100755323616787,-3.059193009696749,-3.0466115005827827,-2.9638920033194145,0.8506854771707412,2.2492492492492495,36.86095362172154,1.808808808808809,0.5,0.9431885310377663,0.9237423489337306,0.9767654832169139,0.15047175191769768,-0.1885852685748606
13,2.0,8.0,3,2.2878385631008737,5.7883208365373715,3,0.6634205519779276,1347.7044213104564,52.07404210386858,104.9470371463819,2.0153426334189906,0.812156376278741,0.875875595015717,3.130819182844731,0.9853013852544112,0.10516129032258063,0.06,1.7526881720430105,0.2596774193548387,0.09333333333333334,2.7822580645161286,0.21838709677419352,0.04559139784946237,4.790094339622641,0.03521708940153834,0.030352169583887312,0.03889412501530518,0.06306343623485117,0.038523102567850104,0.031221963072420124,0.04113223741792545,0.0723290183241813,-2.861472049664876,-2.87590102838034,-2.8505662443082183,-2.7788819226285546,-2.2704808208513882,-2.287722105835986,-2.264319476099442,-2.1906497988465308,0.8093700773418577,2.293293293293294,36.86095362172154,1.8528528528528534,0.47019867549668876,0.9502107746814236,0.9228641382715409,0.9847295836051383,0.15722557375770957,-0.17678768375356327
13,2.0,9.0,3,1.5880442814559623,2.616586296214754,2,0.5607629803789304,1209.243002101059,26.460890541935566,104.7948797929779,3.9603685910305098,0.766318873129731,0.8890874409502532,4.664716826729111,0.9841303985993872,0.10193548387096774,0.09666666666666666,1.0545050055617353,0.25311827956989247,0.05989247311827957,4.226211849192101,0.27408602150537636,0.0453763440860215,6.040284360189575,0.030693527030510648,0.03299344580332442,0.05074831033424666,0.08300134448018348,0.029995384965692637,0.035899296174766816,0.04752766749579661,0.0833532045709049,-3.6108207275624173,-3.6022531644560405,-3.5361134711277624,-3.4159657908340884,-3.2213340081018957,-3.201727431325009,-3.1631102253708443,-3.044135512106743,0.8025368697541881,2.3153153153153148,36.86095362172154,1.808808808808809,0.4900662251655629,0.9030122321960972,0.9004964352347715,0.9629429110458947,0.1604714045871695,-0.22049980219122906
13,2.0,10.0,3,2.642265405661904,9.425839595181396,4,0.686693466687252,945.9942768470398,27.524486040823962,136.18212028948162,4.947671687220537,0.7935993290125617,0.8799656597293651,6.61336821933966,0.9882986174651656,0.10193548387096774,0.10333333333333335,0.9864724245577522,0.24989247311827958,0.059784946236559146,4.179856115107913,0.30494623655913977,0.03236559139784946,9.421926910299003,0.015975038007965733,0.02049567649071045,0.02290504599393514,0.04123159551735222,0.02238455377377404,0.030133360922089777,0.03403052529123314,0.05663699385088594,-2.4119105249759567,-2.4008301398665477,-2.3949246152225188,-2.350005025385548,-1.5756028303530782,-1.563114236272578,-1.556833256124324,-1.5203988728661912,0.8438264562967521,2.293293293293294,38.77828414589461,1.786786786786786,0.5198675496688742,0.9510518822954187,0.9345386744766918,0.9843141462009386,0.14205634069689121,-0.1821078075490936
13,2.0,11.0,3,2.1051060475103496,5.1704113006644175,2,0.5427848337304753,1134.6468399710752,13.20408939160118,113.25767725350538,8.577469743998098,0.6852795668899587,0.8987157469005955,2.050371217982137,0.9850279455047021,0.10193548387096774,0.07666666666666666,1.329593267882188,0.24989247311827958,0.07967741935483871,3.136302294197031,0.35354838709677416,0.07752688172043011,4.560332871012482,0.025399335573888234,0.031795842827193124,0.040116408729037864,0.07060325289007778,0.029082474206713782,0.04184405514379886,0.04921706969023151,0.08861570164729064,-2.8599153471386423,-2.841145126750395,-2.8167288555655436,-2.7272667849098426,-2.1752818172040613,-2.1466902692777454,-2.130171477459942,-2.041901232622326,0.8484550723950242,2.293293293293294,42.91732378422149,1.8308308308308305,0.5132450331125827,0.9306999672568369,0.9138996846987626,0.9750301898773167,0.15310373261826044,-0.2131192450852475
13,2.0,12.0,3,2.256069526686132,5.672731172804356,3,0.6882128502054929,1233.6107638259953,42.92747508938618,118.37129839170032,2.7574717158467967,0.7951926410986829,0.9010270755302443,3.1530693350454477,0.985907434276592,0.10193548387096774,0.0832258064516129,1.2248062015503876,0.2596774193548387,0.05989247311827957,4.33572710951526,0.2589247311827957,0.053010752688172035,4.884381338742394,0.048247325237423325,0.07931643766365366,0.0699161019670102,0.09672438383115942,0.052203424860006,0.09645615385876091,0.08605482347269852,0.1269155366795788,-2.602169540726832,-2.5172240499950913,-2.542925335498192,-2.469629303497535,-1.8975647661885975,-1.8089672532219288,-1.8297915509454814,-1.7479851256677148,0.8360392419269345,2.293293293293294,33.30600343624582,1.874874874874875,0.5198675496688742,0.9619837297318237,0.9458126729241801,0.9859911258432585,0.13420821714959577,-0.22520458261538429
13,2.0,13.0,3,2.1899960084854944,4.942236480109358,2,0.7867583700835676,1205.906281787608,0.13303977822966298,141.48566802059455,1063.4839436995426,0.8585728187485383,0.9348208869001299,4.219720560389292,0.9897352111475565,0.10193548387096774,0.09,1.1326164874551972,0.26301075268817203,0.0764516129032258,3.440225035161744,0.20526881720430107,0.0453763440860215,4.523696682464455,0.03730981219242321,0.04406583005882319,0.053218364107889674,0.08679395383716017,0.03873012595017835,0.04789951070660091,0.06085322764410813,0.09838502622825879,-2.656265265018287,-2.6376239868421476,-2.612370215079085,-2.5197280817324508,-2.1229286558455875,-2.1026784116827564,-2.0740706110757428,-1.991183034058439,0.826064404874028,2.293293293293294,28.60595535175739,1.786786786786786,0.4966887417218543,0.9187852460320464,0.9072532512847151,0.9742917678242198,0.163019803833653,-0.1835511833879963
13,2.0,14.0,3,1.9050052105348985,2.9249133690473306,2,0.842200705681915,1370.033897314622,31.0217292546473,133.74543413726263,4.311346831744607,0.8769841708544759,0.9190678148423647,2.652245433196299,0.99433740247222,0.10193548387096774,0.056666666666666664,1.7988614800759013,0.27913978494623654,0.05333333333333333,5.233870967741935,0.2317204301075269,0.04559139784946237,5.082547169811321,0.019526133755562978,0.020023915370337896,0.027757021605284104,0.05828007246775693,0.023010363667272795,0.024916027369403015,0.035717253192687676,0.07601044351804566,-2.8857510928709207,-2.8842860116603934,-2.861525772415812,-2.7716896937434448,-2.061892878425618,-2.057871060516837,-2.0350755570897023,-1.9500385832147722,0.8097192852473218,2.293293293293294,35.03842245290676,1.742742742742743,0.4900662251655629,0.9117268630145765,0.9079862534327522,0.9722676735003828,0.15959608462946445,-0.1400217995799886
13,2.0,15.0,3,2.026186865567355,4.376817280922129,2,0.7906022919609216,1220.8859771127873,35.99130055115582,131.00030803207528,3.639777002386438,0.8623517230183056,0.9295891472174358,62.42503952442191,0.9884269316954487,0.10516129032258063,0.12333333333333334,0.8526591107236268,0.2793548387096774,0.09333333333333334,2.9930875576036864,0.238494623655914,0.04193548387096774,5.687179487179488,0.03516893206229005,0.04179889019809461,0.05270144273947753,0.07830258382328696,0.041813466930186775,0.04533520125930732,0.05654967327092256,0.08461655953097512,-2.8104752293036035,-2.791162694984174,-2.7594044371170923,-2.6848303741034014,-2.302783212030096,-2.2943195252525883,-2.267368094618938,-2.199915722598491,0.819483652757141,2.2492492492492495,44.03350075229125,1.786786786786786,0.5165562913907285,0.9390777072787901,0.919342542215211,0.9790379025015173,0.16264894964846008,-0.17143217036084152
13,2.0,16.0,3,3.213840566616398,14.750989650015754,3,0.748390995870737,1044.5348768930203,4.768613965396467,138.45617779105328,29.034889130418822,0.828255469940321,0.898914128513585,5.620129591172855,0.9926007515800178,0.11161290322580646,0.14666666666666667,0.7609970674486803,0.1996774193548387,0.07655913978494625,2.60814606741573,0.22655913978494624,0.08494623655913977,2.667088607594937,0.20072788853631074,0.1811618711419424,0.19917138103318,0.22531981860097516,0.22145552834526142,0.19161962055041493,0.2039769861093667,0.24027366579775483,-2.233277520585885,-2.2879476963464467,-2.2376266191813547,-2.1645642453276497,-1.8307810590391345,-1.9009414889936953,-1.871882608443344,-1.7865293934391013,0.8117652917746258,2.293293293293294,45.14967772036102,1.786786786786786,0.5331125827814569,0.9504837635683059,0.9322862227171238,0.9820071112507633,0.15660435430667674,-0.20031496077417482
13,2.0,17.0,3,2.252744470646229,4.990229470007284,2,0.6489076899686952,1279.9999783887497,17.597724508881157,165.78764742491418,9.420970725007376,0.7241454505899954,0.8996807343531115,2.429199349348214,0.9935017419074772,0.14032258064516132,0.22666666666666666,0.6190702087286529,0.29752688172043007,0.18,1.652927120669056,0.41279569892473117,0.05655913978494624,7.2984790874524705,0.16675546035637445,0.24535607980626445,0.27917995813759094,0.27191198220719026,0.15017412523020743,0.30178476338690186,0.34269596124341783,0.31365039722329663,-2.1511654455783846,-1.9482442999637062,-1.8609220856076225,-1.8796856273254718,-1.4724046648926303,-1.209724723628502,-1.1388421577304029,-1.1891663773468615,0.8561009171264404,2.293293293293294,38.77828414589461,1.742742742742743,0.543046357615894,0.9530581533128357,0.9219994511043486,0.9813395622950841,0.16655320792318787,-0.1713627770465994
13,2.0,18.0,3,1.9249175679237895,3.90363102765233,3,0.7338084084842172,1039.5684496145973,24.509698283402823,132.2793111916386,5.3970191579720055,0.8179990697388871,0.9179076677230243,12.865383272473164,0.9879088988484578,0.10193548387096774,0.07655913978494625,1.3314606741573032,0.2563440860215054,0.06989247311827958,3.6676923076923074,0.22569892473118278,0.07150537634408602,3.1563909774436087,0.02535866128639679,0.03126470805740275,0.04351433936907523,0.07526200757457926,0.03114051317227898,0.036581769438223714,0.051799261320027365,0.09043750191334637,-2.711788619270608,-2.695355958575513,-2.6612732560861048,-2.5729402848603034,-2.1224761800451097,-2.110556044080087,-2.0772191521176495,-1.9925745298446222,0.8384206405307841,2.3153153153153148,38.77828414589461,1.7207207207207202,0.5562913907284768,0.9621637962826307,0.9245185992450659,0.9811852165685807,0.1737944593549333,-0.20436160959757754
13,2.0,19.0,3,2.4291243441221817,6.1449476962333165,3,0.678355431881255,1353.8267536337785,22.53293145459699,126.38059493790223,5.608706314691205,0.8180784601164024,0.928112292369131,5.082627851745939,0.9893870528680196,0.10193548387096774,0.12322580645161292,0.8272251308900522,0.25311827956989247,0.07666666666666666,3.301542776998598,0.2613978494623656,0.026129032258064518,10.004115226337449,0.026659869238109014,0.024602948361693626,0.029503396513077592,0.046172951169114546,0.04257511793535708,0.033885302785144546,0.03667953569399395,0.06272997781872638,-2.2798586534840357,-2.2846765878436894,-2.2731982476717523,-2.2341530801797442,-1.4899157600533794,-1.5034385886186163,-1.4990902875391867,-1.4585513742467946,0.8234793702476564,2.3153153153153148,36.86095362172154,1.8528528528528534,0.5165562913907285,0.9301851075024165,0.9168935511776828,0.9796278995696848,0.14910295731795786,-0.1808488783252006
13,3.0,0.0,3,2.4410651398554988,5.888317683006564,2,0.904678037379852,1639.5347830192093,67.02920616261326,145.57684159547804,2.171841946662888,0.9446931749082415,0.9483971380416921,22.197716384834894,0.9954541125442544,0.10193548387096774,0.12,0.8494623655913979,0.24989247311827958,0.08,3.123655913978495,0.18268817204301074,0.0489247311827957,3.7340659340659337,0.03466166107913865,0.029477754200743965,0.0353135041574392,0.05380007826626997,0.03159770885360083,0.031140963130105424,0.044137857228034615,0.06986115666526323,-3.4256462988682883,-3.4440421614334302,-3.4233331370072153,-3.3577307863894363,-2.43970368378932,-2.4408543669654694,-2.40811118709236,-2.343306271852094,0.8631161358078892,2.3373373373373365,38.77828414589461,1.786786786786786,0.5596026490066225,0.8948216697805483,0.8971649668998534,0.9675593835767486,0.1695092624869639,-0.1456476122571204
13,3.0,1.0,3,1.947936026414698,3.9377771908949484,3,0.916988688171989,1518.0851287064902,48.32102815436292,208.46999078465174,4.314270592891532,0.9583181733504691,0.9636295507011058,6.767659558740539,0.9963948581644494,0.10516129032258063,0.08666666666666667,1.2133995037220842,0.29215053763440857,0.05967741935483871,4.895495495495495,0.17258064516129032,0.048709677419354835,3.543046357615894,0.0522837398444157,0.04311658238216129,0.05523137483926814,0.09883657407536042,0.05860603576754012,0.050073766525481615,0.06399904283158614,0.10881949003595298,-3.436227758523116,-3.4694660200818865,-3.4255402293362227,-3.267436583413346,-2.7838006773051935,-2.809031492242868,-2.7678529898459443,-2.635314227090686,0.8361299178355133,2.359359359359359,47.498148032284945,1.896896896896896,0.5198675496688742,0.9298241582827325,0.9027236010439769,0.9678357094362304,0.1775312938690061,-0.15221464334827528
13,3.0,2.0,3,2.6406737656199044,7.982486686288695,5,0.8450460161111137,1567.8753700471855,74.31810841696014,154.01071967974764,2.072317540910404,0.8736777907534368,0.9269965332075442,5.600284200100223,0.9934348814173573,0.10516129032258063,0.11000000000000001,0.9560117302052784,0.26602150537634406,0.0732258064516129,3.6328928046989715,0.2940860215053763,0.07494623655913978,3.9239598278335728,0.04070340063944856,0.04221882998009375,0.04784933898817678,0.07214554015889885,0.05638186996300487,0.054578653539782536,0.062357249794200396,0.09021379512523128,-3.0290457823802766,-3.0242607087587956,-3.0064819846655833,-2.929765038381092,-2.2069676257622515,-2.211185052432655,-2.1929921950034506,-2.1278403165536868,0.8562430575606891,2.403403403403404,45.14967772036102,1.8528528528528534,0.5695364238410596,0.9488343925342706,0.9228593280571252,0.9849442990548947,0.15826691934280707,-0.1653642844337855
13,3.0,3.0,3,2.8389907231169227,10.723416733090966,3,0.7436255754616785,1575.2136949778455,77.00324197962257,173.74236408586265,2.2562993403815415,0.8254512042352528,0.8999658575814806,3.0805880748605534,0.9896308684360444,0.10193548387096774,0.08333333333333333,1.2232258064516128,0.27634408602150534,0.08311827956989247,3.3247089262613194,0.20139784946236555,0.06806451612903225,2.9589257503949447,0.03813790554683453,0.04520928172085329,0.05250695206361643,0.08011437151114652,0.04213472662772044,0.046594737309241824,0.056663085903206525,0.08206063143428247,-2.956105618384865,-2.934373048863437,-2.911945005981025,-2.82709869775391,-2.501382339676853,-2.489735407416483,-2.463442785622201,-2.39711929146429,0.8189307262045908,2.381381381381381,55.30224256192911,1.896896896896896,0.543046357615894,0.9275024240318144,0.9097781703835907,0.9709022550405817,0.165176442987054,-0.21443864232742366
13,3.0,4.0,3,2.5825772670326854,7.062886682352229,4,0.8310345182409558,1713.1135128904427,28.73573781006319,208.1017433551121,7.241914049001218,0.8768000181884431,0.9268919174311978,5.298253620999419,0.9930489528785227,0.10193548387096774,0.08333333333333333,1.2232258064516128,0.25311827956989247,0.06333333333333332,3.9966044142614607,0.3111827956989247,0.052258064516129035,5.954732510288065,0.02014550505925827,0.018660274402907483,0.02359715079544249,0.04303839752697933,0.030996702011107,0.02651509463251269,0.0336577501042959,0.06427644376085785,-2.7222061019706927,-2.726332330891852,-2.712616830162076,-2.6586056675294976,-1.6952491879123837,-1.7030896578931072,-1.6905937449140607,-1.6370270381092922,0.8204808487365101,2.403403403403404,38.77828414589461,1.8308308308308305,0.49337748344370863,0.9183138537700596,0.9076045875147694,0.9684950350153921,0.16994886995363861,-0.16100431906914237
13,3.0,5.0,3,2.3719725599585297,5.241420311264877,3,0.8616054875837522,1578.3367494090417,4.143721296083211,277.359522784442,66.93488846525752,0.9194487065091084,0.9650644442036365,3.8486183516110875,0.9928369265855407,0.10193548387096774,0.09,1.1326164874551972,0.2595698924731183,0.10311827956989247,2.5172054223149116,0.24505376344086022,0.06548387096774193,3.7422003284072254,0.01378175599850006,0.02101635568872156,0.030277082082586095,0.055645424320057556,0.018151414310605386,0.02798994705525897,0.037093533293547976,0.07294437338743161,-2.5212474086134047,-2.5027522977875107,-2.4790774341714474,-2.414223769664562,-1.777509510145854,-1.7596981227543613,-1.7432172606837297,-1.678313964857467,0.8560702533893394,2.403403403403404,49.96877453854889,1.918918918918919,0.5066225165562914,0.924130945055834,0.9133895820251282,0.9692661701853904,0.15177476386050154,-0.17271405061001427
13,3.0,6.0,3,2.7188808622267264,9.319552531959767,3,0.9358437416240546,1506.6717260466542,14.153354030587394,219.19079290544045,15.486844491541596,0.964656067986995,0.9585912593177559,7.934304561548733,0.9937605722562793,0.10193548387096774,0.1232258064516129,0.8272251308900523,0.24989247311827958,0.1,2.498924731182796,0.20301075268817206,0.062043010752688164,3.2720970537261707,0.028854349816719294,0.03136339196743496,0.04610127256995077,0.0741299359187854,0.04047229214018429,0.043521719716228424,0.0554329535995784,0.0977017518445086,-2.733281670280158,-2.726219991201209,-2.6847403440421744,-2.6058538950740258,-1.9286604537232963,-1.9225310732747343,-1.898589372000567,-1.8136286575432043,0.8410855148651399,2.403403403403404,47.498148032284945,1.874874874874875,0.5496688741721855,0.9346722002964079,0.9217899620731066,0.9797524519929393,0.15151318662958813,-0.1548137663875618
13,3.0,7.0,3,1.9639406736193272,3.8197071112971326,3,0.8392032571681568,1458.5915893632919,11.570818337759178,231.4145736925209,19.999845035795193,0.8815510134502806,0.9170564974971336,5.616318618590436,0.9918526966747877,0.10193548387096774,0.12333333333333334,0.8265039232781167,0.282258064516129,0.043333333333333335,6.5136476426799,0.26462365591397846,0.048709677419354835,5.432671081677704,0.048459547719768355,0.04836483638319979,0.05683793118763874,0.07326504709148661,0.05883076526898517,0.058582316640581264,0.07056791541858855,0.08853986527235055,-3.456618875795834,-3.456962929475265,-3.426183093087599,-3.36650903638086,-2.70033683810703,-2.701049669507483,-2.6666614291010977,-2.615097569540181,0.8253882618050633,2.359359359359359,49.96877453854889,1.896896896896896,0.4867549668874172,0.9406656716725502,0.924805488951106,0.9804749088169672,0.165041075170272,-0.17105077769203134
13,3.0,8.0,3,2.393236975785858,5.864453987484223,3,0.8243731706473687,1512.716955969532,5.472028821945843,196.93334340181954,35.9890910318324,0.8659224193017667,0.9212575007503934,1.872056112944632,0.9920537073765389,0.10193548387096774,0.043333333333333335,2.3523573200992556,0.2789247311827957,0.05645161290322581,4.940952380952381,0.2844086021505376,0.05817204301075268,4.8890942698706095,0.020298334883606776,0.022495890683026678,0.030619954506404565,0.06898683077133909,0.025404977601612446,0.025645890402279232,0.03601404552460753,0.08177812981010399,-3.280912217873644,-3.273552847232052,-3.246346258526562,-3.1178598451812145,-2.5588537753289855,-2.5582212452879496,-2.530999073751841,-2.4108429092351833,0.8296438383316465,2.3373373373373365,47.498148032284945,1.8528528528528534,0.5231788079470199,0.9337001565263475,0.9123514129197862,0.9751534359384938,0.1673121965180683,-0.15880606489021068
13,3.0,9.0,3,2.7644648029694308,9.792913130397665,3,0.8245711151355823,1598.5460268627141,56.36067215745706,184.7988190257336,3.27886116243351,0.867774726362572,0.9226546886066799,4.018718008674707,0.9905736195674842,0.10193548387096774,0.06333333333333332,1.6095076400679118,0.26924731182795697,0.08645161290322581,3.1144278606965172,0.23129032258064516,0.052258064516129035,4.425925925925926,0.024103001968131855,0.033381450426250035,0.04200668160805287,0.09642870542913962,0.031199414572121893,0.04079587008022562,0.05102672904118531,0.11198127950611719,-2.9967746704076923,-2.9682825043532333,-2.941796231330398,-2.7746776288259656,-2.2788291983428577,-2.2562562526392727,-2.232191052354463,-2.0888127230463716,0.8548917648619324,2.381381381381381,45.14967772036102,1.808808808808809,0.5264900662251656,0.9304409677125265,0.9291354328596733,0.9809883535902952,0.14859900747270685,-0.1875177304105395
13,3.0,10.0,3,2.405957145623814,6.883497597582673,2,0.919342757621106,1636.3288702688506,32.55521580753707,228.32024603028873,7.0133230687240244,0.958103427045666,0.9728829537997514,18.7891313965,0.9969405706519496,0.1309677419354839,0.09333333333333334,1.4032258064516132,0.17623655913978495,0.06,2.937275985663083,0.1421505376344086,0.059354838709677414,2.3949275362318843,0.09221807154364418,0.10957387409407925,0.11636856565382354,0.17203571136411425,0.11127713571126428,0.1358944784111385,0.14166971522926566,0.20141813213397033,-3.054722279564842,-2.9963193139751922,-2.9734549067429215,-2.786132748292195,-2.3465379810697113,-2.2815396199838904,-2.2662909827675484,-2.108534346577161,0.8191180655884626,2.359359359359359,42.91732378422149,1.8528528528528534,0.5231788079470199,0.9079114501473541,0.9005785350628167,0.962225434015087,0.18723172545719582,-0.16333480031051784
13,3.0,11.0,3,2.8547355331346305,9.289227617512305,3,0.7300880599764181,1494.9351892931038,2.1521709922683168,163.20925526725293,75.83470637490369,0.856787696465237,0.9359569386017603,3.208153662435151,0.9918262936398013,0.10193548387096774,0.15,0.6795698924731183,0.2629032258064516,0.1,2.6290322580645156,0.1975268817204301,0.03247311827956989,6.082781456953643,0.057854002619134544,0.061437789797337994,0.07480379367337005,0.09438309935796617,0.07337761889453014,0.07814236817528089,0.09279078449251241,0.12147743304051767,-2.384188328059507,-2.3751192203158293,-2.341295300750684,-2.2917480413933298,-1.7656776800982126,-1.7565984568592392,-1.7286859195975492,-1.6740235500165264,0.8264662542895985,2.381381381381381,35.03842245290676,1.786786786786786,0.5364238410596026,0.9606436485065879,0.9280061144997527,0.9820209677938587,0.1624936452652863,-0.15709801102724671
13,3.0,12.0,3,2.064020269337532,3.9542197114600217,3,0.8735780694607376,1651.4437661227555,23.328269211987084,209.94940468681656,8.999784886695982,0.9090350993151558,0.9587897973960927,7.057136345441151,0.9929864616503162,0.11806451612903228,0.13999999999999999,0.8433179723502306,0.2920430107526882,0.15333333333333332,1.9046283309957925,0.2458064516129032,0.055698924731182785,4.413127413127413,0.10211797012970683,0.10386472722830493,0.1143375748505462,0.13245518204155024,0.1354147303608336,0.13822561701855654,0.1521279600871115,0.17952455238016338,-2.7619663574499893,-2.7565931745813423,-2.7243777477913564,-2.668646348927882,-1.7705347968940313,-1.7647785426385076,-1.7363087282366174,-1.6802048115096864,0.8048671925199014,2.3373373373373365,42.91732378422149,1.8528528528528534,0.4900662251655629,0.9499114939885718,0.9342122765639087,0.9884699686386675,0.14888724331445852,-0.1588212531899006
13,3.0,13.0,3,2.4505828023599405,7.943429747651335,4,0.8876114994961025,1495.8400540914317,36.90880071015357,218.8154249585267,5.928543348695988,0.9415784128639512,0.9615073944588405,53.284506073567385,0.9953963659565747,0.10193548387096774,0.06989247311827958,1.4584615384615383,0.27010752688172046,0.0532258064516129,5.0747474747474755,0.10548387096774195,0.06881720430107527,1.5328125000000001,0.052817087113731835,0.058387601606803695,0.07358657220197631,0.11547646748219481,0.05280205970632171,0.06448089807869084,0.07353668247064672,0.1260634355458675,-3.0457874733450123,-3.027874773451193,-2.9790005448130814,-2.844298243316281,-2.7157885309337595,-2.6823031801353032,-2.656338601514432,-2.5057348602049383,0.838290607929145,2.359359359359359,47.498148032284945,1.8528528528528534,0.5562913907284768,0.9353520709691651,0.9075025734635093,0.9752647204684932,0.17701596335473027,-0.18008361213924795
13,3.0,14.0,3,2.354546758961829,5.508754074567431,3,0.8539283169219635,1545.8763982007085,73.38648382820806,182.2655403116484,2.483639095426858,0.9365856363469056,0.9540308965618438,31.828239895561477,0.9949985216298832,0.11161290322580646,0.0732258064516129,1.524229074889868,0.2631182795698924,0.06655913978494624,3.953150242326332,0.1750537634408602,0.07279569892473119,2.4047267355982274,0.07152698683256545,0.08401006323869076,0.09973866453026159,0.1606047127008553,0.09811964412685945,0.11501487304513165,0.1303187332441534,0.21753783721035325,-2.939503808378676,-2.8999829498123,-2.8501869054024396,-2.65748773390142,-1.979240350433247,-1.9421625733344468,-1.9085771676583594,-1.7171686634433978,0.835349491215793,2.403403403403404,49.96877453854889,1.896896896896896,0.5132450331125827,0.925897045455612,0.9138655690156939,0.9753508578842044,0.14746498768295116,-0.16761657583526607
13,3.0,15.0,3,2.282543890416264,5.213371944626012,2,0.8314708183841941,1407.1317792610903,9.286701658905598,179.1895957540716,19.295289364899055,0.8945095307966155,0.9426781060638572,277.381249709745,0.9919075918952129,0.10193548387096774,0.09333333333333334,1.0921658986175113,0.25311827956989247,0.08655913978494624,2.9242236024844717,0.28784946236559145,0.03247311827956989,8.864238410596029,0.03158503977083807,0.03854592268096939,0.04796488604164221,0.07371979196866738,0.036430924183326614,0.045639414949377205,0.05987293215324822,0.08625824645286537,-2.62006946522233,-2.601236632694105,-2.5757534056593774,-2.506072901567305,-1.8722576610608122,-1.8543651530754,-1.8267087947533958,-1.775440953062766,0.8437641518999198,2.381381381381381,45.14967772036102,1.8528528528528534,0.5728476821192053,0.9251303533314094,0.9173448245828671,0.9847896206592293,0.16604972937107457,-0.1473008482605
13,3.0,16.0,3,2.4009753095967383,7.817146546680069,2,0.8682117302965342,1443.8428552951216,37.03776588963393,148.138773272345,3.999668168802963,0.905047461450697,0.9419896705922007,38.48961111083663,0.990490700802201,0.10193548387096774,0.11311827956989247,0.9011406844106463,0.2565591397849462,0.03333333333333333,7.696774193548387,0.20290322580645165,0.07516129032258065,2.699570815450644,0.033494827395006546,0.044243166211286586,0.06471179730698172,0.10574050484936005,0.04364300444038514,0.055644030130201375,0.07271601450759396,0.1290138303009367,-3.375084033834539,-3.3375503012097094,-3.2660728254923974,-3.1227985423533644,-2.459065488064785,-2.428207442134,-2.3843105210154776,-2.239552845258812,0.8637999189105628,2.425425425425425,52.56791122018419,1.918918918918919,0.5695364238410596,0.9459783808316539,0.9224710142724634,0.9787277059865532,0.15176835191942634,-0.19238644062214164
13,3.0,17.0,3,2.4770329046783806,7.070019834080176,2,0.8166049963244666,1659.300933308628,0.2666542010907937,219.7298014189707,824.0252751320967,0.8693830217732039,0.9219640478647166,6.368879458508707,0.9907293533130567,0.10193548387096774,0.13322580645161292,0.7651331719128328,0.2532258064516129,0.06311827956989248,4.0119250425894375,0.2413978494623656,0.05870967741935483,4.111721611721612,0.03703807337798206,0.0370417211021415,0.03715837106764968,0.06241986708310437,0.04576921509608054,0.04551334881858699,0.04833006303294888,0.07586234461383384,-2.8230802312519345,-2.8230695373525405,-2.8227275589186087,-2.748669355742033,-2.092840580558794,-2.093401752276587,-2.087224070834202,-2.0268396469826393,0.8763275436507807,2.381381381381381,55.30224256192911,1.9409409409409404,0.5264900662251656,0.9519806167702017,0.9313057826876919,0.9846876149297049,0.15771170734284368,-0.15722716686884677
13,3.0,18.0,3,2.6380062924256893,7.784517197440497,3,0.8705504988259292,1559.5712837547335,10.281581192243202,178.42697717693727,17.354040574182214,0.9215442983681936,0.9397299774152356,16.760115224909093,0.9952136680121053,0.10193548387096774,0.1432258064516129,0.7117117117117117,0.2563440860215054,0.1232258064516129,2.080279232111693,0.1894623655913979,0.0429032258064516,4.416040100250629,0.05161916985741925,0.05509361010905393,0.07382051087757764,0.1199246421211767,0.05404812870716163,0.06070867189624587,0.08376904635966707,0.13837527234738878,-3.2022932685087864,-3.19056150814837,-3.127328441467699,-2.9716536909461957,-2.3628364034911247,-2.3461994324233637,-2.2885983071294946,-2.152200692687745,0.8334233557951303,2.403403403403404,42.91732378422149,1.808808808808809,0.543046357615894,0.9240686128937778,0.9067923130909057,0.9644117920605676,0.17663664148858954,-0.13916889789370213
13,3.0,19.0,3,2.456056504556156,6.554343510816176,3,0.8426181210433275,1502.7638348131968,4.225494341980197,259.59866250182455,61.436282122713386,0.8939648914611803,0.9390888433841733,2.4079630727548893,0.9913970526811093,0.10193548387096774,0.09666666666666665,1.0545050055617353,0.24989247311827958,0.06978494623655915,3.5808936825885977,0.28096774193548385,0.06225806451612903,4.512953367875648,0.03964898137039434,0.04609827734607736,0.06334428906492105,0.08942007943021796,0.053753041968643334,0.05481796153442503,0.06494690788235681,0.0993726913366054,-2.909609839696449,-2.89007017694195,-2.8378193182254443,-2.7588165632400905,-2.2108995536001665,-2.208411376309214,-2.184745162358394,-2.104309554481056,0.8274699418732927,2.359359359359359,33.30600343624582,1.8308308308308305,0.5165562913907285,0.9253288185981076,0.9146760868119405,0.9689456728401905,0.15908256934226964,-0.1564264872809814
13,4.0,0.0,3,2.550180495516327,6.830817968553639,2,0.5506026648965001,1958.6111470824007,20.119091038913965,185.54363063289284,9.222267063358771,0.6916129880312984,0.8469154983135977,1.9611382174114202,0.9879237159095371,0.10516129032258063,0.2,0.5258064516129032,0.26924731182795697,0.10666666666666666,2.524193548387097,0.30397849462365595,0.05548387096774195,5.478682170542635,0.01342916999880794,0.01477641224086453,0.02407587671702071,0.033409739089460766,0.019790161437305383,0.02159823718104267,0.03232984249570775,0.04958398903781777,-1.7294964660458885,-1.7271346987751677,-1.7108323812339001,-1.6944697628624708,-1.0755333396902549,-1.0735494320956054,-1.0617741990279146,-1.0428421202791929,0.8268453394725543,2.293293293293294,35.03842245290676,1.874874874874875,0.49337748344370863,0.9829163819289863,0.9626473500716871,0.9947776306291796,0.1261610316602406,-0.21121900208526181
13,4.0,1.0,3,1.833852860883841,3.0941343588289554,3,0.7003613252783036,1654.9302628272417,13.277892887548038,162.9821799516573,12.274702118172787,0.780669595614335,0.8698776542041532,20.562106294131073,0.9865415394363782,0.10838709677419356,0.13333333333333336,0.8129032258064516,0.2595698924731183,0.07333333333333333,3.5395894428152492,0.2524731182795699,0.03870967741935484,6.522222222222223,0.0223262615806993,0.02233317733701894,0.023818174051116213,0.036422368317092564,0.02883969767443725,0.027672838371225358,0.02973318722933026,0.04785181529624204,-2.2958164806109407,-2.2958002407277256,-2.292313106118393,-2.262715382682111,-1.6218527607918876,-1.6238014339180833,-1.6203606193834386,-1.5901022296184177,0.8109616839885107,2.3153153153153148,47.498148032284945,1.8308308308308305,0.46688741721854304,0.9338882022336543,0.9260945278097354,0.9801104676157861,0.15699704177723325,-0.19632948354572724
13,4.0,2.0,3,3.009949307702615,11.454703822042294,4,0.8288941978404019,1753.4905033124842,52.47851751907071,145.85443144397823,2.779316915554535,0.9096395126007144,0.9267884032624365,4.591534213148924,0.9945069088579483,0.10193548387096774,0.15333333333333335,0.6647966339410939,0.24989247311827958,0.07333333333333333,3.407624633431085,0.2224731182795699,0.05559139784946236,4.0019342359767895,0.015023513464885296,0.01583852090534649,0.019698664118163994,0.03159677416090315,0.021881245376856328,0.02256500788568232,0.02817343271947797,0.041588299413171124,-1.9899383435340054,-1.988291791988654,-1.9804931824830208,-1.9564555473584286,-1.3527088154722582,-1.3517631924903795,-1.34400690964872,-1.3254545525354617,0.8661126905912928,2.3153153153153148,33.30600343624582,1.8308308308308305,0.5198675496688742,0.9676619092668043,0.9389185286096244,0.9928569479442527,0.14716885926307513,-0.16774542557042948
13,4.0,3.0,3,2.015484735213497,5.055949093652099,2,0.41787185319503384,1615.850986820259,20.64091239394793,97.51163976818589,4.724192318009016,0.56667343693606,0.7815033249868877,3.4838882347845144,0.9740210989734867,0.11806451612903228,0.08,1.4758064516129035,0.301505376344086,0.06655913978494624,4.529886914378029,0.33258064516129027,0.062258064516129016,5.341968911917099,0.06403647940549159,0.07012933705303015,0.07525572364145294,0.09862247421957455,0.07358081485685572,0.06649624796517875,0.07802353040801499,0.11633460909463343,-2.436513211022627,-2.420652199536113,-2.4073071189077915,-2.346478469895808,-1.9223883338390364,-1.9370893341651012,-1.9131693704549888,-1.8336710484156358,0.8297611121477888,2.293293293293294,42.91732378422149,1.808808808808809,0.5397350993377483,0.9463384512142226,0.9233690398531524,0.9753428882500028,0.16228214781671027,-0.24370344454226944
13,4.0,4.0,3,2.529685720803568,7.556060671408277,3,0.5453821635587557,1787.9522164468908,10.52191267137396,188.33718046719414,17.89951944569798,0.7659221221356096,0.8518933350135062,3.540224890200019,0.9838992617712689,0.11483870967741935,0.1,1.1483870967741934,0.2627956989247312,0.09,2.9199522102747912,0.27440860215053764,0.026021505376344085,10.545454545454547,0.025111941320940648,0.034309804050459074,0.04652433142235456,0.07461437665606913,0.033483798149724714,0.04845910482473294,0.06244049108190555,0.10214564826552236,-1.9080040721484983,-1.8900024571048561,-1.866096770952003,-1.81112028394345,-1.2420015044102697,-1.2227577986309364,-1.2047913095727019,-1.153769024731027,0.8351277575044458,2.3373373373373365,45.14967772036102,1.742742742742743,0.5827814569536424,0.9709295847815873,0.9455149092445676,0.9886486185589564,0.15490226879642557,-0.2161601027448029
13,4.0,5.0,3,1.7195570083171983,3.086896678842085,1,0.2993932600076795,1452.3277376270062,0.9138565238847105,95.54611741061007,104.55264575280735,0.4663973105076097,0.805373022381848,2.0858918358887544,0.976033930724956,0.10193548387096774,0.08,1.2741935483870968,0.27602150537634407,0.06989247311827958,3.9492307692307684,0.3024731182795699,0.06817204301075268,4.436908517350159,0.04675312857703446,0.06926302038778401,0.07044929990899362,0.12090606815149728,0.05164146298500673,0.06409176144925456,0.06735645262273417,0.11739132814651386,-2.733836805737242,-2.6692802122983057,-2.6658780562417808,-2.5211720265078474,-2.5269026091669047,-2.493728772009031,-2.4850299979458423,-2.351712004195994,0.8373108787634901,2.3373373373373365,42.91732378422149,1.8308308308308305,0.5629139072847682,0.9597281526437208,0.9344694423754094,0.9780379003791733,0.14113053312866894,-0.26611210543295305
13,4.0,6.0,3,1.8008312149349113,3.61372483398548,3,0.4813943884317927,1779.8338188732696,7.083545857341234,171.967509784463,24.277037693804097,0.6900805216868783,0.8422150360982229,2.128384791071485,0.9817910100025555,0.10193548387096774,0.14666666666666667,0.6950146627565982,0.3053763440860215,0.09,3.3930704898446833,0.1806451612903226,0.05193548387096773,3.478260869565218,0.04890858007223386,0.05128415558169004,0.0606553106483862,0.08185234691929635,0.04751748841881222,0.04748455873270408,0.056813032226811166,0.07800304732191216,-2.765939807042474,-2.759031218941933,-2.7317782648159126,-2.6701335846257725,-2.683360713982607,-2.6834534844271576,-2.657173044638336,-2.5974759338320705,0.8670195150130741,2.381381381381381,38.77828414589461,1.8528528528528534,0.5662251655629139,0.9590907932076146,0.9162236539481085,0.9757839605688281,0.17812039635392343,-0.2228719522221479
13,4.0,7.0,3,1.8032667925685748,4.00482459248946,2,0.5189644340723449,1754.5240037799465,41.302767197534926,147.4601316951659,3.570224023729983,0.6930683318858979,0.8222692389960701,3.890189284925666,0.9802779069184325,0.11806451612903227,0.12999999999999998,0.9081885856079407,0.3047311827956989,0.06999999999999999,4.353302611367128,0.2161290322580645,0.029032258064516127,7.444444444444445,0.05993482018173437,0.0575133687792438,0.0704748673449178,0.09108321269123167,0.06437645285091252,0.058834662740074345,0.0743704591944518,0.09900127355801136,-2.9770921166878965,-2.9847606103584003,-2.943712844704758,-2.878448282432221,-2.656270330826406,-2.6720036807361436,-2.6278969720996783,-2.557969166608491,0.8556999907712938,2.293293293293294,52.56791122018419,1.918918918918919,0.5198675496688742,0.9407613546293696,0.9111173848268933,0.9776400942111587,0.17095195138846705,-0.21298563491039546
13,4.0,8.0,3,2.1663846091927628,6.253095553245533,4,0.4993489003769913,1596.4986471805137,11.965018107960097,161.65471797230268,13.510612062070921,0.7791367592264141,0.8510104877440745,2.52113837502798,0.9869615581232867,0.10516129032258063,0.05333333333333333,1.971774193548387,0.2789247311827957,0.06666666666666668,4.183870967741934,0.18430107526881723,0.05182795698924732,3.5560165975103737,0.012108496271608437,0.014302167924302289,0.017674289267135275,0.03208303920644739,0.012667018322212535,0.01683693839359917,0.018983114965783168,0.03590549836673876,-2.5215881123341988,-2.5159887764345368,-2.507381453606732,-2.470603191597754,-2.113727504664513,-2.104800349479071,-2.1002057167313803,-2.0639775060842545,0.8867338338667813,2.359359359359359,35.03842245290676,1.7647647647647646,0.5761589403973509,0.9496385294250697,0.9406743159348399,0.9899584941129477,0.14124369110197263,-0.20643771446774256
13,4.0,9.0,3,1.8562276312669392,3.8938143708285304,2,0.33989433181743967,1711.8270415485008,13.116571451801441,150.3134177254099,11.459810079010069,0.5442473446304967,0.8264385677569672,1.605029663863845,0.9810285217439954,0.11161290322580646,0.06999999999999999,1.5944700460829495,0.28537634408602147,0.05,5.707526881720429,0.23419354838709677,0.06150537634408602,3.807692307692308,0.0290510887883535,0.03273708771182355,0.03685339895291351,0.07304422573961786,0.031751283445584734,0.03468127827325768,0.039843914330148895,0.0788535647634977,-2.982185586179022,-2.9708643593530644,-2.9582214654688883,-2.847064471780592,-2.578817798072272,-2.571014097761932,-2.557264017311675,-2.4533663522653573,0.8411434318036327,2.3373373373373365,40.79534503452449,1.874874874874875,0.5496688741721855,0.9501006178242084,0.9297775975763891,0.9815623115231349,0.15897816571538345,-0.2504070696961512
13,4.0,10.0,3,2.6805655572460645,7.853145208186563,2,0.7894923871358035,1766.3251969640683,10.193169157546746,144.5144220310721,14.17757517779223,0.8702927343270683,0.8814902132747249,25.509785531249932,0.9954477573630998,0.10516129032258063,0.17322580645161292,0.6070763500931098,0.282258064516129,0.11655913978494623,2.4215867158671585,0.17817204301075268,0.04924731182795698,3.6179039301310048,0.05363512393227295,0.07930598619498652,0.08120199515113694,0.10039972449227903,0.07531629291582108,0.09352238302405201,0.10804150583808221,0.13090549580855448,-1.7152373569855293,-1.668710247777933,-1.6652738296764062,-1.6304789388600363,-1.1320915900804982,-1.1098018478239067,-1.0920260649187006,-1.064033649173778,0.8708533048111061,2.3153153153153148,36.86095362172154,1.8308308308308305,0.5794701986754967,0.9767736471756981,0.9452036186212416,0.9937190072108892,0.13760084669320788,-0.16011637211560517
13,4.0,11.0,3,1.7549776143604208,3.495463421022442,2,0.4870806028394943,1769.1708453705405,7.022185376967834,118.79293276576897,16.916803870686696,0.633818954368695,0.7985272602388894,60.431560355871746,0.9812918874242937,0.10838709677419356,0.09666666666666665,1.1212458286985543,0.2756989247311828,0.06655913978494624,4.142164781906301,0.2441935483870968,0.07150537634408602,3.415037593984963,0.047335541289288324,0.045421299214809065,0.07351845689764369,0.10577718509239288,0.05399783612230079,0.05327752545994302,0.07710919465603802,0.12353387531084593,-2.4814302392251735,-2.48641631603887,-2.4132309084454966,-2.3292057483910016,-1.9421130549342294,-1.9435918303476376,-1.894666153817585,-1.799357726613489,0.8290668739512237,2.3373373373373365,38.77828414589461,1.786786786786786,0.5860927152317881,0.9323279877095911,0.9190223503038023,0.9742676736129009,0.1656770770478411,-0.252631617423431
13,4.0,12.0,3,2.2880360516201255,5.666260343437413,3,0.69995751736747,1589.7701431620196,14.107723259697305,123.13028935534341,8.727863957120555,0.8601764598828633,0.8448891163592337,11.575310813918914,0.9909813119138241,0.10193548387096774,0.06999999999999999,1.4562211981566822,0.2563440860215054,0.04967741935483871,5.16017316017316,0.18838709677419355,0.058602150537634415,3.2146788990825685,0.03321506955620227,0.04843352773505043,0.059735766269249355,0.08693202459511382,0.04220347671548856,0.05929991238544948,0.072359993211763,0.1052266270899929,-2.0173223191576226,-1.9855670296608527,-1.9619834410740753,-1.905234915946405,-1.5325343784075929,-1.5051790114006216,-1.484282064748037,-1.4316933936718519,0.8607645647272477,2.3153153153153148,45.14967772036102,1.8308308308308305,0.5596026490066225,0.9775848748832997,0.9453529990454791,0.9922341994895583,0.1437495764149205,-0.21899444510958416
13,4.0,13.0,3,1.8365735866792743,3.90934872784326,2,0.4081281312299253,1502.9992262842138,14.576858134263194,107.86266507809533,7.399582549586731,0.5939934280531416,0.8672911200842182,1.6949680522770334,0.9815237255109476,0.10516129032258063,0.056666666666666664,1.8557874762808348,0.28215053763440856,0.05978494623655913,4.719424460431655,0.22999999999999998,0.05913978494623655,3.8890909090909096,0.05174432072643276,0.06378953123641304,0.0806233969341007,0.1511748344427451,0.06459343283769942,0.07616884604437844,0.09934754552149504,0.176348687667184,-2.402282637744435,-2.3717676609206007,-2.3291212479587964,-2.150388341740122,-1.869348832051744,-1.8462161259985188,-1.7998950113975474,-1.6460132660797182,0.8270750517804852,2.293293293293294,47.498148032284945,1.808808808808809,0.5298013245033113,0.9624725840287185,0.9366679164184922,0.9841546499066429,0.15712530897218557,-0.26277633100982367
13,4.0,14.0,3,2.1384805185507916,5.5764354351325185,2,0.5961087458031777,1709.2882003738173,12.101813241243033,141.64979876611054,11.704840914530676,0.7480980690945993,0.8326334724916125,3.8119293310883893,0.9825024791201478,0.10516129032258063,0.06999999999999999,1.5023041474654377,0.2789247311827957,0.06,4.648745519713262,0.3175268817204301,0.055591397849462355,5.711798839458415,0.07259225961124753,0.06561949594937073,0.07476264792700624,0.12722157217898106,0.07275440961867247,0.07223605150575446,0.07601015485388479,0.13598290643824512,-2.390456981552423,-2.408429757549808,-2.3848626569893017,-2.249646186108546,-1.9233714309988887,-1.9244466533517963,-1.9166180881553354,-1.7922175213235054,0.8598352226889014,2.359359359359359,38.77828414589461,1.8528528528528534,0.5860927152317881,0.9397533429978266,0.9257851267661975,0.9773709621289859,0.16682361083904623,-0.23038808437307465
13,4.0,15.0,3,1.9420594787810959,4.137467227487293,3,0.8213564384033694,1849.0896522806265,12.474141511637548,164.73564088523693,13.206170599519774,0.8680298711344889,0.896625798781969,10.309090636493025,0.9910608232283592,0.10193548387096774,0.12333333333333334,0.8265039232781167,0.2532258064516129,0.06989247311827958,3.6230769230769226,0.18612903225806451,0.04193548387096774,4.438461538461539,0.04250981994506145,0.043775669469998016,0.04402516114128676,0.059035125564039996,0.04858410431202778,0.04744549658503592,0.04714439353559721,0.06181883820832372,-2.1487664847113366,-2.1459257088051906,-2.1453658081893443,-2.1116809629970197,-1.774622533446604,-1.7767463143695779,-1.777307944944435,-1.7499365290367732,0.8370026516690188,2.359359359359359,31.659241119835205,1.742742742742743,0.5331125827814569,0.9299409279674595,0.9215254575221531,0.9793922860660979,0.1738017117050893,-0.19592018726836774
13,4.0,16.0,3,2.3668055447382357,5.822783088564629,3,0.6334773594256007,1613.9694490405911,0.3030520680312062,170.14276955900738,561.430815055475,0.7620620006105481,0.860183995927956,16.315467926042345,0.97872412716429,0.10193548387096774,0.10333333333333332,0.9864724245577524,0.2627956989247312,0.06333333333333332,4.149405772495756,0.2881720430107527,0.03903225806451612,7.382920110192839,0.010628637375172362,0.011538138777234839,0.016862036340654817,0.027505946952561245,0.02230324338788727,0.022483207101970104,0.029915772403861358,0.051275882577779694,-1.759614123747618,-1.7579965597336449,-1.748527915602764,-1.7295975360181672,-0.8585549511946156,-0.8583969177995816,-0.8518700824624897,-0.8331129082938576,0.8259280731798891,2.425425425425425,45.14967772036102,1.896896896896896,0.48344370860927155,0.9589597347711815,0.9521018305458748,0.9909555391256872,0.12029790553945018,-0.21105408411722085
13,4.0,17.0,3,2.7496334812674155,9.284773866504393,5,0.6108898611280313,1695.765407688511,39.98497683771496,162.62953658845564,4.067265994638738,0.6903309596363146,0.897189077031441,2.2528574329855853,0.9905603735844507,0.1309677419354839,0.10333333333333332,1.2674297606659735,0.28215053763440856,0.0832258064516129,3.3901808785529712,0.2672043010752688,0.05548387096774193,4.815891472868217,0.053891206064989046,0.06743364607553798,0.07364995154278506,0.11683088070795405,0.05626022808475989,0.08305140429896767,0.09701172752241771,0.14657024652805103,-1.8026970371838087,-1.7768935390663048,-1.765049113224507,-1.6827730223902417,-1.2647920088602007,-1.2288867025542811,-1.2101771962056276,-1.1437592908946483,0.8285999594813496,2.3153153153153148,45.14967772036102,1.7647647647647646,0.5794701986754967,0.9934817650463565,0.952925974667122,0.9958062923454435,0.149653845510816,-0.222909432811501
13,4.0,18.0,3,1.6408102496544175,2.3894514829666935,1,0.47947170952418106,1630.7500445498765,10.324187280803665,143.5182853966751,13.901170280349973,0.5796839430212464,0.8385927294797858,2.7637100842675157,0.9746282843894458,0.10516129032258063,0.09333333333333334,1.126728110599078,0.28279569892473116,0.07333333333333333,3.856304985337243,0.2118279569892473,0.04838709677419355,4.377777777777778,0.03712273084624999,0.039741191930227904,0.057329339431688615,0.09319733139855312,0.03735352436328077,0.04029035754484724,0.05543669298934183,0.09230299330005973,-2.5721310991071458,-2.5651364120357387,-2.51815324750019,-2.4223391904484743,-2.1997337612918684,-2.1930228333819097,-2.1584120948809775,-2.074169283527233,0.8344614115565051,2.359359359359359,33.30600343624582,1.8308308308308305,0.5298013245033113,0.9500408779673434,0.9282253486753214,0.9813331361449082,0.1481860501111238,-0.21929535019409813
13,4.0,19.0,3,2.380896167903587,6.76657801976952,4,0.5651083931796257,1601.524650565101,9.116702160640738,166.31780967266187,18.243198773203396,0.6446559295953709,0.8764078608641647,4.473309311133827,0.9889880319941833,0.14064516129032262,0.13999999999999999,1.004608294930876,0.31763440860215053,0.09,3.5292712066905616,0.25903225806451613,0.05881720430107527,4.404021937842779,0.0902275962459853,0.10997779196394075,0.10791810050360752,0.13955405385091563,0.10339468375253043,0.13089134062127952,0.1197754976401351,0.1677101742099502,-1.7512722876711875,-1.7132540203614555,-1.7172188367932912,-1.6563210032663696,-1.2567526517557621,-1.2182111711198378,-1.2337920124219186,-1.1666029931304664,0.8429588944595554,2.359359359359359,40.79534503452449,1.8308308308308305,0.5860927152317881,0.93420593666482,0.9256309813033392,0.9787533612280911,0.16985759620578178,-0.22305802491602145
13,5.0,0.0,3,2.503652174757247,7.026859011928792,2,0.5395155369073016,697.4784818941351,48.04117834713377,152.57371722320096,3.175894565298559,0.6140280516866856,0.858898352034105,36.24938007443979,0.9894572605932643,0.10193548387096774,0.13666666666666666,0.7458693941778127,0.2627956989247312,0.06333333333333332,4.149405772495756,0.2905376344086022,0.03258064516129032,8.91749174917492,0.01282558849940693,0.015728517457975436,0.020940007216318356,0.030607928435742057,0.013695614590575582,0.015543920144088041,0.024193070607343613,0.03892801190048494,-1.6705016319661345,-1.6655892806062578,-1.6567703707511563,-1.6404102645869199,-1.1709043652632631,-1.1687101247499254,-1.1584421707764259,-1.1409493893011868,0.8271087184940802,2.3373373373373365,33.30600343624582,1.742742742742743,0.5463576158940397,0.9774285382382633,0.9457381374041821,0.9924560641751266,0.14198875972202432,-0.2283503821095479
13,5.0,1.0,3,2.0840287667367194,5.086685904403726,3,0.5681827026197366,707.9949779189812,12.55821343399705,116.41916206219551,9.270360204822655,0.6413458859966832,0.8448049678636781,1.960797911507513,0.9810346581323451,0.10516129032258063,0.09989247311827956,1.0527448869752423,0.2627956989247312,0.04655913978494623,5.644341801385682,0.23569892473118279,0.03225806451612903,7.306666666666667,0.012216576198508827,0.011837296963612017,0.0169309566257227,0.0313462001532679,0.015214531127576179,0.015704060448777906,0.020987614107917184,0.03939419065708053,-2.1086079472721257,-2.1094175895374927,-2.09854422298221,-2.06777219711943,-1.526700178381793,-1.5259412674051134,-1.5177502424876421,-1.489214764874247,0.8221494319454498,2.3373373373373365,40.79534503452449,1.742742742742743,0.543046357615894,0.9511676811650505,0.9271086364591844,0.9820688220747501,0.15276759475462617,-0.23550589870172572
13,5.0,2.0,3,1.9449842191939855,4.0318982084990544,2,0.7988000123795733,766.6023892049989,7.295940512527752,112.16665729221647,15.373844825025198,0.8464155519242653,0.8834304144870595,5.482300347272596,0.9858290461159922,0.10193548387096774,0.13989247311827957,0.7286702536510377,0.2693548387096774,0.07999999999999999,3.366935483870968,0.1964516129032258,0.05193548387096773,3.7826086956521743,0.0346090449983282,0.03278863152103818,0.04625386617470248,0.07790736704237469,0.04826115377126264,0.042087935300706245,0.05662104683818192,0.09527517779727035,-2.541295227779183,-2.5460872843635687,-2.510641399575654,-2.4273167213395914,-1.8054923389428421,-1.8172032181397717,-1.7896332375238835,-1.7163045743179324,0.8573296765490064,2.3153153153153148,35.03842245290676,1.6986986986986992,0.5695364238410596,0.9635341131763732,0.9250467609544306,0.9850971956298141,0.16730711914114973,-0.18932612823440778
13,5.0,3.0,3,2.1767201147330666,5.197193466025064,3,0.7198435012361923,773.0326038156861,21.888345587822073,149.96005614818395,6.851137083271227,0.9056095806687732,0.8911660427674116,19.137849434048533,0.9916877237710316,0.10838709677419356,0.10666666666666666,1.0161290322580647,0.26602150537634406,0.06655913978494624,3.9967689822294017,0.19505376344086023,0.048709677419354835,4.004415011037528,0.019681783486419385,0.028229154545980312,0.0328885090280078,0.04902623841949911,0.025569590459451865,0.03497879248577916,0.04201297007673806,0.0651484582553746,-1.9529227956252622,-1.9358953085259718,-1.9266132617093665,-1.8944647827079681,-1.381154522314123,-1.3678179496838039,-1.3578477290344972,-1.3250555626457912,0.8587173594347528,2.271271271271271,45.14967772036102,1.8528528528528534,0.5132450331125827,0.9720417186314799,0.9412132197811605,0.9896135270409219,0.1428087686640635,-0.20353039367779235
13,5.0,4.0,3,2.301604798976582,5.547873738287754,3,0.3440866564121,747.5759942602951,7.061601872996964,116.25701514685619,16.46326389362367,0.45083854482963837,0.8167039174192396,2.6425473479874144,0.9794610078163721,0.1341935483870968,0.09333333333333334,1.43778801843318,0.3079569892473118,0.09666666666666666,3.185761957730812,0.29623655913978497,0.05903225806451613,5.018214936247723,0.014190317094095808,0.01615587192194259,0.024863157974253765,0.03895298469078181,0.02738294638042071,0.030762103491417305,0.04234813196895167,0.07143513961844311,-1.7101936203389578,-1.7067837539263038,-1.6916782570790483,-1.6672350687232005,-0.8689045726332558,-0.8658857431212046,-0.8555351605508866,-0.8295497700451318,0.8274221572600897,2.359359359359359,31.659241119835205,1.786786786786786,0.5066225165562914,0.8969847143212583,0.9181602422155387,0.9689301033931466,0.14834523463623783,-0.22020396082352395
13,5.0,5.0,3,1.8647499552114126,3.7422064372217436,2,0.6990612419844745,772.9637552750587,21.582121878190133,150.75510567419624,6.985184613684449,0.8569207891998692,0.8743309484218762,21.65917471192645,0.984696264376279,0.10193548387096774,0.11333333333333333,0.8994307400379506,0.2794623655913978,0.05311827956989247,5.261133603238866,0.17516129032258063,0.055053763440860215,3.1816406249999996,0.019447486200814917,0.02909743376915592,0.032339734977627606,0.053775950002040725,0.022558155563702262,0.03102581450875649,0.036221335701438546,0.05758558205015586,-2.3208296942645594,-2.297989627516958,-2.2903155572183507,-2.2395790554388175,-1.9498732928808253,-1.9329813804625406,-1.9226169704734741,-1.8799979915388092,0.833729065293978,2.293293293293294,30.093900344497243,1.742742742742743,0.5695364238410596,0.9739678807247691,0.9314823070850069,0.9834138588679635,0.15013248114743177,-0.1969603401543445
13,5.0,6.0,3,2.3366536660856325,6.3892560324343375,3,0.6800879148418204,805.1721512956473,6.562053974834939,119.79325934919927,18.25545169372255,0.738907963629549,0.849317863630143,8.468605256026677,0.9836878680615696,0.10193548387096774,0.17666666666666667,0.576993304930006,0.2532258064516129,0.12655913978494623,2.000849617672048,0.2427956989247312,0.03602150537634409,6.740298507462686,0.02801169827146027,0.04418547060046961,0.0535385878463976,0.07463213968099523,0.043734385434191926,0.057410903734954104,0.0665212402479966,0.09649055827534353,-2.042287083664017,-2.0083036640457803,-1.988651420794103,-1.9443308375280428,-1.396519506936318,-1.3765464740225934,-1.3632418414378542,-1.3194749877548726,0.8305765649114352,2.3153153153153148,38.77828414589461,1.742742742742743,0.5496688741721855,0.955790330544153,0.9432337053705913,0.9890529556922842,0.1588871151261396,-0.2056381236565485
13,5.0,7.0,3,1.8177200118655474,3.5232853992327335,2,0.74641138133212,600.3894212228688,36.960895418316355,113.73524002886124,3.0771776154670367,0.854308693976616,0.8672533002095526,28.288447228612892,0.9869457725351417,0.10193548387096774,0.12666666666666665,0.8047538200339559,0.2597849462365591,0.059784946236559146,4.345323741007194,0.2023655913978495,0.03870967741935484,5.227777777777778,0.018832766131587016,0.02046099631812538,0.022212988224105026,0.035252370014842084,0.021528972690333915,0.02339472538561987,0.02639210494535091,0.039246380221023995,-2.828295841440103,-2.8236023330283544,-2.818552071206644,-2.7809649728806134,-2.2710851853480496,-2.266754670506504,-2.259797587340038,-2.2299621059285606,0.8345976415607071,2.293293293293294,38.77828414589461,1.8528528528528534,0.5331125827814569,0.9384883031064536,0.9312029479925121,0.9768476785104043,0.1689205466799902,-0.1813873516179796
13,5.0,8.0,3,2.0631213664266768,5.4318663432944305,3,0.2592381715415645,643.4532685026252,14.10771783522558,76.29013509200361,5.407687904099887,0.5584825026752622,0.8846509820769893,2.648891033483907,0.9845081012543431,0.10516129032258063,0.06666666666666667,1.5774193548387094,0.3123655913978494,0.04655913978494623,6.709006928406466,0.2401075268817204,0.05182795698924732,4.6327800829875505,0.018516500481666594,0.026063628370405975,0.0259837326389493,0.05879666815013402,0.01897546260689462,0.02856003499725885,0.027821321236568494,0.06002343445187206,-2.287898046224769,-2.270305229677441,-2.270491471512369,-2.1940025126212808,-1.964405714027836,-1.9452135449714156,-1.946692747047632,-1.882211163975296,0.8339950323730161,2.3373373373373365,23.354381399064817,1.808808808808809,0.5231788079470199,0.9699388679567209,0.9413449741800313,0.9904431964662141,0.15068528658273667,-0.2355367900994911
13,5.0,9.0,3,2.692123776382664,9.232593189094079,3,0.3872906888764286,790.0296323102443,2.3967500721519217,124.8743401342231,52.101527641597066,0.5969872277379692,0.8429570139225219,6.533080998144564,0.9845542575565304,0.10193548387096774,0.10666666666666666,0.9556451612903226,0.2595698924731183,0.07333333333333333,3.5395894428152492,0.30032258064516126,0.05548387096774195,5.412790697674417,0.03456871466665421,0.0417229112746271,0.0634429748944599,0.09166979345069887,0.049793375443172874,0.05952893635440112,0.08666117887650472,0.13580386678275413,-1.752433670366342,-1.7394475001326897,-1.7000216275841824,-1.6487848093903374,-1.0683181181127577,-1.0573724186799567,-1.0268676152800524,-0.9716164493691719,0.8620080397281483,2.293293293293294,40.79534503452449,1.874874874874875,0.5629139072847682,0.9812321533868188,0.9568748317598667,0.9949071030298755,0.13508582642995554,-0.2503641289980316
13,5.0,10.0,3,2.976834379735617,11.682715814684705,3,0.5262218029569916,714.2614035092365,35.779177715497966,156.55520377495523,4.375595353806648,0.7523320636116053,0.8492945826218254,7.303904740735459,0.991176794217616,0.10193548387096774,0.09,1.1326164874551972,0.2563440860215054,0.06989247311827958,3.6676923076923074,0.24483870967741933,0.04903225806451613,4.993421052631578,0.011899909058765194,0.01376053289821672,0.016736692509425798,0.03340859516228378,0.021158844889217553,0.02598968145644288,0.029785553134852823,0.05914181770857742,-1.635349075183461,-1.6322696609591256,-1.6273439860073575,-1.5997512544259558,-0.8615152931177514,-0.8572634903002186,-0.8539225994063406,-0.8280850355206943,0.854552991217625,2.359359359359359,38.77828414589461,1.8308308308308305,0.5529801324503312,0.9772826656407182,0.9548543993409784,0.9924013693377556,0.14750901826037363,-0.19730664375798823
13,5.0,11.0,3,2.1724091177640394,4.846378739466958,2,0.6417821204897294,792.4674651739574,36.67970511555358,145.14185898337206,3.957007247635326,0.6936600382984561,0.8288880310995537,2.4590439546783394,0.9863514210649041,0.10193548387096774,0.09666666666666665,1.0545050055617353,0.2563440860215054,0.05989247311827957,4.280071813285458,0.31118279569892476,0.048817204301075265,6.374449339207049,0.01270503748828218,0.014791591796365546,0.020898464383409584,0.03940857346513165,0.017947790145372202,0.019947012451133565,0.02852173816556469,0.05128098262271446,-1.7751033663481994,-1.7713518536625432,-1.7603720244334513,-1.7270918415194751,-1.2434004265131806,-1.2408691620419705,-1.2300124911811257,-1.20119645270459,0.8410591780977406,2.3153153153153148,33.30600343624582,1.6766766766766759,0.5728476821192053,0.9332451710350489,0.9219785037272694,0.9823726351503326,0.15866566941248475,-0.18917819307818795
13,5.0,12.0,3,1.7505378621455403,3.425679606453774,2,0.850455791404812,624.7430049232064,19.75995567796387,138.21397471130882,6.994650036864397,0.8819797358449326,0.8906422241462135,9.713648654248606,0.9943345991525135,0.10838709677419356,0.0832258064516129,1.302325581395349,0.23634408602150536,0.08311827956989247,2.8434670116429497,0.14935483870967742,0.03870967741935484,3.858333333333333,0.04698006218728168,0.06640859742723525,0.07644691705584224,0.11900964195830314,0.05029389711450189,0.07291072540133162,0.08211902639249363,0.1293358627660712,-2.537397888815028,-2.4856697744864125,-2.458942934866103,-2.345620470115169,-2.1580179185884774,-2.1066256820256872,-2.0857016524987553,-1.9784107983664578,0.8494341587043999,2.271271271271271,45.14967772036102,1.7647647647647646,0.5331125827814569,0.9774075154751473,0.9228537599033454,0.9819661455527198,0.1710238353653817,-0.18911362073510413
13,5.0,13.0,3,1.8394518308476608,3.5880539301641843,3,0.7352915318640543,890.9589054435526,15.133307698597784,130.99438670535662,8.656031405314929,0.8310701591510687,0.891146868016645,16.023543846839345,0.9856403480103407,0.10838709677419356,0.07333333333333333,1.4780058651026395,0.2664516129032258,0.07655913978494625,3.4803370786516847,0.16913978494623655,0.07849462365591396,2.1547945205479455,0.030357868292991304,0.037815800948140216,0.04424399526536948,0.08569721918531636,0.03477286749043633,0.04592726847063229,0.05328885264199185,0.09744058027535785,-2.249905328862001,-2.2326003439872477,-2.2176847084384566,-2.1214988824040533,-1.766234599416157,-1.7458235601038234,-1.7323528605844638,-1.6515611936870593,0.8288991188907736,2.293293293293294,42.91732378422149,1.8308308308308305,0.4966887417218543,0.9490633910611812,0.9346980191272639,0.9849219318111595,0.16226896247815886,-0.23724461392836138
13,5.0,14.0,3,1.936953831293121,3.3104734620458904,2,0.6532026969240335,994.9482095783687,4.68338067237583,144.36247540150407,30.824416271135718,0.8352726588247141,0.8521606579589461,66.0087757504673,0.9863966468031989,0.10838709677419356,0.12333333333333334,0.8788142981691369,0.2756989247311828,0.07322580645161289,3.765051395007343,0.22548387096774195,0.07913978494623655,2.8491847826086962,0.014366499624387245,0.018470830213935138,0.022663457130526518,0.04110708652840104,0.023098440015148908,0.026380316335822458,0.03250841319147829,0.05706940633307179,-2.0513263198220346,-2.0427842792355677,-2.0340584740149446,-1.995673108255273,-1.2837925242910513,-1.2794796554630048,-1.2714264336710932,-1.2391496714302483,0.8355435935065827,2.359359359359359,45.14967772036102,1.8308308308308305,0.5264900662251656,0.9398166764318708,0.9328607527441176,0.9796810571693653,0.1553173296133715,-0.19070878874581573
13,5.0,15.0,3,2.1563940285263214,6.8634744096051445,3,0.4699951889073578,745.9054044557679,39.31083849684133,131.68110315083962,3.349740381686856,0.6738282052406084,0.7827799033028324,3.8990293199703983,0.9839541802482763,0.10838709677419356,0.09,1.2043010752688175,0.2560215053763441,0.10978494623655913,2.3320274240940257,0.19311827956989244,0.035806451612903224,5.393393393393393,0.07771551814773228,0.0778412482622233,0.08786679816521814,0.14917442101700665,0.07823935049699887,0.07804905767744866,0.09110814849471385,0.14248979474958526,-2.2970440207116436,-2.29673087697628,-2.2717612174925055,-2.11906829977918,-1.9592244925664075,-1.9596289645440552,-1.931871552038292,-1.8226586236439135,0.8282314778112397,2.3373373373373365,28.60595535175739,1.8308308308308305,0.5165562913907285,0.9431247351950056,0.9243795926569206,0.9778975820995299,0.17122704366582017,-0.23958872492113725
13,5.0,16.0,3,2.474223726011723,8.026373391613902,3,0.23487833659492952,478.1134699869429,16.994709550353306,100.2649853521408,5.899776342459255,0.4650015376345915,0.8655518402423859,4.6013403480159685,0.9869419327684572,0.12451612903225809,0.13333333333333333,0.9338709677419357,0.277741935483871,0.11333333333333333,2.4506641366223914,0.27634408602150534,0.05989247311827957,4.6140035906642725,0.13898276108398458,0.14745549155122947,0.15313507410252966,0.2013534019677657,0.17350490454548403,0.16738335379698618,0.16725843881420732,0.2268447381929126,-2.164247745662629,-2.142950741393089,-2.1286745769013873,-2.0074732784078297,-1.5983590884301733,-1.610197557076823,-1.6104391301957728,-1.4952051697262325,0.8563697428385741,2.293293293293294,33.30600343624582,1.6986986986986992,0.6291390728476821,0.9452420545930789,0.9204904027991369,0.976874193456567,0.18103930003075902,-0.20806682888954386
13,5.0,17.0,3,2.12823215680705,4.776394611982662,2,0.5798976416420152,696.7750169674514,7.655033428015649,174.769327469524,22.830641970799075,0.723463437858588,0.8666436366806723,17.078987084180664,0.9935783162536015,0.11161290322580646,0.11000000000000001,1.0146627565982405,0.2724731182795699,0.07666666666666666,3.5539971949509117,0.1953763440860215,0.04526881720430107,4.315914489311164,0.02409931167470979,0.02495976776726427,0.02506336979645012,0.043341159198132376,0.02946728068230508,0.029301933868225938,0.0324106802738353,0.05637570464581361,-2.088240959120881,-2.086399747532967,-2.086178058990903,-2.0470670829178377,-1.4431331880827347,-1.4433790504531543,-1.4387565013912107,-1.403121719239067,0.8502946771565756,2.3373373373373365,49.96877453854889,1.8528528528528534,0.5960264900662252,0.9347271884561538,0.9281895769863057,0.9855394917036475,0.1496559461718228,-0.20418965452209764
13,5.0,18.0,3,1.955456508946264,4.661993300691385,3,0.5123561452976921,809.0863974362408,27.008671242324233,113.74051393691148,4.211259151419236,0.6704176374203723,0.7961230607148203,9.739431938388595,0.9836874978632247,0.10516129032258063,0.1,1.0516129032258064,0.27279569892473116,0.06999999999999999,3.8970814132104454,0.18580645161290324,0.0521505376344086,3.562886597938145,0.021254994454916565,0.027928350769913693,0.040049626106823596,0.06707216774713862,0.026607082116051374,0.03334655870364594,0.04648993011269739,0.07426636615668217,-2.11706726740336,-2.1026325125508114,-2.0764136760718817,-2.0179627638683555,-1.692644167525436,-1.68092481398528,-1.6580696539071542,-1.6097688890251771,0.8266172673779583,2.3373373373373365,38.77828414589461,1.874874874874875,0.5165562913907285,0.9561519709387815,0.9324689329933528,0.9860172927464689,0.14601541577099744,-0.21638976297941376
13,5.0,19.0,3,1.9339179682131789,3.329865469097398,2,0.44165906965581625,597.3129234731518,4.82568621820476,154.12206788809848,31.93785524360815,0.557251084530088,0.8092101443607828,2.178629436379728,0.977840131370248,0.10193548387096774,0.1,1.0193548387096774,0.2627956989247312,0.07333333333333333,3.583577712609971,0.30408602150537634,0.026236559139784944,11.590163934426231,0.02634658261717646,0.028766747724404122,0.037331332520716354,0.046901202220313375,0.03494444018069596,0.04120980510596982,0.05440577651820846,0.06943384432551576,-1.6490551940008409,-1.644956214046412,-1.6304505667691878,-1.6142422907519867,-0.9931338476827852,-0.9866861919887037,-0.9731062838381279,-0.9576409744547973,0.8394888621933967,2.293293293293294,38.77828414589461,1.8308308308308305,0.5165562913907285,0.9193046271743539,0.9307322023031043,0.9783760843490934,0.13511660557883257,-0.2169080452640999
14,1.0,0.0,3,9.755259572427985,119.09018639635316,4,0.5891282903096282,29.539352386004722,2.9282175530128516,17.397585626539755,5.941356921598714,0.9400109451366369,0.8569549037069941,267.18077938429957,0.9986217225974064,0.10838709677419356,0.10666666666666666,1.0161290322580647,0.2595698924731183,0.09655913978494624,2.6881959910913142,0.23870967741935484,0.042258064516129026,5.648854961832062,0.028096476730255573,0.030202414814420164,0.03742617195605553,0.0584583263801564,0.04341100661044999,0.041863469907079204,0.05210769416133189,0.07734275835772755,-2.2565734805875843,-2.251683896468682,-2.234911718566518,-2.186079091894502,-1.5592542604949244,-1.561776768295744,-1.5450785306782386,-1.503945001404952,0.7831414428928583,1.5225225225225214,0.2199593068030075,-0.393393393393393,0.5496688741721855,0.9420630244775682,0.9316245812941554,0.9862279738549072,0.1362149747459687,-0.14061060291609553
14,1.0,1.0,3,7.067365449258393,61.676302894312386,5,0.62420663446228,18.31600838927784,3.0335283735597267,12.745755152280763,4.2016271426280145,0.941051672633391,0.8763348213325837,61.172495429731576,0.9987295001484157,0.10193548387096774,0.10655913978494624,0.9566094853683147,0.2595698924731183,0.06290322580645161,4.126495726495727,0.21838709677419357,0.029032258064516127,7.522222222222224,0.0431486452312171,0.0417080251834319,0.046159935033247314,0.07090462159217666,0.051821400123310865,0.04707044906016395,0.05303096492244225,0.07503627039560376,-2.387183032749742,-2.3907771372233078,-2.3796703716804206,-2.317936544780567,-1.902938834918445,-1.9124737150370588,-1.9005113093131247,-1.8563479519408235,0.8120227136895632,1.5445445445445445,0.1795784647002097,-0.4374374374374374,0.5397350993377483,0.9731575046845581,0.9448308702445193,0.989366828296381,0.14742057488076307,-0.13804996959252103
14,1.0,2.0,3,10.33505081042288,126.25558000235992,4,0.6165820857211426,75.53956983925515,1.4558720234122187,23.80750026625936,16.352742468709735,0.9519565493604883,0.8349244981401358,67.79262214392008,0.9995509122226318,0.10838709677419356,0.1664516129032258,0.6511627906976745,0.2563440860215054,0.11311827956989247,2.2661596958174908,0.26827956989247315,0.04526881720430107,5.926365795724466,0.054957012859259274,0.04529372764949102,0.06050672192081084,0.0795706906090739,0.05935804572770229,0.05208354574660558,0.07044654654978941,0.09494407879707242,-2.047714168919069,-2.0686525244347442,-2.035689088543519,-1.9943813815609028,-1.5747620654139574,-1.5869405638990137,-1.5561984128173187,-1.5151862250193364,0.7987264822508511,1.808808808808809,0.209083769055575,-0.4154154154154152,0.5364238410596026,0.9560966573980348,0.9422970640093423,0.9817399106211845,0.14633678971104497,-0.09873638095659759
14,1.0,3.0,3,6.417107365453273,49.18743793814082,6,0.6221613567873258,22.572567013082747,3.867959697653062,12.51210622040369,3.2348078052611515,0.9171233946722315,0.797230977927134,7.390799436547522,0.9957305405463606,0.10193548387096774,0.11333333333333333,0.8994307400379506,0.2565591397849462,0.11333333333333333,2.2637571157495255,0.23301075268817203,0.009892473118279569,23.554347826086957,0.05688448014173489,0.06702430019061802,0.07638003598689967,0.10210656924251744,0.06031986997498526,0.0815707791133165,0.08774894568925842,0.1178509606038859,-2.6092799771947877,-2.58122654273335,-2.555342402804414,-2.484165832497727,-2.1136449425051187,-2.065844765414353,-2.0519480678893705,-1.9842388873389396,0.7830133933304788,1.6326326326326315,0.209083769055575,-0.4374374374374374,0.5331125827814569,0.9525743594789816,0.9367091473222844,0.9869017718783315,0.1544161196887733,-0.1188925844639077
14,1.0,4.0,3,11.52702161029262,150.6615025603634,4,0.523595625809109,31.12776076424241,0.7814686726213445,15.727598471261654,20.12569284256179,0.940056090745163,0.8016626677167598,24.094703044609957,0.9993013258931306,0.10193548387096774,0.08,1.2741935483870968,0.2564516129032258,0.1096774193548387,2.3382352941176476,0.2758064516129032,0.03903225806451612,7.066115702479339,0.0323532482994733,0.024496819792958233,0.02840302275968919,0.05471196881694951,0.044723183687641936,0.025910160962084535,0.03499682547613322,0.06685896254207715,-2.016270940609185,-2.0326412621824472,-2.024501965981535,-1.9696824119241412,-1.499004802509649,-1.5285258909876431,-1.514267245207948,-1.4642696992982254,0.7724826231171498,1.4344344344344344,0.16225952870780871,-0.4814814814814818,0.5132450331125827,0.9523349933928261,0.9285549656568745,0.9814864549750639,0.1702153283454071,-0.09812848817916624
14,1.0,5.0,3,6.565441001008601,51.68352867453779,3,0.315294361455571,-18.3259491056651,2.06738889671103,5.433221362829837,2.6280596608956572,0.7563355931473943,0.7860586086833894,8.787049434286631,0.9964258905503139,0.10516129032258063,0.14333333333333334,0.7336834208552137,0.2627956989247312,0.07655913978494625,3.432584269662921,0.28258064516129033,0.0453763440860215,6.227488151658768,0.028353823438970253,0.03323216126727774,0.040826323372725716,0.05325293864235664,0.03034389748685125,0.046662977724043396,0.05666026335410446,0.0723338582536497,-2.084909671645821,-2.074441978811592,-2.0581468063469264,-2.0314823980608017,-1.4306896687955393,-1.4066115039295788,-1.3918608998444233,-1.3687351233577418,0.7939707498415733,1.2582582582582587,0.2560993100258457,-0.4374374374374374,0.5960264900662252,0.9577148428548115,0.93263120069959,0.9779588597573321,0.15983775576589127,-0.17187806815024156
14,1.0,6.0,3,8.315755499066409,76.15080056245682,6,0.6428422902283139,79.55310891659087,0.43480243180798606,21.213169468271442,48.788065375033206,0.9447203034392017,0.8524979551400482,17.927363346756998,0.998927961274649,0.10193548387096774,0.09666666666666665,1.0545050055617353,0.28569892473118275,0.09311827956989246,3.0681293302540413,0.2380645161290323,0.05526881720430107,4.307392996108951,0.021463129998161027,0.026161130999855373,0.03008337206909973,0.04791025619215329,0.02746997515683073,0.030525068716536378,0.035077499626196385,0.052422735614913195,-3.0851653119196225,-3.0703532898383656,-3.057987110839105,-3.0017818862818,-2.5372172869180676,-2.5292469045187302,-2.517370143795222,-2.472118448246447,0.7787507251105669,1.7207207207207202,0.2199593068030075,-0.4154154154154152,0.5,0.9325561540902193,0.9307156291464713,0.9815678282769064,0.1436139646690915,-0.11040937037821529
14,1.0,7.0,3,8.709099866030595,82.40032004478711,5,0.5761760025789888,55.929321875125545,1.5514068364784452,17.656450108105087,11.380928388960596,0.9496230156742389,0.8287362754932733,40.996976022432875,0.9993806906751818,0.10193548387096774,0.12645161290322582,0.8061224489795917,0.24989247311827958,0.08967741935483871,2.7865707434052758,0.34010752688172047,0.042150537634408604,8.068877551020408,0.02622773230307095,0.02910177136375949,0.03437142750878255,0.05660751063368613,0.03813615590491306,0.04438390177570781,0.05082137655305537,0.07892843924173082,-1.8319044265298128,-1.826497654277254,-1.8165841388295516,-1.7747526136809286,-1.1498681706974772,-1.142399250683967,-1.1347035176635585,-1.1011026946823055,0.8053365966413875,1.1041041041041042,0.1706994934038408,-0.503503503503503,0.5562913907284768,0.9304263234343161,0.9336736213093714,0.9816582778450104,0.14602970956001007,-0.10828666271982162
14,1.0,8.0,3,4.83763511430732,23.959887873257276,4,0.6938074093794468,20.378687978515565,6.022782770325577,9.53469397205062,1.5831044113077315,0.890228256888784,0.8250999817355407,1145.9499935152485,0.9951750239207339,0.10516129032258063,0.09,1.168458781362007,0.2627956989247312,0.07666666666666666,3.4277699859747552,0.22139784946236557,0.04548387096774194,4.867612293144207,0.023670701122006393,0.023391377192981868,0.033904451080380996,0.052772431712680826,0.02814273874828314,0.026155085735072994,0.03460525067240672,0.05703907639157327,-2.7062088550280508,-2.7069830906174324,-2.6778427445473723,-2.625544102765028,-2.3840613816402256,-2.3889372898397405,-2.368208204717054,-2.3131758253009376,0.7718471679108886,1.39039039039039,0.209083769055575,-0.3493493493493495,0.48013245033112584,0.9571031355740498,0.9308466582774416,0.9838400676276755,0.1674846109207072,-0.14787961609622752
14,1.0,9.0,3,8.275260093956268,72.59287147920506,6,0.7104799334436589,72.09557498721583,1.815375203427877,24.970139663400527,13.754809262708191,0.9730787988141169,0.9266593315467142,29.53429212285544,0.9998778227178263,0.10193548387096774,0.10333333333333332,0.9864724245577524,0.26602150537634406,0.08333333333333333,3.1922580645161287,0.2835483870967742,0.0553763440860215,5.120388349514563,0.044531732844206424,0.05101979867133671,0.060516906628377456,0.09478888204955595,0.0562264466151971,0.07050833068180229,0.08037124529540021,0.12827628828059823,-1.8816894655329046,-1.8689119348306689,-1.8502084272312078,-1.782713548196655,-1.3251912227233305,-1.3051374425118174,-1.2912885188695584,-1.2240230797602636,0.786700872474614,1.5445445445445445,0.209083769055575,-0.5255255255255253,0.5397350993377483,0.9613923531845686,0.9454591116313,0.9898939710241648,0.13915028903421572,-0.07799384994925868
14,1.0,10.0,3,9.67784693302088,103.19046859076596,5,0.5715772701093049,51.28598594184984,4.11708722806533,21.95759609157845,5.333284158251025,0.9312662554541088,0.7800095673053173,11.715392851238958,0.999590673748747,0.10193548387096774,0.10666666666666666,0.9556451612903226,0.2756989247311828,0.10956989247311828,2.5161923454367026,0.2087096774193548,0.03881720430107527,5.376731301939057,0.04247191667926279,0.03900535644468959,0.04343483892305,0.07071238224829285,0.056948819447819134,0.051672915093749536,0.05921417295934721,0.08286388660806707,-1.9639843060797555,-1.9710945621812483,-1.9620092578198502,-1.9060603327362162,-1.3864835867717407,-1.3942402758498582,-1.383153040639419,-1.3483829873464446,0.7866446628307578,1.4344344344344344,0.09530562844945112,-0.45945945945945965,0.5629139072847682,0.9679637107200818,0.9494437419784189,0.9898360537219211,0.13956751982509083,-0.08207976090240095
14,1.0,11.0,3,6.536629507641718,52.74483149963082,5,0.4552086405426873,-14.139681284374063,1.2615072054829517,8.642571238518393,6.850988405737799,0.8154468347256565,0.7330181289781229,5.896857365187921,0.9979518016845745,0.11161290322580646,0.11311827956989247,0.9866920152091255,0.26924731182795697,0.09978494623655913,2.6982758620689653,0.23655913978494625,0.04311827956989247,5.486284289276809,0.03956884242691908,0.046231840889226786,0.0632926144199454,0.08842911906217833,0.05381610855293284,0.06307929746617967,0.0834269844531494,0.11885166793367086,-1.8548056228609062,-1.8419378947415572,-1.808989756370978,-1.7604455897413827,-1.2830642387557187,-1.2705029739330334,-1.2429106742221938,-1.1948733477004072,0.7709484184121161,1.4564564564564557,0.1466108684046983,-0.3713713713713717,0.5,0.9414093014915733,0.9360913122695983,0.9865467928595735,0.1672933310802871,-0.16223591314182162
14,1.0,12.0,3,7.2592477373338475,62.70851349339766,4,0.4367876879434526,-18.281434305533672,0.7036588622451183,8.769187672561356,12.462271340663689,0.7417281642762011,0.7641783830793096,10.03460671147213,0.9939889840029997,0.10838709677419356,0.10989247311827957,0.9863013698630138,0.28903225806451605,0.0596774193548387,4.843243243243243,0.25311827956989247,0.07763440860215054,3.2603878116343488,0.07834352253907882,0.07111190375910555,0.09236366432499743,0.12217360051922879,0.07903752610808552,0.072424828663876,0.08758394343084246,0.12798351972688246,-2.6646682209816137,-2.685576081144801,-2.62413356714452,-2.5379478877847976,-2.4318516151824934,-2.449312803250729,-2.40928433436535,-2.30260705092183,0.7850130972782698,1.4344344344344344,0.3842240846055061,-0.26126126126126165,0.5728476821192053,0.9788494115835075,0.9481403116411355,0.9903920409833878,0.11913894058298868,-0.183926595728531
14,1.0,13.0,3,6.955009439326143,52.17067084851664,6,0.6151773439928636,24.834678659965284,4.905119007418572,12.335397264025609,2.5148008122472416,0.9257599967218857,0.7924719255505266,13.368577897273607,0.9985694473192083,0.11483870967741935,0.10333333333333332,1.1113423517169616,0.2789247311827957,0.1,2.789247311827957,0.2913978494623656,0.04311827956989247,6.758104738154614,0.03974316805229337,0.04583667241078934,0.057714542562832136,0.08272733285472075,0.05473431776775408,0.062125260360518096,0.07965447085697791,0.11413627576506961,-2.0836553547729872,-2.070433097389867,-2.0446593804818574,-1.9903842816795967,-1.4476913104240356,-1.4363719495623148,-1.4095256499543665,-1.3567161485924875,0.7830190602915971,1.6546546546546546,0.13936192742241435,-0.5255255255255253,0.5066225165562914,0.9657197048803008,0.939350523323415,0.987824443589317,0.14875274017162923,-0.12693379013373965
14,1.0,14.0,3,6.977439997308577,62.248986200448385,4,0.3618869429194419,-16.75669169053429,0.2998624559111478,6.529856499308549,21.776172276943566,0.7554720028351519,0.8208635438384551,5.4931871098628635,0.9969521638013195,0.12451612903225809,0.07322580645161289,1.7004405286343618,0.30849462365591396,0.04655913978494623,6.625866050808314,0.20010752688172043,0.061397849462365595,3.259194395796847,0.04739144938947781,0.04404821500722847,0.04934573903433404,0.0876859143424433,0.04573057725046501,0.0472970425343199,0.05421977395082729,0.0972770754989513,-2.520643121118405,-2.529489462821408,-2.515471986818988,-2.4140222369811117,-2.175235706425298,-2.1716649840097153,-2.155884773301726,-2.0577366219338042,0.7637580971768746,1.06006006006006,0.1706994934038408,-0.4374374374374374,0.5099337748344371,0.9109579306217386,0.9223463653342586,0.977282726591498,0.13520230704306135,-0.14658631511530423
14,1.0,15.0,3,6.5833921916179206,52.89587250284447,6,0.6027461503575204,-21.52310727042517,0.926519409139474,7.4381463176393865,8.028052347600289,0.8268386078937789,0.8543334325388239,60.464416984863234,0.9960702736159708,0.10193548387096774,0.09,1.1326164874551972,0.26602150537634406,0.08989247311827957,2.9593301435406696,0.2583870967741936,0.03924731182795699,6.583561643835617,0.032529583901284506,0.034505069299758384,0.04247355637206645,0.06660998359555838,0.04620839329982587,0.04001592021580389,0.0534388807892401,0.08096402041476303,-1.9733959672408101,-1.9693664746032868,-1.9531127680383733,-1.9038805358647952,-1.4690633216580216,-1.4786011861288197,-1.4579266709538339,-1.4155314844546905,0.8120639294991613,1.1921921921921912,0.18891927762076643,-0.4814814814814818,0.5264900662251656,0.9729727790756991,0.9462712836163539,0.9889215518069803,0.16182286674849566,-0.17300844643135116
14,1.0,16.0,3,10.300241010016487,131.27457252316265,5,0.6274644021026142,17.613124336601985,0.024090295636370048,17.440518287189995,723.964477250307,0.9316752309441283,0.8884630332758515,1.8869196741233483,0.9994734163289418,0.10516129032258063,0.09333333333333334,1.126728110599078,0.2724731182795699,0.07311827956989247,3.7264705882352938,0.24817204301075266,0.06924731182795699,3.583850931677018,0.035889393354388434,0.039366690577988216,0.04917001835059975,0.08398603876534413,0.05831188711069473,0.058739475276839086,0.07422282865099453,0.12303262564026324,-2.011463650846338,-2.004208822489252,-1.9837557361566083,-1.9111176393981473,-1.223924947027344,-1.2233692048273155,-1.2032452782332708,-1.139806516102981,0.8020806610651583,1.4564564564564557,0.18891927762076643,-0.4814814814814818,0.5496688741721855,0.9247750190507478,0.9206161276110234,0.9802826258125628,0.15435578344102524,-0.1204363477268319
14,1.0,17.0,3,13.627134746316859,208.36283457299248,3,0.4819132998933344,46.80044817746673,7.063603540326216,19.862234343853068,2.811912394354989,0.956402407015231,0.7084317803881821,72.4195631447568,0.9997863539970588,0.127741935483871,0.12333333333333334,1.0357454228421972,0.28215053763440856,0.0732258064516129,3.853157121879588,0.2878494623655914,0.03924731182795699,7.3342465753424655,0.027792028715905314,0.028794159046142954,0.03348887730321529,0.04839707501685409,0.04601366970802965,0.04422891163515653,0.050640931857818254,0.07182423547361867,-1.9870378744548285,-1.9849896800559572,-1.975394425478507,-1.944924449535258,-1.241774181734253,-1.2440973455209472,-1.2357510192556407,-1.2081773751910678,0.7975482835939753,1.5445445445445445,0.13936192742241435,-0.503503503503503,0.5298013245033113,0.9745326278633559,0.9439732101452977,0.9898226219751383,0.14992894511534638,-0.10127407933057564
14,1.0,18.0,3,9.95628948517525,115.99459756965344,5,0.47437336313019884,46.17846457842951,7.513382942939799,14.532765660997224,1.934250626031703,0.9172254908673321,0.7303689102522317,387.8794354063571,0.9982187137025275,0.10838709677419356,0.0832258064516129,1.302325581395349,0.28258064516129033,0.09666666666666665,2.9232480533926593,0.27086021505376345,0.06161290322580645,4.396160558464224,0.04369768803934484,0.052005143979426405,0.07169698387762356,0.10732588284774364,0.04792427037589352,0.05459398569861403,0.07438817313335155,0.11646339444962564,-2.7482178366409613,-2.7243439023148666,-2.6677535699820405,-2.5653633797410373,-2.405604268610701,-2.3887519372766284,-2.3387380777641242,-2.2324268581291795,0.7842032287646785,1.588588588588589,0.26942037136818825,-0.32732732732732733,0.5529801324503312,0.9773395068861317,0.9486879025054838,0.9902801373658738,0.14210127082537022,-0.10992981635626416
14,1.0,19.0,3,8.216655917761843,82.54206167421488,5,0.5540331024966647,28.58869186686146,2.147894659566386,13.621609780594214,6.341842566592222,0.913039190679177,0.8218178299276118,8.736889788882783,0.9984455730685288,0.10516129032258063,0.10333333333333332,1.0176899063475546,0.26602150537634406,0.07989247311827957,3.329744279946164,0.3858064516129033,0.042473118279569885,9.08354430379747,0.046330133771744796,0.05598245602432222,0.07325716710306089,0.10537675353717191,0.06971354624085,0.07561610256693557,0.09789941507142208,0.13907566784132358,-2.242926150426442,-2.2202249550135345,-2.1795967433108796,-2.104055025044291,-1.5731895994402407,-1.5632078995189045,-1.5255250166482797,-1.455892644447467,0.7546026200610505,1.5225225225225214,0.1466108684046983,-0.503503503503503,0.46357615894039733,0.9366277104157893,0.936690969424034,0.9825789408152825,0.14110408639049904,-0.1218071631036186
14,2.0,0.0,3,12.001855495222149,172.58391248923147,4,0.36408415617782475,-132.69173354923845,1.1325153217641442,8.421941696125597,7.436492499727555,0.8263543365851475,0.8447746623309944,17.80132652278593,0.9990041062123927,0.11806451612903228,0.11666666666666665,1.0119815668202767,0.2725806451612903,0.10333333333333332,2.637877211238294,0.21526881720430108,0.035806451612903224,6.012012012012012,0.029554400428352612,0.034125160699382304,0.03903633905029485,0.05704271463894481,0.041000976749558826,0.04921570918510716,0.05600888361196154,0.0811902636822338,-2.3583621891536595,-2.347254396812038,-2.3353193256116587,-2.2915605045394463,-1.5780606478218902,-1.5645430678508627,-1.5533647027254487,-1.511928013027835,0.78140073078309,1.0160160160160154,0.1795784647002097,-0.4374374374374374,0.5,0.9402947295173808,0.9247889594872667,0.9789373640169727,0.15414500760637703,-0.1403190051311779
14,2.0,1.0,3,7.58533163024004,70.78410075536252,5,0.38344442128074474,-129.58950465213738,1.2024371997676149,6.79159184687236,5.648188402841258,0.8342241480138224,0.7582275991773076,18.19114575096115,0.9972208738155628,0.1309677419354839,0.11666666666666665,1.1225806451612907,0.28537634408602147,0.10978494623655913,2.5994123408423113,0.2611827956989247,0.05559139784946236,4.69825918762089,0.0442041974436138,0.050445573348478566,0.06363749845403394,0.09492176631634666,0.0470111830172979,0.06246899763238921,0.07473026093457427,0.10856566798317827,-2.505623892848811,-2.489262091981248,-2.454679388595499,-2.3726675103089034,-2.0445468840858005,-2.0113836127620885,-1.985078238309942,-1.9124875900040934,0.78563494093202,1.4564564564564557,0.2560993100258457,-0.4374374374374374,0.5562913907284768,0.9329534868143405,0.9239040354235952,0.981568321155945,0.15437685333476592,-0.1667658505041809
14,2.0,2.0,3,7.304523966238412,57.110663624509854,6,0.5939041425758153,-90.94225974800109,2.159356135999918,11.192955909621569,5.183469147593167,0.9176369355545007,0.8196803626768575,4.760424861003372,0.9989753674724209,0.10838709677419356,0.13999999999999999,0.774193548387097,0.28236559139784945,0.09989247311827956,2.8266953713670615,0.2550537634408602,0.0553763440860215,4.605825242718447,0.04195312534846357,0.04700221937219652,0.05130667657702391,0.06881643262438467,0.058461360346565204,0.0628762510059314,0.06531410970246723,0.0877350906616715,-2.445216544434646,-2.4323297759811418,-2.4213435390333062,-2.3766535073565223,-1.8075255583159655,-1.7990500402990819,-1.7943699435765794,-1.751327104526241,0.7996961441247685,1.6326326326326315,0.209083769055575,-0.4154154154154152,0.5264900662251656,0.9192025323274234,0.9214342815880026,0.9768880244680679,0.14852921799258195,-0.07386246068816571
14,2.0,3.0,3,6.611182538327126,55.772052117515834,4,0.5737055658084835,-124.16719669330129,1.138705226465994,8.054668642255393,7.073532688747991,0.8722477214508176,0.8489391973805356,82.78839248089524,0.9912200675192312,0.10838709677419356,0.11645161290322581,0.9307479224376732,0.2789247311827957,0.1064516129032258,2.6202020202020204,0.25602150537634405,0.03903225806451612,6.559228650137741,0.040536885641910554,0.048299022814912586,0.05727953761304946,0.09045615133722663,0.05965187783671527,0.06692241587786399,0.0772121397744358,0.11947483648543608,-2.483904458556631,-2.4638094628830896,-2.440560272358293,-2.354671052109917,-1.6749861069694005,-1.6620355305582935,-1.6437070581924857,-1.5684270335233934,0.8047509283108071,1.4124124124124113,0.18891927762076643,-0.4374374374374374,0.5231788079470199,0.9511351069798285,0.9336799863092862,0.983566313318033,0.1740382951383241,-0.14194112833024786
14,2.0,4.0,3,10.984605448103126,147.6995771602789,4,0.40780898155943013,-110.87019708702482,0.2641122552022368,12.889539622868503,48.803262131848776,0.7940070253646364,0.8393252254781854,19.442159240643647,0.99669858087393,0.10838709677419356,0.0832258064516129,1.302325581395349,0.2725806451612903,0.1032258064516129,2.640625,0.23838709677419354,0.04569892473118279,5.216470588235294,0.0552499384675461,0.060969724665844,0.08818110149461231,0.12988846148277874,0.07138788675498019,0.07309947559108901,0.10488656136493171,0.1548783807639099,-3.08217253776552,-3.0635121865677784,-2.9747372165610284,-2.838670245186916,-2.4441596899979228,-2.439654691215978,-2.355989280650272,-2.2244079798446483,0.8023302630311068,1.4344344344344344,0.1987459549580982,-0.3493493493493495,0.49337748344370863,0.9238867449139232,0.9166918568392134,0.9707305045234919,0.163274188307226,-0.12618477810206297
14,2.0,5.0,3,3.8106915941360007,15.292994353954885,3,0.6099761188032208,-133.3415078514052,0.09341834898160144,6.455676210383503,69.10501288836667,0.8759192732240039,0.8219932402171436,8.062291494784423,0.9935938301072836,0.10516129032258063,0.14666666666666667,0.7170087976539589,0.2595698924731183,0.07333333333333333,3.5395894428152492,0.2525806451612903,0.055053763440860215,4.587890625,0.03825114574553149,0.03818863557389977,0.04285076821900832,0.05763993853430435,0.05040736552858522,0.048239872613243334,0.05514729186084557,0.07139919667261772,-3.12724459111499,-3.127447850620068,-3.1122883533844012,-3.0641995486294014,-2.3939598881418607,-2.3994242219085695,-2.38201034988697,-2.341038667069591,0.805863838006589,1.3023023023023015,0.13247139878661174,-0.4814814814814818,0.5695364238410596,0.9283955982343977,0.9124789984149265,0.9738895637696827,0.15175540119032835,-0.1839558527721624
14,2.0,6.0,3,9.188304625733357,94.32552774755766,4,0.4807047110959508,-109.58160135395622,2.116035247408746,10.310769945762187,4.8726834576071205,0.8756362560577539,0.7952107048909488,4.484271999636314,0.9988755950738073,0.10516129032258063,0.13655913978494624,0.7700787401574802,0.2595698924731183,0.12999999999999998,1.9966914805624487,0.32021505376344084,0.05279569892473118,6.065173116089612,0.028212411650863002,0.035231609259787765,0.044842973875172186,0.06597835468855272,0.04066260920142421,0.05083739748536432,0.05937838892621822,0.08960387922109095,-1.9864234543048376,-1.972075567042298,-1.9524290513543288,-1.9092263837480412,-1.3421003197637433,-1.3278659255450034,-1.3159171914981342,-1.2736321303936184,0.7870923831896243,1.1921921921921912,0.13247139878661174,-0.4814814814814818,0.5463576158940397,0.9600067868519013,0.94411785295806,0.987866288952512,0.1520223088442178,-0.14144469470494794
14,2.0,7.0,3,3.853835362571572,16.06232515930321,5,0.5181876219348649,-144.51271888903963,1.9172943364074984,4.1674352617202075,2.173602238625957,0.8628339497063704,0.8222108921217134,3.117658548788485,0.9977929830726187,0.10838709677419356,0.12666666666666665,0.8556876061120545,0.2724731182795699,0.05,5.449462365591398,0.2446236559139785,0.05881720430107527,4.159049360146253,0.04329785414926017,0.040310277299989906,0.04771370270003516,0.06357196638802189,0.05524060683720373,0.051216136835260245,0.06285035783784373,0.08179522605755532,-2.3209094601968614,-2.328157165663614,-2.310196842146677,-2.2717255223368786,-1.687538648817013,-1.6947271972648337,-1.6739460356983826,-1.6401065231739493,0.7679704210472781,1.1041041041041042,0.18891927762076643,-0.45945945945945965,0.5033112582781457,0.9446993683374985,0.9122798122931425,0.9822245155481003,0.18129908446298953,-0.16825009308660202
14,2.0,8.0,3,9.02396923731794,108.59878482113048,4,0.5371443635855018,-127.06566142932661,0.028378095652728738,9.555783404950068,336.7309604522817,0.8318869324779538,0.8633906906766016,10.942229289033573,0.9946212470271648,0.10193548387096774,0.1,1.0193548387096774,0.25311827956989247,0.07666666666666666,3.301542776998598,0.22903225806451616,0.03913978494623656,5.851648351648352,0.02515913583489641,0.025580019194976034,0.029468318834852767,0.0512529699329344,0.03002530196427118,0.03090036028312019,0.035212862932788296,0.059752211399085126,-2.934000146928177,-2.9327334049544795,-2.921030703381265,-2.855464956322342,-2.3114842821021884,-2.309398986935172,-2.299122139393253,-2.2406439972440397,0.8158405744942505,1.1481481481481488,0.18891927762076643,-0.3713713713713717,0.5827814569536424,0.9451720660479612,0.9426109497486026,0.9879237310679014,0.12585716058287694,-0.15051895743931995
14,2.0,9.0,3,7.770886460833858,71.11189220997674,6,0.43257923986777935,-122.34303845301508,0.8374018566308346,7.021512429205885,8.384878029117258,0.8362632843264787,0.7120206307163051,4.144518068572047,0.9966875013619272,0.10193548387096774,0.11322580645161291,0.9002849002849002,0.2627956989247312,0.15333333333333332,1.7138849929873776,0.2388172043010753,0.032688172043010756,7.30592105263158,0.058249289067137944,0.0712211691589538,0.08050506348671556,0.12305444152307293,0.06837778867181876,0.09101447827495601,0.09832524311592697,0.15340720288903986,-2.6166034705347587,-2.580561802529025,-2.5547670037185877,-2.436545855651979,-2.038129601899664,-1.9886068376201465,-1.972612922861859,-1.852108955288805,0.7732933252179545,1.4344344344344344,0.2199593068030075,-0.3493493493493495,0.5,0.951945116292881,0.9320618524528282,0.9844635624020137,0.14189705357977644,-0.15513613894719427
14,2.0,10.0,3,4.472250661174905,22.732715028200285,3,0.6935307312668517,-142.63915552294458,0.674030908733746,4.801622848623213,7.123742823075696,0.869292600163204,0.9174084616223419,5.586128683384989,0.9970485726080799,0.10193548387096774,0.15,0.6795698924731183,0.26602150537634406,0.10655913978494622,2.4964682139253283,0.30806451612903224,0.029354838709677422,10.494505494505493,0.06437409202597848,0.058436768210764795,0.05907523710227567,0.07291366357534175,0.11434821279600146,0.09259025005278602,0.09015571995356879,0.10892046350329875,-1.9426478126422517,-1.954975527195977,-1.9536498689548327,-1.9249170295911553,-1.1538629987446827,-1.182210153349,-1.1853819577098146,-1.160934490233549,0.8110777572218004,0.9279279279279278,0.12919648007801343,-0.613613613613614,0.6192052980132451,0.9386402744203803,0.9331234376702693,0.9848077564329578,0.14284712091762145,-0.14234108862317324
14,2.0,11.0,3,10.036371630884872,122.78641188692315,4,0.5312099132087724,-109.31648867788302,1.8463246347971718,15.536737820921394,8.414954514555445,0.8174909497392656,0.9019522005833681,26.20372103183626,0.9992630761818115,0.10193548387096774,0.09666666666666666,1.0545050055617353,0.26978494623655913,0.08311827956989247,3.2457956015523934,0.18559139784946238,0.06505376344086021,2.8528925619834715,0.04902954315819856,0.07130610827923965,0.09096228630536898,0.12901641783017356,0.05999373091990494,0.0894146664271104,0.11415160667010403,0.16054508635284812,-2.965086076657975,-2.8956286791111325,-2.8343415388364033,-2.7156903496940683,-2.2847472547447505,-2.213237729922228,-2.1531129646201053,-2.0403505514003117,0.8270371533618187,1.28028028028028,0.2560993100258457,-0.23923923923923943,0.5198675496688742,0.9463034218064683,0.9255303754171647,0.9786924629793816,0.14525950062845328,-0.12216747692607126
14,2.0,12.0,3,13.556413531152785,207.44205320698586,4,0.42402822008774366,-94.62641824058701,8.984165563231565,18.93278658484227,2.1073505882756938,0.8906735569791844,0.7767001534922738,9.199482373539217,0.9988681332478401,0.12129032258064518,0.10655913978494622,1.1382441977800206,0.31870967741935485,0.053010752688172035,6.012170385395539,0.16193548387096776,0.07483870967741935,2.1637931034482762,0.051208568610668796,0.05932376321491329,0.08113682041154095,0.1257834268541902,0.05730071138450174,0.0659757896168779,0.08934889344470759,0.13976799590654337,-3.317036014777477,-3.28866477123685,-3.2124049169423556,-3.0563175023553515,-2.787887072873218,-2.762231873222304,-2.693109540362342,-2.544002857375808,0.7761448833760572,1.5005005005005003,0.2434368873543108,-0.3713713713713717,0.5198675496688742,0.9331524892024964,0.9287372127313169,0.9727174522433552,0.13191758204950102,-0.0971089202863452
14,2.0,13.0,3,6.047970380138042,45.77383177433945,4,0.6656014491089668,-121.64428379430026,0.4624560091977509,11.965472332862667,25.87375251890415,0.833068670226408,0.8339912669123322,162.07193412588313,0.9974832094086601,0.10193548387096774,0.10978494623655913,0.9285014691478942,0.25311827956989247,0.08,3.163978494623656,0.292258064516129,0.056236559139784946,5.196940726577438,0.029542465946883787,0.03189734267190456,0.039887464482672594,0.06065414110246264,0.03564378071632621,0.04727076855388679,0.05531707585777326,0.09068016395933759,-2.651442826783713,-2.645008932685906,-2.6231786614819637,-2.5664408302759814,-1.6986471111707386,-1.6781669722895272,-1.663993955738142,-1.6017043098120565,0.8247322215058113,1.2582582582582587,0.18891927762076643,-0.4374374374374374,0.5529801324503312,0.9493261956072312,0.9390151666055138,0.9891350308407375,0.1587297269627225,-0.13808252841134885
14,2.0,14.0,3,4.280349610443531,22.460010237026577,5,0.6714528719817455,-119.56490169437029,2.182350421399146,7.37495529109166,3.3793634692101544,0.8647140680289909,0.8029891737437045,99.67647868168943,0.9954504585855343,0.10193548387096774,0.11000000000000001,0.9266862170087975,0.2565591397849462,0.06,4.275985663082437,0.20666666666666664,0.055053763440860215,3.7539062499999996,0.028183038537455136,0.03499191622141026,0.04183934832248702,0.06323336078164839,0.030767909133248995,0.038633027020934525,0.04471410867388044,0.06726140173099977,-4.282004608241361,-4.2520034384986864,-4.221832390889779,-4.127566429734878,-3.8516200079307494,-3.820364908449001,-3.7961993695805947,-3.7065989468523113,0.7770289931446456,1.5005005005005003,0.26942037136818825,-0.23923923923923943,0.4867549668874172,0.9344561514515787,0.9302059026456044,0.9771299965222695,0.14098935747682145,-0.19318266077192772
14,2.0,15.0,3,8.719054681594569,91.30288675050569,5,0.5773552935037698,-100.05193587503814,3.751620016315631,14.939922389447597,3.982258950659856,0.9183969907915199,0.8448463890930127,32.81107760963905,0.9990540987276588,0.10193548387096774,0.09333333333333334,1.0921658986175113,0.2856989247311828,0.0929032258064516,3.075231481481482,0.2279569892473118,0.04580645161290322,4.976525821596244,0.034246796075134256,0.0386301840881156,0.05338584186216405,0.08376041904036018,0.04262211992864383,0.04593813413995174,0.06348739415545429,0.10251329993604077,-2.708917260108162,-2.6966219496728887,-2.655232642481443,-2.570032597529892,-2.067889809842256,-2.060727379897306,-2.0228218290048776,-1.938527764390053,0.8037487316587916,1.6326326326326315,0.2199593068030075,-0.4374374374374374,0.4900662251655629,0.956731110906638,0.9241954931608092,0.9796082522752876,0.15466766603414472,-0.12345666387196941
14,2.0,16.0,3,6.778623547240253,50.88445512524773,6,0.569616178262667,-102.96749833868944,1.9114028643878118,12.995022743204437,6.798683304980036,0.8964505556802699,0.8788908632133724,20.64211113899663,0.9992268241645422,0.10193548387096774,0.12333333333333334,0.8265039232781167,0.2595698924731183,0.06655913978494624,3.89983844911147,0.3329032258064516,0.07612903225806451,4.372881355932203,0.06078438527811817,0.07471874715024657,0.08282241169949217,0.10018674752569415,0.09069742794538681,0.11594859373950227,0.12960405547456397,0.15599538855243622,-1.904273119824462,-1.8760210014194052,-1.8595907054029017,-1.824384265647071,-1.146846768268761,-1.1149990436763129,-1.0977762592683824,-1.0644905126084199,0.7603387350409657,1.5005005005005003,0.18891927762076643,-0.393393393393393,0.5033112582781457,0.9432950583383927,0.9483706864801417,0.9900845585870115,0.13315227902372162,-0.14726310447347973
14,2.0,17.0,3,6.599636305781576,52.90821678027584,4,0.6250284537773818,-119.00022173516439,0.46423704763591234,14.071420280635849,30.3108516485131,0.866719649364828,0.8678853510005817,8.906184831838415,0.9991918454712304,0.10516129032258063,0.12989247311827956,0.8096026490066225,0.2595698924731183,0.09655913978494624,2.6881959910913142,0.2921505376344086,0.042365591397849456,6.895939086294418,0.030960951245460597,0.03665588931176382,0.04332557926378977,0.056865448381428145,0.05610647118253766,0.05799785136125749,0.06874601468999056,0.0896361050441979,-2.2353024722627866,-2.2221658405085223,-2.2067807283624727,-2.1755480314431166,-1.2940750995365606,-1.291482023179628,-1.2767463246025956,-1.2481060755394235,0.8052001187009393,1.39039039039039,0.1987459549580982,-0.4374374374374374,0.5629139072847682,0.9026299799552678,0.9083343841950084,0.9717637809137983,0.14951498041663025,-0.15039109793238348
14,2.0,18.0,3,6.786051648361549,53.38167828536036,5,0.5922057138354008,-128.10225159885005,1.451764114037783,8.251194557253314,5.68356420817175,0.8402983869340942,0.8760671751982148,13.86949055790954,0.9982157115693657,0.10516129032258063,0.1096774193548387,0.9588235294117647,0.26623655913978495,0.09989247311827956,2.6652314316469323,0.20204301075268818,0.06870967741935484,2.940532081377152,0.0469786159691215,0.05808693128336747,0.07439041206600783,0.11747184676959542,0.05953040562634175,0.06683634366883863,0.08321608855972375,0.14158677044540952,-2.4922848176973416,-2.4632350124445006,-2.4205991195767718,-2.3079351149326834,-1.999517838396426,-1.9839847966802604,-1.9491600747608668,-1.8250590720617614,0.7940617203036203,1.4124124124124113,0.29817722900196736,-0.3493493493493495,0.5198675496688742,0.9513878414108314,0.9417502265273835,0.9848465680319858,0.12174810437957638,-0.16708221635677745
14,2.0,19.0,3,5.658108676508979,36.96502238860319,4,0.6511121582115749,-132.0388142992212,3.0064300519148475,6.785562531466327,2.2570165991869606,0.8555152408018403,0.8073234882047158,14.194121137895548,0.9950849953627939,0.10193548387096774,0.14655913978494622,0.6955245781364637,0.24989247311827958,0.08967741935483871,2.7865707434052758,0.24612903225806454,0.04946236559139785,4.97608695652174,0.05556824361180022,0.04303197766905316,0.04041622245418817,0.05567116118899968,0.04831304309485284,0.04667350845370964,0.047424173603600385,0.07075228191560722,-2.624177900115106,-2.6590109008209826,-2.6662789823742865,-2.623891935533977,-1.8934588198765536,-1.896720807764736,-1.895227298225153,-1.848814124109531,0.8035468128461096,1.2582582582582587,0.17513897905202525,-0.393393393393393,0.5298013245033113,0.9535417036721087,0.9430962024707931,0.9863337589405123,0.14451792560796084,-0.14853602298404783
14,3.0,0.0,3,4.828937668894795,27.8796827833005,4,0.3418541899217217,87.10901493650887,0.24927652521866822,3.0188404304399774,12.11040802093906,0.6488954292846623,0.7821418137701637,9.6725396434832,0.9940719390025503,0.10193548387096774,0.1832258064516129,0.556338028169014,0.25311827956989247,0.1232258064516129,2.054101221640489,0.26236559139784943,0.042473118279569885,6.177215189873418,0.024906304961808776,0.03701119657534931,0.0476289161527826,0.06303944165557389,0.03459974803353928,0.05569120171665387,0.06888757472993921,0.09190204295787266,-2.3144986434817256,-2.285766271032188,-2.2605638749097556,-2.2239851947756852,-1.4784875697380513,-1.4461865090798713,-1.4259765770583839,-1.3907304652722923,0.8266098820865343,1.1261261261261257,0.13936192742241435,-0.45945945945945965,0.5562913907284768,0.9320139095730934,0.91821277498922,0.9801764685439687,0.15543633719291342,-0.15946440916550528
14,3.0,1.0,3,5.7493047461073665,42.768536891008885,6,0.5224890525728708,88.23522956721355,0.01071976612316721,4.827721929107296,450.3570202594048,0.7232305192162111,0.8905403183692763,14.100666474884697,0.9989880692663581,0.10193548387096774,0.09,1.1326164874551972,0.2595698924731183,0.056559139784946234,4.589353612167301,0.2846236559139785,0.049032258064516124,5.804824561403509,0.023112624719646726,0.039787988682710634,0.04202236113829605,0.060543134187368314,0.03439933344879686,0.05883921458801826,0.06286511946166073,0.09332789697948794,-1.3855222603522108,-1.3618715422091192,-1.3587025251315437,-1.3324344578110334,-0.8336482390582949,-0.812548146048546,-0.8090723939858269,-0.7827724527013367,0.8283305220679872,0.6856856856856854,0.1259215613694151,-0.5255255255255253,0.5827814569536424,0.9736488689896134,0.9590371891959408,0.9956851867329819,0.15563697506150098,-0.18624866607303975
14,3.0,2.0,3,7.182609011993401,61.14669912251752,5,0.41397871316807067,88.0753941982667,0.5423153555065282,5.8187140157254325,10.729391961049476,0.5198455977304234,0.8800815626864313,13.950841851972196,0.9990356929801069,0.10838709677419356,0.16333333333333333,0.6635944700460831,0.2595698924731183,0.09666666666666665,2.6852057842046726,0.3205376344086021,0.06860215053763441,4.6724137931034475,0.051558367774374336,0.0662868575525982,0.062035630168915785,0.06712548726111793,0.0710089031679629,0.1012707934694872,0.09061262445014186,0.09864994439578882,-1.5651013018342175,-1.5407966132348179,-1.5478119121066958,-1.539412721591975,-0.970173542629896,-0.9385701339205708,-0.9497007826756643,-0.9413071659967651,0.8053450708106021,1.0820820820820811,0.10280447320933098,-0.503503503503503,0.5794701986754967,0.921585008533284,0.935275612707243,0.9869953278932037,0.1622935067074089,-0.13404464686876055
14,3.0,3.0,3,7.7896721937161715,81.50895053792699,5,0.44181321914217075,89.59286019011851,0.4031801838081007,3.0407183188630373,7.541834745306605,0.6363670225681186,0.8004428725921987,289.94538171280925,0.9944654479263763,0.10193548387096774,0.09666666666666666,1.0545050055617353,0.24989247311827958,0.09666666666666666,2.585094549499444,0.2589247311827957,0.05258064516129033,4.924335378323107,0.04945975574145669,0.051853871074306584,0.05252297313378877,0.07352363972605482,0.053826283795112374,0.05876695405262468,0.06021240410806134,0.08462841952531981,-2.090471654712791,-2.085206406585038,-2.083734886680535,-2.037549258553395,-1.7001709252084154,-1.6912930798624712,-1.688695763834764,-1.6448228483109995,0.8018686306050251,0.9499499499499499,0.2560993100258457,-0.45945945945945965,0.5198675496688742,0.9536922693057256,0.9367230213133976,0.9906937539915429,0.15158638371922817,-0.18845690695588926
14,3.0,4.0,3,9.41429856982494,116.88335281108829,3,0.4124446495209566,92.56992620071017,0.14533475210609853,4.801182511835792,33.03533698761045,0.5673341761480446,0.7996628137793613,62.116111392552185,0.9971650896541904,0.11483870967741935,0.06,1.913978494623656,0.2693548387096774,0.07989247311827957,3.3714670255720054,0.20591397849462365,0.04204301075268817,4.89769820971867,0.033286669345728694,0.04721860626802714,0.05140574941514569,0.08970324299948135,0.03997407917170023,0.048723554775997366,0.056634014390911015,0.09831561120029199,-2.3494481650107883,-2.3155887336786614,-2.3054125258291456,-2.2123363540489005,-1.9681721999899404,-1.950234689892286,-1.934017266627523,-1.8485648238219863,0.8135124829165189,1.1041041041041042,0.18891927762076643,-0.5255255255255253,0.5827814569536424,0.9582378121528745,0.9282615117960145,0.9854452283866797,0.15351318845167955,-0.14457324681762418
14,3.0,5.0,3,11.405355883603402,152.69466257269858,5,0.4291504734775645,110.56376822354542,1.0645326989382595,11.627619077253833,10.922744870919374,0.5292768027358843,0.8925270132037194,165.5758785542364,0.9992630648751547,0.10193548387096774,0.15,0.6795698924731183,0.2595698924731183,0.12333333333333334,2.10462074978204,0.2986021505376344,0.046129032258064515,6.473193473193473,0.023789904596147535,0.02582451312500953,0.03563043226035489,0.050035153431656605,0.03958538521356172,0.04080523646785611,0.056587162691483624,0.08194843318870142,-1.765737951841652,-1.7620578162709724,-1.7443211798117821,-1.7182663756486043,-1.0558439377339786,-1.054502878849665,-1.0371528189146781,-1.0092715858561065,0.805069042210961,1.1921921921921912,0.1987459549580982,-0.4814814814814818,0.5397350993377483,0.9658544737537832,0.9454911537308249,0.9915877097494137,0.1316859467674217,-0.12154314333462113
14,3.0,6.0,3,6.44827903319663,49.1212151516656,4,0.3790554830948103,93.30748169222055,0.06341652918540054,5.762024855778458,90.85998445189216,0.6143618727375362,0.8063166998023519,11.738562290610684,0.9956338599343177,0.11161290322580646,0.17666666666666667,0.6317711503347535,0.2724731182795699,0.10655913978494622,2.5570131180625633,0.23774193548387093,0.03258064516129032,7.297029702970296,0.06654073465201467,0.06681876321933188,0.07528287997833401,0.08662595268954609,0.09481514797182465,0.08890602465376601,0.09978444958118277,0.10685006995503776,-1.9203167770916811,-1.919744815419491,-1.902332394739821,-1.8789973723776068,-1.3239879598443531,-1.3326310652927214,-1.3167195046941331,-1.3063848241226959,0.7779205275932569,1.0820820820820811,0.21452153792929124,-0.503503503503503,0.5099337748344371,0.9809637370529465,0.9516898007255804,0.9904573081701347,0.14513701536941548,-0.19183030585405214
14,3.0,7.0,3,9.331185414033255,117.80938673210755,3,0.38619668459069634,93.20257397388407,0.6260294863394921,3.370947431599512,5.384646418669594,0.7835463306178011,0.8206447709971699,23.016426501725988,0.992059948821573,0.10193548387096774,0.13333333333333336,0.7645161290322579,0.2793548387096774,0.09623655913978495,2.9027932960893854,0.15526881720430108,0.04526881720430107,3.429928741092637,0.035789219322606806,0.04953204283928938,0.057091214393085725,0.0788057282178642,0.04023165045150578,0.05042191802102529,0.05775430791602406,0.07589234708215846,-2.68498217447972,-2.646713326102615,-2.625663736860812,-2.5651965820483924,-2.4757023081779925,-2.449416726918016,-2.430502981120867,-2.383716289883813,0.7954423273462969,0.9939939939939944,0.18891927762076643,-0.393393393393393,0.5298013245033113,0.9600521202377178,0.9413311848983599,0.9855036313014446,0.14150981982605282,-0.1748581611035552
14,3.0,8.0,3,7.684593204121795,81.539998170426,3,0.4195353275105832,91.45306468237945,0.1006703764018595,4.760593806276894,47.28892427374455,0.796665814966696,0.9305520314401572,8.763086667122797,0.9983389762596874,0.10516129032258063,0.11000000000000001,0.9560117302052784,0.27279569892473116,0.12333333333333334,2.211857018308631,0.21903225806451615,0.051827956989247304,4.226141078838175,0.047661540156652166,0.05871953877419391,0.07198960284342672,0.09320463417626151,0.0565656587593942,0.07483549383279192,0.09118588288773605,0.11775431934819047,-2.0518143291566764,-2.027989858160305,-1.999399489552743,-1.9536916796535413,-1.5468165945004038,-1.5168621155981885,-1.4900546823607383,-1.4464941539694154,0.8142745766473796,0.7517517517517519,0.16225952870780871,-0.503503503503503,0.5562913907284768,0.9808701418921387,0.9436876856763265,0.9924365518590805,0.15831976265517586,-0.15758572004847365
14,3.0,9.0,3,8.244665170737989,88.89163563865351,4,0.29560696704000367,81.45828856160605,0.04898634299812055,3.461975039355115,70.67224919173779,0.5324272565446522,0.7780820439981697,6.080290025994427,0.9987922530159313,0.11483870967741935,0.1364516129032258,0.8416075650118203,0.2756989247311828,0.12978494623655915,2.124275062137531,0.30408602150537634,0.061935483870967735,4.909722222222222,0.05309454269346452,0.0575867464702211,0.07086914725446646,0.09087858967644415,0.07440495338360953,0.09084865282231147,0.10879750247466662,0.14092071219584484,-1.6530782092721514,-1.6452358591012173,-1.622047855342414,-1.5871159907172538,-0.9904098776681027,-0.9728147075026712,-0.9536089889182245,-0.9192363501205532,0.8080716030357239,0.7297297297297298,0.1795784647002097,-0.5255255255255253,0.5529801324503312,0.9886332364941127,0.9560316677856409,0.9956019267845289,0.15986442567843784,-0.15308918711735775
14,3.0,10.0,3,9.725830681206325,111.98222433040524,4,0.6178451341746144,92.08519492984531,0.20305173568277235,4.651171628144691,22.906337700118033,0.8663342141588046,0.8892765905022354,12.887644186082865,0.9995903484991119,0.10193548387096774,0.13322580645161292,0.7651331719128328,0.24989247311827958,0.07978494623655914,3.1320754716981134,0.2948387096774193,0.029569892473118274,9.97090909090909,0.030587120568464726,0.03821613494321004,0.04224211607648432,0.05971507941876121,0.05314769042310103,0.06663635616392387,0.07424289734611929,0.10023353624271786,-1.4669280625626928,-1.4553837396911309,-1.4492915731550198,-1.4228512598408976,-0.7643465587694901,-0.7534578328962893,-0.7473174522709862,-0.7263365081470683,0.8109560488387768,0.6196196196196196,0.08393129498166373,-0.613613613613614,0.6158940397350994,0.9719892141492569,0.9570432217562553,0.9928726044067435,0.14259862419108413,-0.12019258486688449
14,3.0,11.0,3,6.346918811784067,45.78026366230649,6,0.5723566513547426,98.32743444841108,0.18116100590946965,7.363501179099325,40.64617074813019,0.6569799948835335,0.9187312059872697,36.697982770896004,0.9991473059157463,0.10193548387096774,0.13655913978494624,0.7464566929133858,0.25311827956989247,0.07655913978494625,3.3061797752808983,0.2120430107526882,0.0521505376344086,4.0659793814433,0.028085535116012476,0.026998498919056653,0.03425315081893018,0.04742107011719711,0.0360806070321778,0.03448036079760104,0.042468630050393086,0.05974963602928463,-1.7105941603649166,-1.7125073716996608,-1.6997389999717174,-1.676563127331052,-1.2575967516017101,-1.259684544918297,-1.249262489364149,-1.22671647862714,0.8053592004139978,1.06006006006006,0.16225952870780871,-0.5475475475475475,0.5529801324503312,0.9752558140955114,0.933075528665577,0.9882257708755242,0.1769167066537749,-0.16046536224707675
14,3.0,12.0,3,4.325954382311205,21.183309787830535,6,0.5428035869196277,84.7447291083376,0.2157376731892474,3.51803137249627,16.30698672368741,0.6018517668116674,0.9079207933734973,20.676445559566506,0.99373065655953,0.11806451612903228,0.11333333333333333,1.0417457305502849,0.2724731182795699,0.0664516129032258,4.100323624595469,0.2978494623655914,0.0521505376344086,5.711340206185567,0.035815394154872386,0.04842489598340587,0.056907925342407364,0.09085639823577647,0.0494300737350387,0.064457675419826,0.07577732475951773,0.11543949272772497,-1.7516405268157274,-1.7287327617550559,-1.7133215864206703,-1.6516471720159644,-1.2533266476993181,-1.2335127517173983,-1.2185877916823245,-1.1662932148747005,0.8066180843103917,0.7517517517517519,0.1795784647002097,-0.5475475475475475,0.5033112582781457,0.9905058218813617,0.9554285199819774,0.9946632139074157,0.14783694574401762,-0.19542733990317232
14,3.0,13.0,3,10.397544364096635,132.37222976074233,4,0.2685042801222972,95.20130116275709,0.1853178450848246,4.736158598702419,25.556948369082107,0.6632924620402976,0.8832020653899049,1374.046891376228,0.996136434978072,0.10193548387096774,0.13655913978494624,0.7464566929133858,0.27279569892473116,0.0961290322580645,2.8378076062639823,0.2724731182795699,0.07516129032258063,3.6251788268955654,0.038061224351243705,0.03964428279979599,0.045394921290136996,0.06314454873889012,0.04739138029571128,0.051421616869421795,0.05713029767616836,0.07642873109372293,-2.0618171843621105,-2.0584240608123574,-2.0460981565442373,-2.008053649122044,-1.5503482382095801,-1.5437891224905145,-1.5344983780565749,-1.5030906292390194,0.8018569484921017,1.3683683683683687,0.18891927762076643,-0.5255255255255253,0.543046357615894,0.9676570825383028,0.9374813980669282,0.9863414465725098,0.1410874218954228,-0.14442056745305082
14,3.0,14.0,3,7.455426526021433,65.57000655584706,4,0.3027797713951068,95.86424984628246,1.9994836013338293,2.906668341349122,1.4537095175024801,0.6716359680652355,0.8256390309899795,130.9190158545539,0.9962641075730081,0.10516129032258063,0.09,1.168458781362007,0.26924731182795697,0.09322580645161291,2.888119953863898,0.2864516129032258,0.05580645161290323,5.132947976878612,0.03466123847132371,0.037480174174649286,0.04993544876674589,0.08209683148199257,0.04948774932576604,0.05356303889797566,0.06837239740184531,0.11180850938468063,-1.8656012526396915,-1.860153413819973,-1.8360825106230578,-1.773927836770353,-1.2395429328275056,-1.2342284338456408,-1.2149158624819796,-1.1582717470593362,0.78508826963392,1.3463463463463456,0.2834343306151309,-0.4154154154154152,0.5331125827814569,0.9310748909262037,0.9404550486372004,0.9848500430406841,0.13857741643002452,-0.17151704634193699
14,3.0,15.0,3,8.370232336686506,83.29404231478625,4,0.4700469663882276,94.78294623626923,0.9119294849607747,4.463973660823084,4.8950864452146705,0.8166723659548697,0.9097973373922573,14.773581385334037,0.9974990211279616,0.11806451612903228,0.11000000000000001,1.0733137829912025,0.29516129032258065,0.0464516129032258,6.354166666666667,0.2967741935483871,0.035806451612903224,8.288288288288289,0.014521555141111836,0.02905255515684149,0.03323547508586209,0.045542239216952246,0.021040339675178234,0.03516879674814768,0.043043604050636015,0.056195867638865186,-1.8857014584452831,-1.8578965601593005,-1.8498925918818985,-1.8263437429021911,-1.3382908780559148,-1.3189765120119803,-1.3082112239143364,-1.290231367236612,0.7828456356757216,0.971971971971972,0.10815187025522892,-0.5695695695695696,0.5298013245033113,0.9829147509190405,0.9660659008752046,0.9954045862504247,0.13554271516229027,-0.165423126230798
14,3.0,16.0,3,13.249480759774045,202.95106869804502,2,0.22612801245904157,93.33129106070449,1.4823924697119,3.621742352555706,2.443173738773501,0.9181485122239068,0.8893685981002903,15.161855037562404,0.9982788284758446,0.10516129032258063,0.08989247311827957,1.1698564593301435,0.3027956989247312,0.046236559139784944,6.5488372093023255,0.1321505376344086,0.08881720430107527,1.4878934624697335,0.07007789781812021,0.08794444231285721,0.11046292704377478,0.17256027650971378,0.08917628460545289,0.1110566399139174,0.12575041153187833,0.20418957772918594,-2.087183251767386,-2.0470823096036534,-1.996540222180122,-1.8571645180428042,-1.6172311898252951,-1.5783810891403562,-1.5522912702708043,-1.4130170463632443,0.825575491278643,0.9059059059059056,0.2560993100258457,-0.393393393393393,0.5629139072847682,0.9822922089250117,0.9369406313113312,0.9874297118620585,0.14908625072074758,-0.1316769480741783
14,3.0,17.0,3,4.761922059952134,27.563452761505317,5,0.47316201002357317,92.4149028990484,0.04469060800016997,3.1133893600929876,69.66540620975992,0.6333990689581259,0.8365992527533437,13.927446173161323,0.9948242758720038,0.10516129032258063,0.09311827956989248,1.1293302540415702,0.2894623655913978,0.0332258064516129,8.711974110032362,0.18849462365591396,0.06462365591397848,2.916805324459235,0.030054114987801174,0.04137484267195876,0.05518914244365134,0.09010760267688081,0.0334447695653444,0.044095658995480014,0.0554721426998315,0.09067925656522857,-2.591271986176631,-2.561027943736343,-2.5241221652180053,-2.430835282721821,-2.37368610414029,-2.3475294320319837,-2.3195908306642647,-2.233128480332151,0.7825206751341269,0.9279279279279278,0.26942037136818825,-0.3713713713713717,0.5,0.9828635983259758,0.9430875489623108,0.9888012756154714,0.1277226573752217,-0.21501554478109386
14,3.0,18.0,3,4.253689244854932,20.224619542079406,6,0.5223567118083994,89.92619628598108,0.1561123281808973,3.2763914327419505,20.987397157676025,0.7254855217142409,0.9214257944942226,9.79370422245996,0.993655319222527,0.10516129032258063,0.13999999999999999,0.7511520737327189,0.2563440860215054,0.07989247311827957,3.208613728129206,0.2787096774193548,0.042150537634408604,6.612244897959183,0.04924086192852651,0.046520942582524635,0.05253146746947121,0.07436751834417392,0.06309392864056663,0.06164312797148575,0.06897655852644032,0.09673928400258235,-1.769489296361081,-1.774551428269146,-1.7633650414892752,-1.722725244562414,-1.2497470159720412,-1.2516822513839787,-1.2419001256906375,-1.204867188900383,0.7986128397258506,0.8398398398398399,0.1987459549580982,-0.4814814814814818,0.5463576158940397,0.9697429168100744,0.9424325858783772,0.9909622031219709,0.14531403573700294,-0.17810913376028284
14,3.0,19.0,3,5.34581462423127,35.79217523528758,5,0.4094501708375857,86.71739787599365,0.31806014227174884,2.4976513213651614,7.852764271328225,0.6192325774821541,0.8617543257049534,394.03693861656546,0.996861649686049,0.10838709677419356,0.10989247311827957,0.9863013698630138,0.2595698924731183,0.12311827956989245,2.1082969432314416,0.2837634408602151,0.03634408602150537,7.80769230769231,0.05157610323278583,0.05737005666871094,0.07343896161056684,0.10885001019691112,0.06862746009592727,0.0746864591173535,0.09019227760605283,0.1300700341762776,-1.7743411991024414,-1.7635016891300705,-1.7334394773279636,-1.6671913760049846,-1.3122225012331306,-1.303685901204442,-1.2818395582544944,-1.2256552847998188,0.8214508417503671,0.6856856856856854,0.18891927762076643,-0.4374374374374374,0.5562913907284768,0.968855800031455,0.934896949615518,0.9869744991531493,0.16283275628087462,-0.17503151739342926
14,4.0,0.0,3,3.870581488440367,17.151633469112216,3,0.5925229820401274,51.688196601397536,0.6247027525775696,2.007966165553216,3.214274560610146,0.6674990737337503,0.7995187154060261,14.024313549535819,0.9883545192480582,0.10193548387096774,0.08978494623655914,1.1353293413173653,0.2696774193548387,0.09623655913978495,2.8022346368715083,0.21311827956989243,0.0489247311827957,4.356043956043955,0.02468894437356389,0.037984523455907346,0.05233563301987247,0.0813310494404588,0.028409382189973426,0.049336498342078094,0.06892562710043326,0.10369284318574896,-2.63465653576288,-2.5987405229954974,-2.5599731529446528,-2.481646384331744,-1.9189944191475994,-1.8776611473265301,-1.8389705423802012,-1.7703016067050064,0.8204959618007668,0.8838838838838833,0.2434368873543108,-0.3713713713713717,0.5397350993377483,0.9697919649827483,0.9332160269128532,0.984969027552709,0.16004590109789624,-0.20788518294756475
14,4.0,1.0,3,4.739405964390609,30.56189361331797,5,0.5032050284914362,49.46179993968894,0.3068325039559325,2.8768521287668025,9.375969272082003,0.6687991736943082,0.6817368147902785,9.740194948277521,0.9846118356101949,0.10193548387096774,0.11978494623655914,0.8509874326750448,0.3163440860215053,0.03989247311827957,7.929919137466306,0.11301075268817204,0.06139784946236558,1.8406304728546412,0.025609149652357298,0.03439502239041083,0.04107433566949524,0.05795087200218528,0.02991783313060465,0.03312002057226641,0.04096588308530451,0.05784038304060243,-4.024013413271259,-3.9877297497571695,-3.960145699458578,-3.8904494286571074,-3.805996485842238,-3.7934331024854404,-3.762650838701135,-3.696445841100292,0.8201704800292775,0.9279279279279278,0.2834343306151309,-0.4154154154154152,0.5761589403973509,0.9493508261457132,0.9213649884256896,0.9791012091152864,0.16002840921813846,-0.18876716050158654
14,4.0,2.0,3,8.579118837241579,98.71916219630218,4,0.528003738368916,56.9345577797455,1.3611530741246833,3.270826825527335,2.402982359372553,0.7856205151630951,0.8192601043288608,16.916509886337693,0.996051765466739,0.10516129032258063,0.16,0.6572580645161289,0.26924731182795697,0.13333333333333333,2.019354838709677,0.20881720430107528,0.05193548387096773,4.020703933747413,0.06342364434524152,0.06712475414907208,0.06498788440311151,0.08209856039329644,0.08301665507543185,0.09000420407533226,0.08576647743744913,0.10661256327334828,-2.453511024554901,-2.443815377582863,-2.4494132484324713,-2.4045891057707056,-1.7988075449495164,-1.7851003648449975,-1.7934133344227434,-1.7525204472271039,0.827100658846206,0.9939939939939944,0.29817722900196736,-0.393393393393393,0.5629139072847682,0.9610809958914251,0.9206077442943094,0.9798465453847072,0.17084653309291006,-0.1549701558294553
14,4.0,3.0,3,4.140754872610017,22.434417390068962,4,0.630350812358643,48.29465498719102,0.5236471861263806,2.7050321271600017,5.165753199535289,0.7124611620363346,0.7388998497035862,4.439390297034143,0.9939531718489001,0.10193548387096774,0.11000000000000001,0.9266862170087975,0.26322580645161286,0.0964516129032258,2.7290969899665547,0.16978494623655913,0.048602150537634406,3.493362831858407,0.015238760010945865,0.028181274918478164,0.029441454876241367,0.04869621780335773,0.018480115925184663,0.031504444059093833,0.03300620385460628,0.05483981532483074,-2.9810662380721715,-2.9418866962098016,-2.9380718832648642,-2.8797839233480538,-2.4656628876580005,-2.4329446482850607,-2.4291720977193,-2.3743241762669283,0.806784869645552,0.9499499499499499,0.18891927762076643,-0.5255255255255253,0.5629139072847682,0.9638787210439992,0.9363988452755677,0.981813822684424,0.14611942217795096,-0.19074540514749982
14,4.0,4.0,3,4.6550141726578165,26.845032758436574,5,0.5612202943683324,55.99463395555989,0.38846255476018365,2.867112794036258,7.380667091082338,0.7228766530606012,0.8614914015117006,4.1381322584713995,0.9959259308034414,0.10516129032258063,0.07666666666666666,1.3716690042075736,0.25311827956989247,0.13655913978494624,1.853543307086614,0.25225806451612903,0.05602150537634408,4.502879078694818,0.03236922718633823,0.040791795807372744,0.05345844848076816,0.0917501083453369,0.04004530345529575,0.05381240169510339,0.07311942968516652,0.12031157405533384,-2.1544898304644367,-2.135736459912111,-2.1075333734274784,-2.022274621755157,-1.5207364423175342,-1.4989269464386148,-1.468341231130365,-1.393580605453816,0.835476367136363,1.1261261261261257,0.16225952870780871,-0.393393393393393,0.5364238410596026,0.9340655686883299,0.925222602484764,0.9775443262021897,0.15945764086626016,-0.19604511057746085
14,4.0,5.0,3,2.905955662068815,9.914107862449718,5,0.4380499733558618,50.83022144696693,0.046539682680841146,1.2577548153446219,27.025427396444154,0.5443743602045052,0.8106189914347387,10.415313132331304,0.9845125527260449,0.10838709677419356,0.14333333333333334,0.7561890472618155,0.28247311827956983,0.09333333333333334,3.026497695852534,0.2489247311827957,0.04193548387096774,5.935897435897437,0.056207302063988336,0.062421668486109326,0.0741201161695049,0.09213799245058817,0.06536952182385135,0.0717192383580633,0.08281271294551652,0.1044082977168446,-2.9913852810416914,-2.971688620655585,-2.9346099652605226,-2.877501651092874,-2.4490187321310106,-2.432380525803358,-2.4033122173076746,-2.346725156569497,0.8048191030107406,0.861861861861862,0.2039148620068366,-0.503503503503503,0.5662251655629139,0.9393972913616955,0.9129349437001558,0.974584859468171,0.1693354004805231,-0.2109594711842045
14,4.0,6.0,3,5.100879594716189,33.22742206479325,5,0.5506131745231161,54.29928532404962,0.3653736700830584,2.6356217114423943,7.213496557765788,0.7360605717999977,0.8024257376588498,3.1745764482823686,0.9969424070938878,0.10193548387096774,0.17666666666666667,0.576993304930006,0.2563440860215054,0.09666666666666665,2.651835372636263,0.2530107526881721,0.042365591397849456,5.972081218274114,0.03699733100570201,0.039525975812539686,0.043577813257244,0.05458499562771595,0.05245089571611768,0.0548643023685482,0.0624562697345885,0.0768597316948906,-2.572735214306604,-2.5659797464886185,-2.5551549531497555,-2.5257484243761827,-1.726642229208041,-1.72224447311973,-1.708410243951331,-1.6821639781324795,0.8494622406394451,0.7297297297297298,0.1987459549580982,-0.393393393393393,0.5331125827814569,0.9679855079817109,0.9453957435965554,0.9884955055163112,0.14670727171595427,-0.1725196864873373
14,4.0,7.0,3,4.984742081504998,31.80598435592573,4,0.6430491453651876,55.32992704829857,1.1355387667784327,3.6730964437689497,3.234672871794299,0.8317888341935614,0.8389696277939754,8.379950366497079,0.9920618741009241,0.10193548387096774,0.10333333333333332,0.9864724245577524,0.2732258064516129,0.09655913978494624,2.829621380846325,0.18666666666666668,0.03881720430107527,4.808864265927978,0.043324391203762865,0.044556816310217955,0.049959147255268746,0.06734866183811446,0.047955250512096655,0.05548564022047097,0.06115179289641283,0.07878711709406402,-2.856175330932242,-2.852495899624583,-2.8363671259494594,-2.784450361152972,-2.3113073341173163,-2.293025583211081,-2.279269695955595,-2.2364558952603097,0.8032912918854659,0.9059059059059056,0.1466108684046983,-0.4374374374374374,0.543046357615894,0.9682885626970615,0.932719969060761,0.9852439527009713,0.1497248244465868,-0.16597746448934592
14,4.0,8.0,3,5.0639163078584675,32.94554099573437,4,0.29002341788737185,55.19593223424839,0.407246483164628,2.0274840845575413,4.978518338089461,0.6836063647682342,0.7961405875239846,6.633135074425446,0.9935676435554356,0.10516129032258063,0.10978494623655913,0.9578844270323212,0.26602150537634406,0.11645161290322581,2.284395198522622,0.28139784946236557,0.03559139784946236,7.906344410876134,0.03743647369656926,0.043018443694189244,0.05537890505561836,0.08236399221992095,0.0403449641325025,0.05223625878444324,0.06122589953641109,0.09459119538390144,-2.4446851308133346,-2.4305082389190056,-2.399115572072046,-2.33057979283094,-1.9946922578593862,-1.969975591461956,-1.9512901616578202,-1.8819386813646806,0.8126845519863366,0.9059059059059056,0.18891927762076643,-0.393393393393393,0.5695364238410596,0.9267697824021747,0.9197838283841454,0.9758976269904602,0.16422329818460857,-0.20467361931491598
14,4.0,9.0,3,3.9938060386348626,19.07863613188091,6,0.5069912379335783,54.04435982576674,0.21967515109282432,2.5756633650854965,11.724873533816956,0.6410380856446352,0.8292806300374077,19.871274943722298,0.9874766006853097,0.10193548387096774,0.1032258064516129,0.9874999999999999,0.2596774193548387,0.08,3.2459677419354835,0.2053763440860215,0.05881720430107527,3.491773308957953,0.044777077911848345,0.05463177864785064,0.07296837370591477,0.10186524921489461,0.04577977114394642,0.0622664248711822,0.08048080541778858,0.11012809225196185,-2.4367487866043245,-2.4116097017838847,-2.364833525537489,-2.2911183490012785,-2.069756204264599,-2.0339957447735895,-1.994487750703531,-1.930181153537586,0.8049471471593921,0.971971971971972,0.1795784647002097,-0.45945945945945965,0.5529801324503312,0.9411650343927572,0.9119499329856139,0.9743929163082747,0.18463582954990293,-0.21061081818382582
14,4.0,10.0,3,5.262177286783954,36.71919328345125,4,0.4317332968009171,50.10344536203703,0.5199520564927341,1.2745305559034634,2.451246302400717,0.7911994859468674,0.7199807370617977,16.04967504411617,0.9949557977716553,0.10193548387096774,0.09989247311827958,1.0204520990312163,0.27311827956989243,0.06623655913978495,4.123376623376623,0.14634408602150537,0.035591397849462365,4.111782477341389,0.03394834544323335,0.04761303071634818,0.04812364389532415,0.06852949162755247,0.03942035326774698,0.05034757400095297,0.050854511703708874,0.0729727535350834,-2.81876401493982,-2.7788929346081925,-2.7774030576977164,-2.717862484467875,-2.368161466966382,-2.34122208388717,-2.3399723069031344,-2.2854431814940206,0.7967203958100637,0.8838838838838833,0.2314005380130654,-0.4374374374374374,0.5331125827814569,0.9837418114008218,0.948376871377682,0.9898386382577331,0.13069939930518812,-0.1524963406657166
14,4.0,11.0,3,3.46279322800789,14.272975439297852,4,0.3557563948046998,50.01861652946357,0.14441827299204654,1.200151621792844,8.310247705696767,0.5491920601443183,0.5925335330528579,3.094741844030262,0.9789451808600637,0.10516129032258063,0.11333333333333333,0.9278937381404174,0.2792473118279569,0.1,2.792473118279569,0.18838709677419355,0.06591397849462366,2.858075040783034,0.08951199517755963,0.1138598401434357,0.13254532044169431,0.16432085895890713,0.10180854800198043,0.13775579346371628,0.16077309233887274,0.202964654855381,-2.6062285656742503,-2.5365340186548755,-2.483047720912642,-2.3920917547333924,-2.022432365487651,-1.9414909665128324,-1.8896635636716375,-1.7946620120602668,0.8258022240660148,0.9499499499499499,0.2314005380130654,-0.393393393393393,0.5529801324503312,0.9758770188082787,0.9371193533389873,0.9848409048198559,0.15216690525245233,-0.24061821889046087
14,4.0,12.0,3,4.37603964318072,23.067124813885666,4,0.5251112253446218,54.29201056447025,0.49805652511057436,4.55788002535892,9.151330814001518,0.6213345602501282,0.7977036759827179,7.392461843579099,0.9933123501655092,0.10193548387096774,0.13322580645161292,0.7651331719128328,0.24989247311827958,0.08989247311827957,2.779904306220096,0.23569892473118279,0.048709677419354835,4.838852097130243,0.01814121318393673,0.03171081809799979,0.03938984402876214,0.05262763905781741,0.024591623729344918,0.04153971882991103,0.05057398857005939,0.06953199274306036,-2.289488993437927,-2.2578475175829387,-2.2399416378527017,-2.209073873136056,-1.64176728007491,-1.6132409431347947,-1.5980348317053898,-1.5661254984415547,0.8184763895753997,1.1261261261261257,0.1706994934038408,-0.393393393393393,0.5331125827814569,0.9687992972203855,0.9538407846652465,0.9934531907888041,0.12212049572050225,-0.2033263011230744
14,4.0,13.0,3,3.285218738603925,17.809781536127034,4,0.5329201918952842,48.855569508126564,0.29634614591894315,1.385644353465042,4.675763030992968,0.6493236722934501,0.7065518806256896,5.5305109092493385,0.9716812855218766,0.10516129032258063,0.08333333333333333,1.2619354838709678,0.2661290322580645,0.06655913978494624,3.998384491114701,0.19903225806451613,0.06516129032258064,3.054455445544555,0.046203644087921526,0.05312537796412492,0.05767809670365031,0.0930356603813717,0.05736692866890707,0.06306086072579842,0.06992117729781686,0.11174790796104138,-3.2560832929858847,-3.2324537814102734,-3.216911646725499,-3.096207503059924,-2.5716050001009765,-2.5560713374351205,-2.5373556516232854,-2.4232478052270867,0.8168691258424282,0.8398398398398399,0.2834343306151309,-0.23923923923923943,0.543046357615894,0.9573575659637495,0.9217160764626909,0.9762404620608259,0.16634211025961196,-0.21090430008425293
14,4.0,14.0,3,5.156427037058059,36.539477585520295,4,0.47003300503874323,48.42823357869517,0.4706995943365233,2.802437038573704,5.953769818994409,0.705967459542534,0.6978294182438907,29.590106416449,0.9919002861009487,0.10838709677419356,0.09989247311827956,1.0850376749192683,0.2896774193548387,0.0832258064516129,3.4806201550387597,0.15935483870967743,0.05182795698924732,3.0746887966804977,0.04149352525311549,0.04660674075065246,0.06397927519503183,0.11067757855968846,0.05018085704167615,0.052447120330479276,0.06772708657216264,0.11935075161268272,-3.517680521153271,-3.498915224277322,-3.4351587159718404,-3.2637778057279756,-3.0734273873566784,-3.0660942063922745,-3.0166512497270643,-2.8496072528277265,0.7760315453652888,1.1921921921921912,0.2434368873543108,-0.32732732732732733,0.5,0.9642299064658496,0.941882813023129,0.9838024379586316,0.12725459239060874,-0.1994181003104638
14,4.0,15.0,3,4.840155211678626,34.46385581763983,5,0.5016876150999614,51.301796091022204,0.33898562026924356,1.318002574044894,3.888078122600168,0.6298608766565233,0.8466877595285331,11.028879992391118,0.9857635871477444,0.10193548387096774,0.09333333333333334,1.0921658986175113,0.2665591397849462,0.0832258064516129,3.202842377260982,0.21645161290322582,0.042150537634408604,5.135204081632653,0.05531972313119116,0.05739599103556394,0.07150957218752792,0.10836916804606518,0.0647417104349448,0.06481226130580908,0.08249589812947081,0.1251719984198884,-2.7624501529934338,-2.7563786950297926,-2.715107520678872,-2.607322062771156,-2.282820511677459,-2.2826483079376767,-2.2394852915682804,-2.13531954592525,0.8231308846192039,0.7297297297297298,0.2434368873543108,-0.32732732732732733,0.543046357615894,0.9621109982280168,0.9340090350486087,0.9797267926839198,0.1476459973807832,-0.20814233025211548
14,4.0,16.0,3,16.648348011069157,282.6665348719312,2,0.38780777110314557,58.07321661675447,1.3245147560003026,17.834291689923546,13.464773879740356,0.9387295929238536,0.8552365268129924,16.50253525016898,0.9995696260276821,0.10193548387096774,0.04666666666666667,2.1843317972350227,0.24989247311827958,0.09935483870967741,2.5151515151515156,0.25311827956989247,0.09548387096774194,2.6509009009009006,0.045990663897995394,0.06810576661738607,0.07342040287268739,0.14150815172475803,0.06240544646705655,0.09423428808987126,0.10119216374185609,0.19288089934794833,-2.693511164881053,-2.6310722831709885,-2.616067155286784,-2.4238309739575685,-1.8564765776947798,-1.7934541350565867,-1.7796772491630524,-1.5981297034251187,0.8152499254066004,0.5315315315315318,0.2199593068030075,-0.393393393393393,0.4900662251655629,0.9859364378438725,0.9389868293004174,0.9892131528376784,0.15160815135843148,-0.08164585597470028
14,4.0,17.0,3,7.938543638009437,79.72682349560843,3,0.32826674456611893,51.29723010707445,0.014246783077800744,3.671077864535664,257.6776697229227,0.728292392028975,0.8287134175582003,9.936814397686629,0.9963123996090224,0.10193548387096774,0.12322580645161292,0.8272251308900522,0.26956989247311824,0.09655913978494624,2.7917594654788416,0.18870967741935485,0.02924731182795699,6.452205882352941,0.0738209942498016,0.06699434185780838,0.07107096069729381,0.09398557969982974,0.08871508765630248,0.08595106483446334,0.09277958018487205,0.12886984711537983,-2.243941224890674,-2.260480799460262,-2.2506039905331603,-2.1950865820049845,-1.5358018303123864,-1.5404600785191829,-1.528951881432388,-1.4681284251701914,0.816501169888122,0.8178178178178177,0.1795784647002097,-0.503503503503503,0.5695364238410596,0.9628863073803162,0.9381113204578427,0.983878533404106,0.17510739075301568,-0.18313172677919717
14,4.0,18.0,3,8.26222703097312,83.02752841000189,6,0.3167040093100594,53.7870529228985,0.4301306694706056,4.126299451641794,9.593130052131235,0.7122209298563758,0.6489647261411504,7.986131168965401,0.9974059615975579,0.10193548387096774,0.07989247311827957,1.275908479138627,0.25989247311827957,0.07956989247311827,3.2662162162162165,0.18311827956989246,0.042150537634408604,4.344387755102041,0.033778730502538774,0.042066982343801435,0.055256198092789616,0.08347703979464183,0.03434792489802582,0.04401308845916433,0.05990917629710146,0.08887186101040694,-2.713315131518282,-2.6900402980565548,-2.6530027169202985,-2.57375375063161,-2.334763680817807,-2.3113951473329832,-2.2729614200019608,-2.202935138164932,0.8171435617953883,0.971971971971972,0.15423686462966274,-0.3713713713713717,0.5695364238410596,0.9692560674823323,0.9367315483992514,0.9854291315147354,0.15703670055678062,-0.16040955542065272
14,4.0,19.0,3,5.120958495713785,35.13726632857565,5,0.4787076423419807,48.49285940009653,0.11126666322332981,2.1270656074952488,19.11682750138639,0.6517829389044163,0.7566702327709157,8.772468602123833,0.9950473338238905,0.10193548387096774,0.06999999999999999,1.4562211981566822,0.2565591397849462,0.09,2.8506571087216246,0.25903225806451613,0.046129032258064515,5.615384615384616,0.03411500614151165,0.0371750987778782,0.03920531653738241,0.06812648325005183,0.05023043600018971,0.05171093140581045,0.0537198735767516,0.09146485799717873,-2.5923387123125403,-2.5841257297577274,-2.5786768283607167,-2.501055309700409,-1.7900406999632834,-1.7872503946801692,-1.7834641202130102,-1.712325750556791,0.8173732845714037,0.7517517517517519,0.18891927762076643,-0.45945945945945965,0.5397350993377483,0.9413008317140864,0.9192468788712811,0.9776396112673547,0.16498985897424823,-0.1823732982931793
14,5.0,0.0,3,10.473207796234624,136.71201099491716,5,0.3992429031175201,-11.0812184440044,0.4631109508880946,13.724935970306246,29.636388308214975,0.8438770066159107,0.8544247235111802,13.010041052453202,0.9976186141740522,0.10838709677419356,0.2033333333333333,0.533051295610788,0.26924731182795697,0.12666666666666665,2.1256366723259763,0.2347311827956989,0.03623655913978494,6.477744807121662,0.03728383000934584,0.050909469750500584,0.06132555242953389,0.07966446358436516,0.040624443197980774,0.060936199322490545,0.07651385473656626,0.09866250957682515,-2.8409464247471137,-2.800737572216984,-2.7700000259190367,-2.7158824513907325,-2.1805295904535584,-2.1343637433569245,-2.098957860499633,-2.048616993541425,0.7893112619492922,1.4124124124124113,0.209083769055575,-0.503503503503503,0.5695364238410596,0.9107781679023286,0.8907355975578511,0.967411643689593,0.17181144477032306,-0.11877040757898104
14,5.0,1.0,3,4.062078054342312,19.85288704734573,5,0.7245700548400382,-13.08354543418789,0.8502234803796314,5.3751113390166125,6.321998231119874,0.8668665698164248,0.8934632154680079,21.012514460386146,0.9941916470636347,0.10193548387096774,0.09,1.1326164874551972,0.25989247311827957,0.06311827956989248,4.1175468483816005,0.2231182795698925,0.03559139784946237,6.268882175226586,0.020203018522052408,0.022960236198306158,0.02618149459089107,0.05096993185291458,0.023940708407873663,0.027762933629100116,0.030602034706894835,0.05981156324879455,-3.1422225578794083,-3.1333801224125835,-3.1230495019092723,-3.043552638567423,-2.5491566059760586,-2.539174168683418,-2.531759339144027,-2.455473335536016,0.7845439025580901,1.1701701701701699,0.26942037136818825,-0.3713713713713717,0.5364238410596026,0.9374243064827174,0.9098090504375463,0.9714567381481023,0.15962762034578,-0.15038212484494812
14,5.0,2.0,3,10.57095032411454,138.75512899807129,4,0.4596293155240697,15.112096746246003,0.9200865992523198,9.762563562261448,10.610483372102903,0.8278985488744344,0.7559201744687706,9.113470621107021,0.997511529327677,0.10193548387096774,0.16989247311827957,0.6,0.29591397849462364,0.0996774193548387,2.9687162891046386,0.14258064516129032,0.05483870967741935,2.6,0.036925705484758355,0.048946775302152246,0.05701508902036021,0.07522491058582219,0.04045981851608399,0.05423341384555958,0.06098411232899818,0.08114426124275445,-3.151724842957596,-3.112385090460642,-3.085980995853121,-3.026388140618023,-2.7054142798008023,-2.6665797607179913,-2.6475462315045712,-2.590704886236634,0.8209541693196455,1.2142142142142145,0.31368698245668797,-0.283283283283283,0.5,0.9383753456203591,0.9168607028931005,0.9768457016239595,0.15861679885647081,-0.1294847454157885
14,5.0,3.0,3,5.708844552426345,39.92503863167355,4,0.5758284030338365,-7.979940496281515,0.45757240400617955,5.3000839040358825,11.583049715481321,0.8492133697006873,0.8722294037875785,10.673812399794754,0.9949863167578175,0.10193548387096774,0.11666666666666665,0.8737327188940093,0.24989247311827958,0.0732258064516129,3.4126284875183557,0.3170967741935484,0.03602150537634409,8.802985074626866,0.021899296963854932,0.024254796017322732,0.03026050075281037,0.04958465922546229,0.02438627837304814,0.03058757531422249,0.0375075736146073,0.0627404601196092,-2.4371142407786675,-2.4312450902203175,-2.416280794119379,-2.3681311693838336,-1.7960356186209185,-1.7846194710810699,-1.7718802453477938,-1.7254282921628514,0.80144646331227,1.1701701701701699,0.1987459549580982,-0.393393393393393,0.5298013245033113,0.9251732416233995,0.9270515959635348,0.9795023097464121,0.1310330979076838,-0.16872044687434337
14,5.0,4.0,3,6.082564462763399,44.058564815327685,4,0.4885698919514002,-16.631302428796644,1.7143307979314393,4.141169922926361,2.415618927177424,0.851347101062414,0.8352068837159917,2.1070590067225186,0.9977206403554422,0.10193548387096774,0.09989247311827956,1.0204520990312165,0.2627956989247312,0.11989247311827955,2.1919282511210767,0.25172043010752687,0.04268817204301075,5.896725440806045,0.025888292586295034,0.04103333983948067,0.04702816126339982,0.06491686765512526,0.036907627307364854,0.054929046187868216,0.06073415153691192,0.08381748664688674,-2.363831483942315,-2.327079703576257,-2.3125323498029453,-2.2691226596678877,-1.7033179952065451,-1.6714454480359189,-1.6611785819642346,-1.620353567461964,0.8035340540226371,1.28028028028028,0.2314005380130654,-0.4154154154154152,0.5529801324503312,0.9288932144038297,0.9145863943681294,0.9716331542609404,0.15932185084649078,-0.1590312455468645
14,5.0,5.0,3,3.567797897447695,14.15645275964722,4,0.650970091282924,-17.263841946311338,0.8494338328299513,4.712967249694345,5.548363000791654,0.8082296805796264,0.8198577728730239,7.43381628945543,0.9857019917826932,0.10193548387096774,0.1332258064516129,0.7651331719128329,0.24989247311827958,0.09978494623655913,2.5043103448275867,0.20946236559139786,0.051827956989247304,4.041493775933611,0.03153149426375817,0.027907865776839996,0.035391677316861006,0.05359949437058795,0.03945769838137273,0.03259116694027156,0.0397075584196835,0.058583371199240675,-3.6156889923076876,-3.629217479351675,-3.601277350327873,-3.533300123081784,-3.058040671159088,-3.0799013767014634,-3.0572452016019804,-2.9971510203422898,0.7947157129861131,0.9499499499499499,0.2434368873543108,-0.3493493493493495,0.5331125827814569,0.9279384216884191,0.9125803939013868,0.9699426532444053,0.15866640544255675,-0.1604212857764859
14,5.0,6.0,3,4.161500702317724,22.03061058009176,4,0.6141455935046984,-20.75986152467187,1.5203412558979812,2.8735519305475243,1.89007035058736,0.8119118656642035,0.834663582082752,28.220982937169413,0.9911918724892341,0.10516129032258063,0.12322580645161292,0.8534031413612563,0.2694623655913978,0.09322580645161291,2.890426758938869,0.24182795698924733,0.05548387096774193,4.358527131782946,0.03987897537181164,0.041938114348635515,0.04062766180962167,0.05806111201094165,0.04586888142051598,0.04622386139072451,0.043881477359581623,0.06451996051590835,-3.331941022823916,-3.3247951219920577,-3.329342830521714,-3.2688429285248484,-2.69413665309835,-2.69313431229819,-2.699748395573589,-2.6414724491621624,0.8024708791013535,1.1701701701701699,0.2434368873543108,-0.3713713713713717,0.5331125827814569,0.9626140967106611,0.9376062840210074,0.9866671904022104,0.15283061503664908,-0.17896364745503435
14,5.0,7.0,3,5.259722788183357,33.73451664304944,5,0.6448184545218321,-9.435779065197416,1.5048718062011692,5.178149066863772,3.4409237022888073,0.8354352521499789,0.8477266591025414,2.6422260761544014,0.9963344844795388,0.10193548387096774,0.11666666666666665,0.8737327188940093,0.2563440860215054,0.08655913978494624,2.9614906832298136,0.2921505376344086,0.03881720430107527,7.526315789473685,0.032079193733145675,0.03899877656466961,0.040729304010068045,0.05936927340382077,0.04242653888862206,0.047934153632412185,0.05106237633900508,0.07524293766636607,-2.9210811266368344,-2.9001985681852576,-2.8949760220563268,-2.8387225946636647,-2.197757891653506,-2.185117186518149,-2.177937501178619,-2.1224399110301406,0.7986379022360512,1.1921921921921912,0.2434368873543108,-0.4374374374374374,0.5529801324503312,0.9667332195203849,0.9399806424326775,0.9876625698219107,0.14189956804743534,-0.1758851561042557
14,5.0,8.0,3,4.283936439184433,23.381241397318124,4,0.5732014812459316,-28.399009196924762,0.45836360565827655,4.1753869874209295,9.109333585559153,0.8316870591795931,0.8349123192980331,6.4052181015510286,0.995660587869589,0.11483870967741935,0.09655913978494624,1.1893095768374164,0.2627956989247312,0.10666666666666666,2.463709677419355,0.23526881720430107,0.06559139784946236,3.5868852459016396,0.040399308565215036,0.054183599290670695,0.0679568028460468,0.09778273901981965,0.048987052065354975,0.06774836381934962,0.08204671228713023,0.12021110148573966,-2.7461038757580596,-2.706657161594951,-2.667242175754881,-2.581888841127281,-2.1247145766551387,-2.0827988144697187,-2.050854023941298,-1.965588692680006,0.8112352588722116,0.8838838838838833,0.2199593068030075,-0.393393393393393,0.5331125827814569,0.9215900430965674,0.9123436682109188,0.9794059376485672,0.15189704980568974,-0.17457052696667244
14,5.0,9.0,3,4.620343425161022,23.515376444874285,3,0.47981122024992606,-21.228884811378524,1.3903385617666169,3.5011875131682033,2.518226574050756,0.8400109188532828,0.9207126627502595,26.16234003070624,0.9974257911180588,0.10516129032258063,0.07666666666666666,1.3716690042075736,0.2950537634408602,0.0696774193548387,4.234567901234568,0.33666666666666667,0.048494623655913977,6.942350332594235,0.0310628675640518,0.03548016533593462,0.03781188819648711,0.06900671388801649,0.040102864648096974,0.04560783233821274,0.04719244545747774,0.08040682721905931,-2.589883893044877,-2.5780768438904897,-2.5718443533836934,-2.4884633228706794,-2.0234076963282064,-2.0118035425267315,-2.008463269633795,-1.938449272081308,0.8094205380098933,1.1481481481481488,0.2199593068030075,-0.4814814814814818,0.5596026490066225,0.9681371945676847,0.9383953544068777,0.9870998204530017,0.15005654065540003,-0.15943265192495892
14,5.0,10.0,3,10.682440487265689,127.74349082312105,3,0.5141888912043322,5.420908380607621,2.0158846256854783,13.60880518942672,6.750785742412814,0.9059595139884351,0.8634921310452275,32.23864399386708,0.997369277350041,0.10193548387096774,0.10666666666666669,0.9556451612903223,0.26322580645161286,0.056559139784946234,4.653992395437262,0.16666666666666666,0.035483870967741936,4.696969696969696,0.02717337850335292,0.03088697652998985,0.03335394942935961,0.04958846115779436,0.028038645862409166,0.03290396417628253,0.03584715306756045,0.05380339616073473,-3.1361060350417023,-3.1241344905488737,-3.1161816977006525,-3.0638464212161622,-2.736653050334711,-2.722954266789634,-2.7146674282000753,-2.6641098548723905,0.8211760287384093,1.2142142142142145,0.209083769055575,-0.3713713713713717,0.5596026490066225,0.9408471010161266,0.9228157323373626,0.9787168935563594,0.1516430379428181,-0.1091724366319004
14,5.0,11.0,3,2.922826240521552,9.858665879202077,4,0.5911785838436882,-23.0737043752262,0.4278974262038622,3.7794516295283183,8.83261127101915,0.7081165811907655,0.7588484380244088,3.8589390476042063,0.9792765724453575,0.10193548387096774,0.13666666666666666,0.7458693941778127,0.27956989247311825,0.07333333333333333,3.8123167155425217,0.21623655913978496,0.06784946236559139,3.187004754358162,0.04050976584928875,0.039626865455111175,0.05218871503524554,0.0661554440972513,0.04515263270861192,0.044276920173416195,0.05683142990474959,0.07093299911850325,-3.463660477202353,-3.466847656281175,-3.4215006789356632,-3.3710822320082876,-3.1171883564698097,-3.1200472017804173,-3.079061832918048,-3.033025943971986,0.796809782906314,1.28028028028028,0.2199593068030075,-0.32732732732732733,0.5562913907284768,0.9269164128749239,0.9205467686204621,0.9688939724533098,0.1654105478337735,-0.20931103723941874
14,5.0,12.0,3,6.024758577280462,45.49803888467305,5,0.5529532441519148,-10.494018006504412,0.7719598077363685,6.087715123809645,7.886051919802354,0.841495416179167,0.8794635573742284,13.372279814792497,0.9959024763495398,0.12129032258064518,0.11322580645161291,1.0712250712250713,0.2789247311827957,0.07333333333333333,3.803519061583578,0.27322580645161293,0.05548387096774193,4.924418604651163,0.032297578202586046,0.03609153690460831,0.03650857188287757,0.04821571324127311,0.04706038109451966,0.04932875214040355,0.0491116974197022,0.06694096971169118,-2.4863574671951514,-2.4766094937102014,-2.475537988659738,-2.4454583508699614,-1.6962981062182552,-1.6922602496395218,-1.6926466219808192,-1.6609092902295297,0.7870053654020088,1.3243243243243243,0.1987459549580982,-0.393393393393393,0.46688741721854304,0.9389195688766514,0.9287944037593296,0.984379637042063,0.14371260525738358,-0.14501399815048538
14,5.0,13.0,3,4.16686667412208,21.451153321642664,4,0.7056003425864368,-17.658085561443123,0.5723745369812835,4.740801030610057,8.282690309064325,0.8588609723388201,0.8812936911068388,4.718587683857237,0.9932036260453061,0.10838709677419356,0.11666666666666667,0.9290322580645162,0.27290322580645154,0.06655913978494624,4.1001615508885285,0.1690322580645161,0.05870967741935483,2.879120879120879,0.03473672962882809,0.04163999892146853,0.05118376914031295,0.08219323889327361,0.04690178950893176,0.05439049396093849,0.0631351456789174,0.1008373077870234,-2.683441580666259,-2.6642504227396917,-2.6377186457336905,-2.551512008556343,-2.023780425772118,-2.0078791332111394,-1.989310999536938,-1.9092553485622505,0.7683986734117896,1.1701701701701699,0.2314005380130654,-0.4154154154154152,0.5231788079470199,0.9506131957959593,0.9258436359839559,0.9801819349369068,0.14581314041133378,-0.1652485437659644
14,5.0,14.0,3,4.986648876230062,27.00051774254819,5,0.554231813621814,-9.718261829854264,0.0662016355729522,6.305827572826706,95.25183959961042,0.8419009712615797,0.8324619054160804,22.894240469529265,0.9958479860163324,0.1438709677419355,0.07666666666666666,1.8765778401122024,0.3176344086021505,0.08978494623655914,3.537724550898203,0.3251612903225807,0.0564516129032258,5.760000000000002,0.06596186042877668,0.07596759335561958,0.08213636626441229,0.12621686831765777,0.07562464421172266,0.09737035497637497,0.10285101542267419,0.1558124556627562,-2.4509337989626303,-2.4246785659321564,-2.4084915887844938,-2.2928235150941227,-1.8849707056256475,-1.8406272173362794,-1.8294511465723144,-1.7214530668364418,0.7967975629669509,1.2142142142142145,0.2560993100258457,-0.45945945945945965,0.5364238410596026,0.9072749484359672,0.9185538187795654,0.979653144662004,0.16096282960133748,-0.16510954579255344
14,5.0,15.0,3,12.9409188673311,194.4229089361641,3,0.4538809703069915,0.23742577738380533,4.079554813872316,10.246641537352057,2.5117058122393354,0.8266657109512415,0.6835235630833567,1.7591288693298246,0.9972936494906797,0.10193548387096774,0.07322580645161289,1.392070484581498,0.2595698924731183,0.05655913978494624,4.5893536121673,0.2651612903225807,0.035483870967741936,7.4727272727272736,0.024096640007702376,0.029559385009571858,0.03562076495798793,0.05495447045331282,0.02959861514830979,0.032274299412712745,0.03788301393878383,0.058031228188222754,-3.058067379358557,-3.040949452546518,-3.0219556576134874,-2.9613720214449994,-2.543947906727885,-2.5369334882720285,-2.5222300080413054,-2.4694106198331998,0.7860419449660458,1.1481481481481488,0.2434368873543108,-0.283283283283283,0.48013245033112584,0.9388027906552673,0.9312566049869513,0.9796849725781337,0.14456572948018548,-0.11770096895117822
14,5.0,16.0,3,10.704208507288321,147.30331655346015,3,0.5091608452255707,3.3702949103068107,1.2191366737572717,7.27267752772868,5.9654324935652445,0.8068314669655745,0.6961938224965141,13.820891943921128,0.9954675221608627,0.10193548387096774,0.0764516129032258,1.3333333333333333,0.3597849462365591,0.08623655913978494,4.172069825436409,0.11860215053763441,0.07806451612903226,1.519283746556474,0.07475156750988811,0.11221329889149367,0.13003950630730576,0.19089015631355916,0.09527239902222134,0.1213490595664246,0.1432881590142922,0.21093004348259062,-3.845191634483918,-3.6895063816765616,-3.615423377347248,-3.3625373392404447,-3.349675981228627,-3.2531293926187863,-3.1719017674298504,-2.9214635189629883,0.83352549732091,1.0380380380380387,0.3842240846055061,-0.26126126126126165,0.5463576158940397,0.9736154429558668,0.931732274942485,0.9830603438504484,0.1384994706996907,-0.14616618533956313
14,5.0,17.0,3,4.1992980170460195,20.335172692877048,4,0.678506058296945,-22.040875822837783,1.2582750012342163,3.5373054762272518,2.8112340090660477,0.8222834636305051,0.8792069740910526,1.660828047934617,0.9888177572315701,0.10193548387096774,0.13333333333333336,0.7645161290322579,0.2563440860215054,0.06322580645161291,4.054421768707483,0.2719354838709677,0.06182795698924731,4.398260869565217,0.033740100385848036,0.03521235830982281,0.044536585124725615,0.061856034279184784,0.04831098318066928,0.05035181557376122,0.05947123740436098,0.08156634143380213,-2.5464606361858735,-2.5425806791978918,-2.5180078116324465,-2.4723645064203974,-1.7652209679608866,-1.7614355716090198,-1.7445205979710388,-1.7035379447799799,0.814052953920564,1.0820820820820811,0.2314005380130654,-0.45945945945945965,0.5397350993377483,0.9666880985441986,0.9421403986866579,0.9842757865269051,0.15904720388359364,-0.19625655155962068
14,5.0,18.0,3,6.500392943613882,54.979695166005996,6,0.5316219495163397,-19.576783088382484,1.104577691814062,3.6455402803170203,3.3003928173942234,0.8356757985245518,0.8637866020455917,3.86613472941816,0.9980326786826763,0.10193548387096774,0.11666666666666667,0.8737327188940092,0.2627956989247312,0.09634408602150538,2.7276785714285716,0.2572043010752688,0.04526881720430107,5.681710213776722,0.04710173491019603,0.05199399348115157,0.054827597243811275,0.08196029354890592,0.05925418375281892,0.0671099275060692,0.06841532315866482,0.10280514145182465,-2.366548534446439,-2.3543984783749896,-2.347361147027669,-2.279976364172229,-1.7441898200121335,-1.7296248779774162,-1.7272046091130504,-1.6634441650663494,0.8086625904773843,1.1701701701701699,0.18891927762076643,-0.5255255255255253,0.5596026490066225,0.9724520524278796,0.9478711288756719,0.9897299353850142,0.14727811927267906,-0.17290513882996536
14,5.0,19.0,3,4.767869654057322,27.056435204588787,5,0.7150698199046319,-17.735329388127454,1.9866731030644833,5.893781412272458,2.966658884736085,0.888749711331235,0.9020996170130112,11.565369175525996,0.9933663692666058,0.11161290322580646,0.08333333333333333,1.3393548387096776,0.2724731182795699,0.0929032258064516,2.9328703703703707,0.24419354838709678,0.05881720430107527,4.151736745886654,0.027773295970672338,0.025237401065124117,0.03174177677980318,0.06711115841823713,0.037282318859969014,0.030779545611385427,0.03871039118686267,0.07403664268443319,-2.2232664889678473,-2.2290655172599974,-2.214191454967561,-2.133309536577184,-1.7077888853957084,-1.7193243169097832,-1.7052555923076225,-1.6425894744496818,0.791647449898476,1.2142142142142145,0.11377741332214902,-0.45945945945945965,0.5364238410596026,0.9467830811417534,0.933852544007068,0.9882613841345569,0.14874210646232128,-0.16512912060817628
15,1.0,0.0,4,10.048393188341006,131.81180397012886,4,0.5473905712295073,1450.128600946027,2.5545976544775546,66.95603880860904,26.210013420803183,0.8560613468750304,0.9251779581019253,15.210643317803921,0.9812460183532677,0.10838709677419356,0.23956989247311827,0.45242369838420116,0.26602150537634406,0.3313978494623656,0.8027255029201815,0.368494623655914,0.2805376344086022,1.3135300881563816,0.15317244142176048,0.15381945158328156,0.19048680858553954,0.2904789905432498,0.1497787156711446,0.12371321987862492,0.17553038515764227,0.29327908440364814,-2.3949755460388475,-2.3931456888274414,-2.2894440290636484,-2.0066487560970363,-1.9177719720082973,-1.9765656980520454,-1.8596861173209371,-1.5940903726405653,0.8241969488975094,2.271271271271271,14.065272421052393,1.4344344344344344,0.6589403973509934,0.9192464150302008,0.870217432787283,0.9612558952508741,0.20706305016838167,-0.1929287250551336
15,1.0,1.0,4,4.769345296394598,30.80042646767322,4,0.7290630383959997,1419.4967641567118,1.9140494190672706,53.48332138765902,27.942497646545515,0.860467402595983,0.9249013375151061,5.6565000043548626,0.9747743478229998,0.10193548387096774,0.2360215053763441,0.4318906605922551,0.2865591397849462,0.29204301075268824,0.9812223858615607,0.2743010752688172,0.2172043010752688,1.2628712871287129,0.10074731983981056,0.13460358068607786,0.17095655197885198,0.3277902428255853,0.07032171029845437,0.08165752134332079,0.12540205537228688,0.2809719748357665,-3.0746031394648976,-2.95884639146173,-2.834553228781659,-2.29832868490225,-2.9068889784216134,-2.8714445192438363,-2.734665479393596,-2.2482343243673726,0.8510115693905121,2.2492492492492495,12.708787092020595,1.3683683683683687,0.6423841059602649,0.8635730007888629,0.8544946416811416,0.9246774419571683,0.2113944286871684,-0.20656778927691155
15,1.0,2.0,4,5.15649497915839,34.26685965154898,4,0.7001190061622713,1535.8748267094843,1.5308475917810775,102.11091337530495,66.7022072762339,0.8144322025598322,0.9013003247724214,9.594501525651665,0.992893274013531,0.10838709677419356,0.3295698924731183,0.32887438825448617,0.27956989247311825,0.33182795698924733,0.8425145819831495,0.24505376344086022,0.1746236559139785,1.4033251231527093,0.2733919145364212,0.38081219502053254,0.388371044061731,0.45042931791023655,0.3235291430584638,0.4119732189562431,0.4226593067388189,0.4972880894213303,-3.4178843184207732,-2.9125911631529484,-2.8770351706996866,-2.58511989304386,-2.6134941431230585,-2.271797125460176,-2.230512231150125,-1.9421895570131025,0.8068530878810424,2.2492492492492495,16.37624074521689,1.39039039039039,0.6125827814569537,0.9173341725092934,0.8560880770512795,0.934483353750559,0.2187428079417725,-0.17195715420173865
15,1.0,3.0,4,7.83780516176143,84.18098919458811,5,0.6668962840245037,1528.9508329939385,2.5321078766618044,67.11434837434089,26.50532743605729,0.8882088676203267,0.9230845204387652,4.604964529316721,0.9851744902674985,0.10193548387096774,0.1396774193548387,0.7297921478060045,0.24989247311827958,0.21247311827956988,1.1761133603238867,0.3505376344086021,0.2346236559139785,1.4940421631530703,0.031081355182819848,0.049318682075376145,0.06119955838164975,0.16788103416631706,0.041092307603986696,0.05047275078858339,0.06874941542280111,0.11365131939891358,-3.0928896869285336,-3.0346742314154707,-2.996749231214571,-2.6562107990090777,-2.6096252514060594,-2.584096786468275,-2.5343576448187184,-2.412159081410093,0.7815259263549832,2.3153153153153148,11.483124145435111,1.5225225225225214,0.6026490066225165,0.9244121369638062,0.881664481412262,0.9590439790445641,0.1984698260651998,-0.16780084677248774
15,1.0,4.0,4,7.332072275765855,71.53079611993995,4,0.6449932265932395,1472.097870894012,5.326807565549744,80.28898475312052,15.0726272284316,0.7785653086572661,0.9612612534555856,14.436472057952745,0.9850893346672044,0.10193548387096774,0.3291397849462366,0.309702711532179,0.25989247311827957,0.33505376344086024,0.7756739409499357,0.31688172043010754,0.2843010752688172,1.1145990922844176,0.37105043289144957,0.40207594680217046,0.3888502296947586,0.40407922653033157,0.4427409558158837,0.46118764116224126,0.45370213519079294,0.4647599458020761,-2.3552433894284697,-2.239061360911015,-2.2885880390688307,-2.231559628524715,-1.705695875857441,-1.6492330235324704,-1.6721451625052874,-1.6382986737806529,0.8421447912404101,2.1611611611611603,14.065272421052393,1.3683683683683687,0.6456953642384106,0.917027079279422,0.838114225672323,0.9240205582650475,0.24860676608016433,-0.1692810626703849
15,1.0,5.0,4,3.841876490000507,18.774961911741418,5,0.756239909837973,1502.388821500897,0.827760308041855,68.13738303014705,82.31535429783104,0.8501779895998824,0.936324208256945,42.742140544723284,0.9861302539577597,0.10838709677419356,0.22978494623655915,0.47168928404305105,0.26634408602150533,0.2860215053763441,0.9312030075187969,0.23580645161290326,0.20150537634408602,1.1702241195304164,0.0895040350247005,0.11301610512905244,0.1196464010690838,0.18181984552422775,0.12931180332184242,0.14559181172689917,0.14732563001465213,0.20316795851203448,-2.710239603351413,-2.6402520954382744,-2.620515939178537,-2.43544655071214,-1.892518536474853,-1.8571324846160093,-1.8533638757604278,-1.731985588786499,0.8298602489844421,2.271271271271271,18.124175473742394,1.5445445445445445,0.5927152317880795,0.9303438781822956,0.8889775366983764,0.9641889217237685,0.20319868217329873,-0.18901674911581678
15,1.0,6.0,4,4.8558870591630585,28.107870171898274,5,0.6328722168211298,1395.4943723125564,3.710853076928435,47.19207824208944,12.717312505714048,0.8051630526841245,0.9076108302912977,102.2628516975536,0.9774003050109589,0.10193548387096774,0.349247311827957,0.291871921182266,0.26924731182795697,0.38473118279569896,0.6998323085522637,0.38645161290322577,0.28376344086021504,1.3618794998105341,0.15156171346943148,0.1881659345186293,0.298788918500052,0.39261092377566076,0.188187889830626,0.2256120867952638,0.26720373414261894,0.3920902423979842,-2.8262382512305946,-2.7043056942867305,-2.335808758496573,-2.023277671289996,-2.0233242493768606,-1.9300498521567828,-1.826388687713354,-1.5151271317353774,0.7940761086522771,2.293293293293294,9.375015015145289,1.4784784784784788,0.5827814569536424,0.935154801286011,0.8865337071480464,0.9591372148512556,0.20403991652811435,-0.20413462908023022
15,1.0,7.0,4,3.4667353630487865,14.64182627918986,5,0.7119715693374304,1440.9654878392273,15.737690757670304,41.11708852910521,2.612650684412857,0.842181872827821,0.90101724939431,18.778501896422178,0.9840283346243759,0.10193548387096774,0.2824731182795699,0.3608679101636848,0.24989247311827958,0.35161290322580646,0.7107033639143732,0.2681720430107527,0.1989247311827957,1.3481081081081083,0.391000030114546,0.37845511011159766,0.37628828187931834,0.4147887330122231,0.48965521520390337,0.4700353000498438,0.46547381876364674,0.504676715404281,-2.397875680307412,-2.447270031824588,-2.455801698455973,-2.30421007281136,-1.582032969142501,-1.642853327359549,-1.6569935987954048,-1.5354673741350533,0.8350911604050388,2.271271271271271,13.369837418249451,1.3463463463463456,0.6821192052980133,0.9360596425584953,0.8715292047440071,0.9621421037217996,0.21120733986937812,-0.22120933181008437
15,1.0,8.0,4,4.586952311980052,28.24733240745233,6,0.6812099698938837,1435.315484468486,8.452396246648265,47.45358605256758,5.614216923559985,0.8191129539113606,0.9342885754253794,5.091475641387413,0.983493372296663,0.10193548387096774,0.33526881720430113,0.3040410519563822,0.24989247311827958,0.30182795698924736,0.827930174563591,0.37193548387096775,0.2403225806451613,1.5476510067114093,0.409396611492849,0.3831064750903982,0.3990675286245735,0.44107811934033136,0.38060158551453294,0.44128851798274643,0.4643355615258705,0.4758952197497326,-2.426920769362483,-2.5349527910306215,-2.469365269731584,-2.2967344025112464,-2.2083877244670767,-1.9920160425833,-1.9098446858997777,-1.868630167548422,0.8768803669457497,2.0510510510510502,12.708787092020595,1.39039039039039,0.6390728476821192,0.9249714080239676,0.8595467495903867,0.9288349687543975,0.21751622982807198,-0.18816543781007372
15,1.0,9.0,4,9.252932764395883,103.37319149811984,4,0.5661798312631976,1535.1521587310722,8.810064273908749,92.03392550920078,10.446453356959248,0.7622650204559016,0.8707343283400261,17.68272620151078,0.9921665448884954,0.10193548387096774,0.4024731182795699,0.25327277584825003,0.2596774193548387,0.4016129032258064,0.6465863453815262,0.368494623655914,0.3075268817204301,1.1982517482517485,0.32333971273733525,0.5643916412596284,0.5025655157738365,0.5369025800157246,0.39788621549937175,0.6081362506353726,0.5489750854027565,0.6057556555637085,-2.245474839572939,-1.445551967318974,-1.650719925037076,-1.5367735101648972,-1.6233929715480253,-1.0565259804682805,-1.2160337384693267,-1.0629444372565544,0.8407653351581333,2.2492492492492495,12.708787092020595,1.3243243243243243,0.6490066225165563,0.9412886784850308,0.8618370547195994,0.9475276266017946,0.22756913434400214,-0.14581429856636308
15,1.0,10.0,4,3.9991244588930046,20.539458608124832,5,0.647744829271202,1364.4420599904654,4.139786960493363,29.964471858003193,7.2381676023328865,0.8518316522106443,0.8952619598827631,3.5877879496998295,0.9650702717771534,0.10193548387096774,0.4219354838709677,0.2415902140672783,0.2627956989247312,0.39559139784946235,0.6643109540636043,0.3356989247311828,0.2649462365591398,1.2670454545454546,0.23459360896322562,0.31476425011605014,0.3655167573398214,0.3702474215172346,0.3914881518108691,0.4454223637867163,0.48715166299655993,0.48437261427056166,-2.0484789267984356,-1.8339159562344887,-1.6980855754752484,-1.6854247641850986,-1.1357593340211425,-1.0350936118056495,-0.9572077970581109,-0.9623947634904737,0.8406890975713552,2.183183183183184,16.37624074521689,1.4784784784784788,0.652317880794702,0.9133594284141665,0.8688849725353077,0.9438368032503099,0.20608552656227472,-0.2600458780755147
15,1.0,11.0,4,11.267230235898104,149.01221079160464,4,0.5534715678806956,1592.657427188452,2.528037356044646,115.5418122952238,45.704155446500174,0.9200583909836496,0.9390887161568254,112.47803140137549,0.9941137483681793,0.10193548387096774,0.3786021505376344,0.26924169270093723,0.2564516129032258,0.40494623655913975,0.6332979288369623,0.3953763440860215,0.2679569892473118,1.4755216693418942,0.19289947301524896,0.17443423338198807,0.3063237171086478,0.38477217053832424,0.18966154937138813,0.1758626573571497,0.38862866403463314,0.4888021167718821,-2.3024612963809727,-2.355138129269209,-1.9788895437122336,-1.7550952061498843,-1.6715217606754083,-1.6999853591349372,-1.261103297179792,-1.0544709869859346,0.8276278947806817,2.359359359359359,14.065272421052393,1.4784784784784788,0.5960264900662252,0.922676292123555,0.8722316791878634,0.9514154551011087,0.20214423748138477,-0.1256847549898049
15,1.0,12.0,4,4.895471937964405,28.496189917009534,4,0.7748851745477939,1575.6763680591014,17.38987158035099,88.9854719903779,5.117086206141026,0.8387628620583881,0.9323967554527787,9.930003599985618,0.9923076830539042,0.10516129032258063,0.2794623655913978,0.37629857637552905,0.30612903225806454,0.2820430107526882,1.0853983987800229,0.2302150537634408,0.168494623655914,1.3663050414805356,0.1836735988135343,0.20197194047359524,0.24262740761144483,0.2795191739186449,0.17790362940743878,0.22762926480953238,0.2550438728857507,0.31618437503921104,-2.765043116398518,-2.703063369602233,-2.5653560513161993,-2.4403970590169832,-2.221058626911809,-2.0867148255775634,-2.0126487501766928,-1.8474653913646573,0.8338289385467719,2.2052052052052047,16.37624074521689,1.5005005005005003,0.5894039735099338,0.9144151034467101,0.872596414947559,0.9648934960391493,0.21426854814932506,-0.14301510800071776
15,1.0,13.0,4,4.249833315690427,21.359784400102676,5,0.7451126508848229,1413.8945998839433,2.437924215455321,35.38349544166605,14.513779885917259,0.877268394128731,0.9422096040859816,5.6856749188463604,0.9735989372265658,0.10516129032258063,0.4052688172043011,0.25948527460864945,0.24989247311827958,0.4278494623655914,0.5840663483287258,0.38666666666666666,0.28838709677419355,1.3407904548844145,0.3371273382256095,0.320754334726818,0.3834626850634647,0.3948500316417799,0.5017880064264134,0.4512769302863045,0.5075676312717766,0.5117851211714762,-1.9657790293994766,-2.014333916004776,-1.8283694507784654,-1.7945997565445302,-1.0269855007216442,-1.1311061230488082,-1.0150717150393214,-1.0063780243367675,0.8227958207233419,2.2272272272272264,20.0586777950823,1.4564564564564557,0.6225165562913907,0.9475696134747987,0.8795600331180382,0.9691979023664596,0.21969151868359896,-0.1964295323959515
15,1.0,14.0,4,3.998629624279979,17.679240158495265,4,0.7136931297739477,1386.0517608710588,7.97210539075147,25.256745386778146,3.168139926509098,0.9042500460152545,0.9511036168571534,4.121149720351279,0.9758005191553651,0.10193548387096774,0.3954838709677419,0.25774877650897227,0.26924731182795697,0.41849462365591394,0.6433710174717369,0.3824731182795699,0.24505376344086022,1.560772268538833,0.43945346080858744,0.418224305673573,0.3764652161135662,0.4269746415409435,0.672141493258403,0.5708343218040967,0.4670969228824349,0.5088706886942077,-1.852771041166588,-1.9229396375499057,-2.0609657003882718,-1.894017206026322,-0.8400862114510828,-1.099670013944732,-1.365480894717683,-1.2584421449605627,0.8443633799986003,2.183183183183184,13.369837418249451,1.4344344344344344,0.5993377483443708,0.932026211947869,0.8703732879730156,0.9518180326815409,0.21282528072124665,-0.19366938712153867
15,1.0,15.0,4,5.805107309914522,42.34836765988396,6,0.675753394200481,1447.6866856229124,2.534260838159749,45.40501516633493,17.916472717664586,0.9109867425528176,0.946695126392842,9.89316099359668,0.9789607365133184,0.10193548387096774,0.16301075268817206,0.62532981530343,0.2563440860215054,0.2789247311827957,0.9190439475713185,0.320752688172043,0.22118279569892474,1.45017015070491,0.06430356037559622,0.1051717380260214,0.1175537756734943,0.21141240559426358,0.08354976090636272,0.11009542890848097,0.12966178825634467,0.25215490009750025,-2.592788262967834,-2.479543703243485,-2.445233428538496,-2.1851538303575975,-1.8439118796901324,-1.7905015901889532,-1.7511337763079797,-1.5046757642204942,0.8546858583992791,2.3153153153153148,14.796880626863963,1.4784784784784788,0.6192052980132451,0.9223998996416629,0.8884500019260216,0.9663656521139448,0.20172597864622613,-0.2065331834340855
15,1.0,16.0,4,6.8628130919167605,66.0590535092701,5,0.7147137415814417,1508.8499632842834,14.715589335012648,59.2058228274859,4.023340246837285,0.9136949593170187,0.8998750006821852,8.630601685162501,0.9820182042278587,0.10193548387096774,0.09989247311827956,1.0204520990312165,0.24989247311827958,0.1229032258064516,2.0332458442694668,0.3149462365591398,0.26053763440860217,1.2088320264135368,0.020064650872345064,0.024458235164710514,0.03180144630488876,0.07462767478135686,0.029753577939345154,0.03832350980314932,0.04975329773005487,0.08702255683055587,-2.904452894640181,-2.891430649216372,-2.8696659370126216,-2.742732294527197,-1.768042761663308,-1.752426104229451,-1.7315980410157856,-1.6636837026714637,0.7976268975491938,2.3373373373373365,14.796880626863963,1.4784784784784788,0.5463576158940397,0.9136994060395317,0.8878118866628159,0.9736908983848992,0.17704513378976056,-0.17669656207642537
15,1.0,17.0,4,13.5798804515267,211.15548925589488,3,0.40151018991447696,1589.839663544004,13.398145362237157,157.26034745676063,11.737471359282376,0.8362123627538147,0.7604451967626443,17.369305182210564,0.9974990212956611,0.10193548387096774,0.32935483870967747,0.30950048971596467,0.28989247311827954,0.3288172043010753,0.8816219751471548,0.2645161290322581,0.1946236559139785,1.3591160220994474,0.2492686056503882,0.3515160458348495,0.3474822414735052,0.417002970634804,0.284704546875474,0.3889327076681589,0.3826328448228898,0.4398627132678816,-3.198699012839494,-2.7630454775737343,-2.780232618175198,-2.484020298544178,-2.5891497875387586,-2.211875866401509,-2.234679434460136,-2.02752489282568,0.8590372662371734,2.1391391391391394,14.065272421052393,1.4124124124124113,0.5927152317880795,0.9529384184736587,0.8700027874181161,0.9475811697858184,0.21675170936502064,-0.11374305677982818
15,1.0,18.0,4,4.622848743942694,26.99857657093655,5,0.6688515830382713,1455.9623406738403,3.537647166189947,68.77058557042518,19.439639494769413,0.8014321774457833,0.9459777216072883,8.792593601291882,0.9840713806397561,0.11483870967741935,0.2893548387096775,0.39687848383500546,0.2793548387096774,0.31193548387096776,0.8955532574974147,0.3338709677419355,0.21129032258064515,1.5801526717557253,0.22972973642158132,0.15148031998279646,0.15938606261906083,0.24055700232222912,0.33591170103258694,0.11214340247294537,0.11653820467801156,0.22405563888653465,-2.59017845233111,-2.853306813830671,-2.826722269165794,-2.553769736897605,-1.7916365793136473,-2.3953386316064016,-2.38348194266656,-2.0934118294881454,0.8293306877173452,2.2492492492492495,10.375666787451848,1.5005005005005003,0.5894039735099338,0.9151371330295304,0.8707467364746928,0.9506941256776653,0.21015754239228762,-0.21155091911564636
15,1.0,19.0,4,4.697531793212654,26.62144345224589,4,0.6409470073127156,1403.6717461967696,9.723098961343302,42.74343408737434,4.396071073359629,0.798819327062918,0.925145554461079,7.61890655090122,0.9715698472308167,0.10193548387096774,0.18956989247311828,0.5377197958026091,0.2532258064516129,0.26569892473118284,0.9530554431404289,0.36268817204301074,0.25451612903225806,1.4250105618926912,0.04794795878818204,0.11200218388515866,0.1669177114493332,0.18256753677614673,0.058113138362424724,0.06925122691849199,0.09197664723279257,0.13578607950060667,-2.7057167364683044,-2.5236756490233394,-2.367606594401865,-2.3231300400995734,-2.13607888361562,-2.110819123938018,-2.0592807784829503,-1.9599265917096402,0.7862299449675754,2.3153153153153148,12.080421346773264,1.4564564564564557,0.5993377483443708,0.9137489525277247,0.8731173466869534,0.957751255858794,0.20027484246745794,-0.22970082102126504
15,2.0,0.0,4,7.878758632392309,90.86977890626676,2,0.5518177711046985,305.0602992668498,14.858266310380898,35.51507121463036,2.390256741448856,0.8631075265621312,0.8743166073396306,9.197940294728161,0.9512285880489996,0.10838709677419356,0.4347311827956989,0.2493198120207767,0.2563440860215054,0.4408602150537635,0.5814634146341463,0.3877419354838709,0.317741935483871,1.2203045685279186,0.583690966228406,0.5968362579523754,0.437673093820965,0.47349270478993655,0.7053235118620874,0.7819480934926666,0.5180133805512319,0.5677765089295673,-1.06292792717322,-1.029365125142092,-1.4357434604855195,-1.3442881670597011,-0.5684939531985254,-0.42066875140311066,-0.92985524705651,-0.8338515320872808,0.8350127797241191,2.359359359359359,18.124175473742394,1.5225225225225214,0.6688741721854304,0.9563849009768078,0.8806197549640105,0.9696928649580796,0.2150867721701695,-0.2330277344141231
15,2.0,1.0,4,3.7526739109980847,20.919809595034874,4,0.5350374589704179,267.03871418215147,1.7788996312334768,24.841889837378,13.964750681382066,0.6735193228080154,0.7886131450987277,3.3409725156949874,0.8734752816933566,0.10838709677419356,0.33279569892473115,0.3256865912762521,0.2563440860215054,0.3951612903225806,0.6487074829931974,0.39494623655913974,0.31053763440860216,1.271814404432133,0.15231147546078053,0.20454546597905043,0.2641789166333487,0.40266198522186075,0.1653836942176443,0.17326270304144845,0.21806442582152413,0.3712259461158516,-1.9246787205876088,-1.8060813264604012,-1.6706834412856222,-1.3562573194752967,-1.5975913956570127,-1.5825096909071683,-1.496751904570887,-1.2035758363911544,0.8341328244752035,2.3153153153153148,22.199661191199525,1.4784784784784788,0.6291390728476821,0.9604568102392365,0.8926205920143703,0.976381604864395,0.19459752425841087,-0.35451533684325154
15,2.0,2.0,4,2.6811011606007136,10.000155895081424,4,0.41320748455203204,251.27032702878248,2.496988519636597,19.714119512848917,7.89515825075481,0.5799733369154445,0.8016694803178539,11.231305647054773,0.8565375665585849,0.10516129032258063,0.10999999999999999,0.9560117302052786,0.2563440860215054,0.14301075268817204,1.7924812030075188,0.3338709677419355,0.24752688172043008,1.348827106863597,0.03329886559682885,0.04455889384552629,0.05124461851002019,0.11175570659922848,0.041184316550893496,0.05673276831686364,0.06450733404131062,0.10289015318845982,-2.375990528731043,-2.3483152529710054,-2.3318828542541588,-2.1831566688111956,-1.853153592590688,-1.8231022805953725,-1.8080759677682148,-1.7338914707641315,0.783624158583193,2.293293293293294,14.065272421052393,1.4784784784784788,0.5927152317880795,0.9265109542302363,0.880641589877842,0.9672350268031716,0.18164701584999896,-0.2922382603006294
15,2.0,3.0,4,2.4562913572985194,7.294942852601704,3,0.26142253006834526,210.60169959823173,1.509659869375414,12.473944520859787,8.262751613064065,0.509260273900076,0.7663784896053644,2.7068982188528588,0.9098151899569231,0.10193548387096774,0.3858064516129032,0.26421404682274247,0.2693548387096774,0.3689247311827956,0.7301078402798019,0.363010752688172,0.23806451612903223,1.5248419150858175,0.5818113961763035,0.5044414121711084,0.5094153220474757,0.4806502245591617,0.6787411315944701,0.5357063169118532,0.5393111888169229,0.4969653963522578,-1.3719604456934091,-1.6257898345588468,-1.6094718202743237,-1.7038421010749922,-0.9549345068659449,-1.3801021634088562,-1.3693867655987724,-1.4952586478157257,0.8443026165690701,2.2492492492492495,14.065272421052393,1.4124124124124113,0.6324503311258278,0.9710868537571173,0.8758404278226464,0.9546329354189665,0.23157658059636707,-0.33098141544679843
15,2.0,4.0,4,3.6242340197737395,17.156912928645795,4,0.5790449043744448,269.1034182955134,4.569159220716746,25.964217936663516,5.682493579768623,0.7383365858846032,0.8749228224593167,5.445443829821986,0.9142420556984324,0.10193548387096774,0.3489247311827957,0.2921417565485362,0.26956989247311824,0.4376344086021505,0.6159705159705159,0.37333333333333335,0.29376344086021505,1.2708638360175697,0.37468734409503685,0.4232138263221274,0.45569699848962747,0.531828550869696,0.45525888601734005,0.4640982797975789,0.5033755669884769,0.5926279886070368,-1.7979150138994058,-1.658390425449258,-1.564993974269956,-1.3460985788817048,-1.3234479327256434,-1.3019726353325825,-1.206548509630332,-0.9897098502197248,0.8450659622532672,2.2492492492492495,13.369837418249451,1.3463463463463456,0.6225165562913907,0.9566267397456999,0.8691630035114237,0.955743355485017,0.2130331119131994,-0.2869522659953835
15,2.0,5.0,4,3.6779161367239457,17.035440271044678,5,0.5212152885887082,270.2822225759261,4.806150460042558,17.958778982621492,3.736624379933055,0.7176128205196667,0.8294171943225178,2.923390519682634,0.8995129768920889,0.10516129032258063,0.31548387096774194,0.3333333333333333,0.2724731182795699,0.4370967741935484,0.6233702337023369,0.4766666666666667,0.3732258064516129,1.2771535580524345,0.46364360518977776,0.5691413896454156,0.5810748702562936,0.5989275532148512,0.4934585194610776,0.635503270643697,0.6567896567550957,0.7079523232085891,-1.3497964238063893,-1.0843003216706024,-1.054268481632925,-1.0093403557711333,-1.020147404016774,-0.7340768851345139,-0.6912072439170984,-0.5881683747023254,0.8365296276834694,2.1391391391391394,12.080421346773264,1.4344344344344344,0.6192052980132451,0.9458386674558856,0.8716502304898806,0.9577329072876967,0.21304551324083945,-0.3006537910689524
15,2.0,6.0,4,4.468477543505223,28.45773382715455,4,0.6675342186551081,290.037300929712,5.769444814839403,33.91770617279739,5.878850957298135,0.8468322327406479,0.8738438650004509,2.8616903774442513,0.9410959059872793,0.10193548387096774,0.3793548387096774,0.2687074829931973,0.2532258064516129,0.34204301075268817,0.7403332285444829,0.33688172043010756,0.28397849462365593,1.1862930708065127,0.1273630021330859,0.285412880479389,0.29054178297161487,0.31816889646280844,0.10938513226528328,0.31736345833433066,0.3288351201044503,0.34670419531065144,-2.1894770660287963,-1.7929243358858469,-1.7800557382810278,-1.71073833420877,-1.7887811258139414,-1.3710610565353498,-1.3480204664896158,-1.3121308068594069,0.8447590770811898,2.3373373373373365,14.065272421052393,1.4784784784784788,0.5629139072847682,0.9658953503633361,0.883685640272562,0.9782724038365216,0.2063515166054571,-0.2791199809350946
15,2.0,7.0,4,4.485311599555501,27.95235180568317,4,0.5327576220892505,289.2405498146769,3.9300629007905683,26.136774134745874,6.650472217502733,0.807773689042219,0.8161370935035127,3.7076238550243628,0.9359617772081905,0.10193548387096774,0.292258064516129,0.3487858719646799,0.2595698924731183,0.3647311827956989,0.7116745283018869,0.4019354838709678,0.2780645161290323,1.4454756380510438,0.37015903790285126,0.49024053864206113,0.480864717923991,0.5492858427105063,0.42644877229529554,0.5397768124964222,0.5520389912748409,0.6069233941986777,-2.0387470929414038,-1.6500524457514931,-1.680401261378313,-1.4589273058105054,-1.56425921350026,-1.2551770906322208,-1.2217341735827878,-1.0720467022567315,0.86399970678999,2.095095095095095,13.369837418249451,1.4344344344344344,0.6059602649006622,0.9575641268505998,0.8864936921568762,0.9493983744157711,0.19878261855001955,-0.29786941622526486
15,2.0,8.0,4,7.56637373734332,84.9786547449027,3,0.5458109739785869,301.14699544860355,5.179993718094475,34.038130053142574,6.571075546721691,0.8398632902675283,0.895169046645075,2.5978140320906737,0.9579880870063668,0.10193548387096774,0.3487096774193548,0.2923219241443108,0.2725806451612903,0.36161290322580647,0.7537912578055307,0.3546236559139785,0.2703225806451613,1.3118536197295148,0.2918462469389681,0.28099962789337657,0.3716536264538255,0.43655766258617235,0.36046686776316966,0.3027951056883136,0.4256685837917464,0.5018899848290833,-2.091836374829282,-2.1238765245360494,-1.8560909894135307,-1.6643690320447952,-1.5624197070246013,-1.7033154527843704,-1.4031278096704156,-1.2169141280410805,0.836210542206406,2.2052052052052047,20.0586777950823,1.4344344344344344,0.6456953642384106,0.964642592061529,0.8872950015692739,0.9584728839044897,0.21266940640818538,-0.23413977719522408
15,2.0,9.0,4,5.595320973792512,40.51740730651492,7,0.49032064016867827,294.79651491334914,0.6602216097502805,30.97779540822785,46.92029910978643,0.7300066476319058,0.8600891627185921,8.905581199735124,0.937727172812589,0.10193548387096774,0.3425806451612903,0.2975517890772128,0.2693548387096774,0.41139784946236563,0.6547307893361212,0.4670967741935484,0.29731182795698924,1.5710669077757686,0.4911615366402863,0.49937734519947563,0.5151653472897151,0.5662669143248641,0.6061716860167711,0.6045028144176812,0.6037379399959797,0.6381645128129839,-1.380921731450685,-1.3586250903793462,-1.3157784961210266,-1.1770954571776142,-0.8854928115070051,-0.8892451415245601,-0.89096490310105,-0.8135593899068467,0.828813370724649,2.2052052052052047,13.369837418249451,1.5005005005005003,0.5794701986754967,0.9278140390882109,0.8737570602041362,0.958732247648305,0.21748631149572226,-0.2545854999031061
15,2.0,10.0,4,2.957365125077691,10.459360071625692,3,0.5092116324101923,272.9722092235058,2.6044081160019386,24.1176892080071,9.260334069696604,0.7685991284237396,0.8549725358778906,2.477186573437033,0.9407349011256143,0.10193548387096774,0.39903225806451614,0.25545675020210185,0.2664516129032258,0.39849462365591404,0.6686454398273068,0.30258064516129035,0.25494623655913984,1.1868409953606072,0.3158834440279122,0.33911827805975864,0.4002928798586233,0.4564076790162938,0.35575719842088716,0.39080221748255695,0.42361565891689706,0.49788093897149277,-2.0756134297179702,-2.0051188142423344,-1.8195147326820673,-1.6492621204322626,-1.6425775443997568,-1.5532258881411787,-1.4695639179609734,-1.2802153042904205,0.8528670537737559,2.2052052052052047,12.708787092020595,1.4344344344344344,0.609271523178808,0.9768704179379697,0.8902203208611034,0.9708881372152304,0.20355543209275426,-0.2508187443618163
15,2.0,11.0,4,3.332014591226035,18.629772457924986,5,0.5752625665533262,258.17330842360025,2.4547644750552484,22.414987292060317,9.131217075950161,0.723616858190889,0.8497953602713142,3.9520009753783154,0.9186440255106277,0.10193548387096774,0.2591397849462366,0.39336099585062234,0.2832258064516129,0.2509677419354839,1.1285347043701799,0.25290322580645164,0.26268817204301076,0.9627507163323783,0.375192757141735,0.4425152920351388,0.5041503635301573,0.5661989114451725,0.3851610297080031,0.4170770178494033,0.4859128255328476,0.5441236419860516,-2.3547555979966077,-2.101032361392697,-1.8687438735514326,-1.6348970876498372,-2.2108373654253244,-2.096073886617258,-1.8485541569659065,-1.6392397603434228,0.8536026648574307,1.984984984984985,12.080421346773264,1.3023023023023015,0.6258278145695364,0.9466160429272579,0.861790296559292,0.9001305967017408,0.22073840415612903,-0.3090344088753952
15,2.0,12.0,4,2.950426629148545,11.61124912743971,3,0.4095684825233047,225.3504716638226,0.3075857827398111,18.960834350526,61.644053186180905,0.6941510149674943,0.760333800950616,3.1670530039631952,0.8809609845202627,0.10193548387096774,0.34172043010752684,0.2983008181246067,0.24989247311827958,0.3917204301075269,0.6379357672248147,0.4282795698924732,0.27860215053763443,1.5372443072172908,0.553448090884297,0.5671911586912785,0.564209137202779,0.6035093863239088,0.6239798221360746,0.6112349221352682,0.597583590555352,0.6395021891160994,-1.3364722050995386,-1.2953409776612748,-1.304265782937063,-1.1866452117745991,-0.9967592654184796,-1.030543615063761,-1.0667307455387258,-0.9556123695352365,0.8506817633686672,2.1391391391391394,14.796880626863963,1.4124124124124113,0.6158940397350994,0.978191916825526,0.8838428733401289,0.9555028976685519,0.19821715851684338,-0.3684974259779348
15,2.0,13.0,4,4.548247056910579,29.030262427561013,3,0.4437256580684128,268.7261426543803,2.6585376110752397,16.777417086917882,6.310769130000118,0.7619516820537849,0.8703652895297047,4.450274200080968,0.9126798391930422,0.10193548387096774,0.3482795698924731,0.2926829268292683,0.27602150537634407,0.3804301075268817,0.7255511588468061,0.46956989247311826,0.3176344086021506,1.4783344617467837,0.5032592348277148,0.5073386582483949,0.5331632687042884,0.5507522920187774,0.6190117490761488,0.6093490717674953,0.642807460563726,0.6477872371264174,-1.3098014790371688,-1.2990448928967655,-1.2309507976618865,-1.1845722228248756,-0.8082763893026232,-0.8287760081415143,-0.7577931743598345,-0.7472284500937558,0.8960457856384813,2.2492492492492495,20.0586777950823,1.4564564564564557,0.6357615894039735,0.9740985011115586,0.8832668735668254,0.965378772293958,0.22122307139838687,-0.30861835159912104
15,2.0,14.0,4,6.889222029494118,71.34641646227035,4,0.34168555403278533,266.3855016191946,3.529860143454529,31.35757327605801,8.883517193791604,0.7341971604558943,0.709249413929706,15.82982645546787,0.9493923980047474,0.10193548387096774,0.2955913978494623,0.34485267369952716,0.2790322580645161,0.32548387096774195,0.8572844400396431,0.45129032258064516,0.2886021505376344,1.56371087928465,0.46560018293833927,0.43859704974419306,0.4086851512771113,0.44316849764591926,0.4194674147308497,0.49163693575424916,0.45854299097237,0.517838154179556,-1.5719917675172215,-1.6514242480741357,-1.7394131594469067,-1.637976866099605,-1.3483070546450509,-1.1806908401631542,-1.2575526741888086,-1.119837602051191,0.8609765396596871,2.2492492492492495,12.080421346773264,1.4564564564564557,0.6225165562913907,0.9229109162097059,0.8564620279849342,0.9502188974948313,0.23473610648365334,-0.2426315083265057
15,2.0,15.0,4,4.700005642182781,31.000895578341314,3,0.39655874308779615,238.4421911821674,2.0898429264147445,21.742732144311475,10.40400303271236,0.6992684053310267,0.8357325347195511,4.147524847415429,0.8913455583420727,0.10193548387096774,0.358494623655914,0.28434313137372524,0.24989247311827958,0.42752688172043013,0.5845070422535211,0.41806451612903234,0.3408602150537634,1.226498422712934,0.4298187932569893,0.40697579572071085,0.420646589587661,0.4717025339701416,0.5425866611988647,0.5098576027725331,0.5115475205193591,0.5934839009808441,-1.3162395755678902,-1.36897168428399,-1.337413225842513,-1.2195527040128222,-0.7782419306590592,-0.833927070242265,-0.8310518483403591,-0.6916454919610489,0.8164722333656642,2.3373373373373365,19.06690840512252,1.5445445445445445,0.6357615894039735,0.9768583981647418,0.9039454249673824,0.9828817808406989,0.19632585425831853,-0.34626158544551433
15,2.0,16.0,4,4.438566720116396,28.682985523288,5,0.5146451821888429,278.6937153763739,5.477101366057461,26.66322344149459,4.868126707811393,0.7400041645152713,0.8369190566345398,7.05303005692356,0.8741110515708889,0.11483870967741935,0.2859139784946237,0.4016547574276043,0.2627956989247312,0.41129032258064513,0.6389542483660132,0.40741935483870967,0.33096774193548384,1.2309941520467838,0.11164718472886753,0.21429642002085483,0.20923352268714382,0.3333634368417274,0.17496515859824138,0.20244291656613597,0.23863913762295802,0.44590475427653986,-1.7756685404755452,-1.570489905727567,-1.5806097898148193,-1.3324948745387843,-1.1060878690596163,-1.0692496493480632,-1.0207229702217266,-0.7428510880304505,0.8339393915483706,2.293293293293294,21.102034285685964,1.5665665665665658,0.5960264900662252,0.9818407261460267,0.9047550391796924,0.9868269118665909,0.1942897835816943,-0.34002679059415775
15,2.0,17.0,4,3.8204720566907775,18.045271456569434,3,0.657792786202422,313.4211711246404,0.08067365694652029,34.37140628049645,426.054893027618,0.7867392839981724,0.8895821465735526,6.495036812008815,0.9633416638271706,0.10838709677419356,0.3293548387096774,0.3290891283055828,0.2695698924731183,0.30569892473118276,0.8818149841716498,0.30182795698924736,0.24806451612903224,1.2167316861725186,0.34479799055201754,0.2443759143484599,0.2923462929049398,0.2848687028583493,0.4303041702203094,0.30051263235752707,0.38271123076468067,0.3699275327307588,-1.8373808603495776,-2.1189941614571843,-1.9844709851658613,-2.005440366570417,-1.0622080410260812,-1.3042066795421874,-1.1509459259521235,-1.174781359065496,0.8861935589528357,2.3373373373373365,14.796880626863963,1.5225225225225214,0.6291390728476821,0.921702041039379,0.8785889461635673,0.9753904726762366,0.20506427571921976,-0.24698267316173972
15,2.0,18.0,4,4.598479755011756,26.48469985571817,4,0.5244736366674532,292.51774022524177,3.2238490545307834,25.021573755943805,7.7613974267122074,0.7634939039238289,0.8664720662930293,8.772764747091722,0.9571243446184308,0.10193548387096774,0.2726881720430107,0.37381703470031546,0.2564516129032258,0.4046236559139785,0.6338028169014085,0.3391397849462366,0.2645161290322581,1.2821138211382115,0.2259582001051823,0.20357404635367013,0.22733698860006102,0.3807400666404756,0.23219604490946338,0.18369160602595613,0.2515600700424625,0.45173033592851386,-2.388488255732801,-2.4575598334657727,-2.38423367913551,-1.9108723563457308,-1.8324740457934996,-1.9482368323362225,-1.7862590279584722,-1.3085240351340075,0.8340148613446121,2.2272272272272264,15.566543592710588,1.5225225225225214,0.5927152317880795,0.954172923402992,0.881818939365376,0.9634876090575295,0.20532217410237674,-0.26705838096292034
15,2.0,19.0,4,4.391262632029636,29.1702987739299,5,0.5204472167653713,257.7591159973339,0.9080553485064011,15.347063677953198,16.901022281512404,0.7785873413245141,0.8558130199909606,2.5617209554313467,0.9131599162692489,0.12451612903225809,0.2194623655913978,0.5673689367956886,0.2986021505376344,0.3152688172043011,0.9471350613915415,0.3702150537634409,0.2733333333333333,1.3544453186467351,0.04196777444364126,0.11453989405068173,0.13237945841479068,0.2836173253063997,0.051314678745362226,0.07665844444933619,0.09703337757508307,0.2543578460335494,-2.841405680853863,-2.626165705180498,-2.573255752700872,-2.124702851574313,-2.266004463605986,-2.2054690205848595,-2.1568019985763853,-1.78102096794986,0.8214995577313797,2.293293293293294,10.915359353313933,1.4344344344344344,0.5662251655629139,0.9303179258978016,0.8855410757499274,0.9569343829228781,0.1778025745371402,-0.28803846144392575
15,3.0,0.0,4,4.457525245816361,28.724463721878887,4,0.6485352054146523,170.21872742697457,3.9455398925033447,29.317253704980928,7.430479605765657,0.7914871054567209,0.8823095239057895,13.317128772387282,0.9409569200172928,0.10193548387096774,0.4323655913978494,0.23576224819696595,0.2532258064516129,0.4247311827956989,0.5962025316455697,0.31473118279569895,0.2645161290322581,1.1898373983739838,0.49183590404617045,0.40484715242377256,0.4268703363494142,0.4418880940364716,0.6494585904374327,0.4755362069070866,0.4928612035381374,0.505681278311459,-1.872180950984747,-2.192665387083502,-2.11152745200718,-2.056198946722997,-1.02566358575968,-1.5345502698128102,-1.4838583467385797,-1.44634756055751,0.8500479854000991,2.2052052052052047,11.483124145435111,1.3683683683683687,0.6291390728476821,0.9359394935027588,0.8730267568315999,0.9540981304897912,0.213745658626868,-0.290761468684942
15,3.0,1.0,4,5.328735400009839,43.2682399327328,4,0.5598979281530554,150.0501619401855,3.1316433177438654,33.84482427758533,10.807368797659949,0.7812584870543972,0.8789131317533018,7.834406747778672,0.9348427166601331,0.11161290322580646,0.3391397849462366,0.32910589727330375,0.26602150537634406,0.37408602150537634,0.7111238861741879,0.3696774193548387,0.30451612903225805,1.2139830508474576,0.341281035757978,0.3631574823663525,0.33776619670127606,0.40750894325119813,0.4485913371140685,0.49816570031976076,0.46976129695347785,0.5390425070248813,-1.4458651157989382,-1.3978470796929285,-1.4535800647462191,-1.3004971723589132,-0.8734992880082436,-0.7949673862114953,-0.8399634622377432,-0.730213485962453,0.8012125982766978,2.359359359359359,18.124175473742394,1.5005005005005003,0.6490066225165563,0.9206228216150367,0.880016752571755,0.9730361837602024,0.18377338622196368,-0.2730754850424343
15,3.0,2.0,4,4.239429350530976,25.947732192842423,6,0.3961966057861257,76.95902780200012,4.2691643233014585,26.04845734960488,6.101535424024371,0.6990858322043598,0.8640036524330494,18.05457016712132,0.9139200946173973,0.10193548387096774,0.40892473118279576,0.2492768866684196,0.26956989247311824,0.36193548387096774,0.7448009506833035,0.359247311827957,0.23763440860215054,1.511764705882353,0.3221007662266057,0.3386157265901784,0.3945997737596524,0.42313517636686004,0.4003941604756016,0.3890218977832778,0.39892088535329484,0.4202887168971418,-1.8682252232248893,-1.8227115775757494,-1.668424916949156,-1.5897840862036783,-1.4477966709011945,-1.475255916594365,-1.4513540125359745,-1.3997596594888169,0.8180535150913972,2.183183183183184,15.566543592710588,1.4344344344344344,0.5860927152317881,0.9029581295412579,0.8654856266330537,0.9398512773135574,0.21925107008175604,-0.32656775377633696
15,3.0,3.0,4,2.511689532461157,8.63969730470016,3,0.404066567941878,121.45960913278569,1.227895843312657,22.5188208133742,18.339357475648914,0.6136957124789346,0.72893978356493,2.2136605693427343,0.8484215905037805,0.10516129032258063,0.3393548387096774,0.30988593155893535,0.2596774193548387,0.37193548387096775,0.6981786643538594,0.36849462365591396,0.2836559139784946,1.299090219863533,0.2274257630226889,0.21103404698476658,0.2696235310091568,0.38999054778542336,0.22924590294224814,0.2237275257237458,0.2574168840473664,0.3241209434117801,-2.308552645636066,-2.3575332323741303,-2.182460207831985,-1.8227878530905834,-2.1678758914262906,-2.1833972580689784,-2.088640255821183,-1.9010238387195493,0.8417975013556707,2.2492492492492495,14.796880626863963,1.4564564564564557,0.609271523178808,0.9115645565413405,0.865265912333333,0.9405736711919555,0.20953371304305643,-0.3605636796887326
15,3.0,4.0,4,3.678351607346955,18.701991249124173,4,0.4815772315412229,103.0501842029842,0.156780693457325,27.107595707225247,172.9013637422379,0.6987807300863934,0.8257437632963249,2.742914326324057,0.8868497151853464,0.10838709677419356,0.12645161290322582,0.8571428571428571,0.2724731182795699,0.2725806451612903,0.9996055226824457,0.38881720430107525,0.2939784946236559,1.3226042428675933,0.07413038383887911,0.06875183111409089,0.13608142626133862,0.21359706799941566,0.08346554609945621,0.08860320451917066,0.11222805453381703,0.1836079551368921,-1.9467312915018091,-1.9580402238931227,-1.8164731744626055,-1.6534889672714947,-1.4847238737641513,-1.4764012143392573,-1.4381305539384763,-1.3224999389831134,0.8423054683545143,2.2492492492492495,16.37624074521689,1.5005005005005003,0.609271523178808,0.947776505448439,0.8870483247033922,0.9774632206473108,0.19974361798200269,-0.3026766515421694
15,3.0,5.0,4,3.1866315435728447,15.074624411367928,5,0.5967903146824521,132.62951641951287,6.813807029156698,25.028169891394736,3.673155078254735,0.6983423755510668,0.7894957058782933,1.5718482212007712,0.8430199552700126,0.10838709677419356,0.11655913978494623,0.9298892988929891,0.25311827956989247,0.04655913978494623,5.436489607390301,0.36333333333333334,0.2775268817204301,1.3091824874079814,0.018044631021968828,0.023093530237393,0.03265961906562628,0.05617786535547755,0.022915978601621045,0.03155149336676898,0.04273667290244926,0.07551680068676198,-1.8506619590060611,-1.8411464494340062,-1.8231175274990825,-1.778793391060518,-1.3195200789004098,-1.307858098073064,-1.2927528781941091,-1.2484843855639485,0.8063351083546739,2.359359359359359,13.369837418249451,1.5445445445445445,0.5894039735099338,0.9413626517355316,0.8917912842788353,0.9760790763337844,0.16244829185676526,-0.2722857444914799
15,3.0,6.0,4,2.9486097488909087,12.131260238781246,4,0.5244906724570135,135.67238913894784,6.553937299832368,22.744776433933684,3.470398844754806,0.6104103861382931,0.8201642186711863,3.5001954334325927,0.8872163821013543,0.10516129032258063,0.23989247311827958,0.4383684446436575,0.26602150537634406,0.17978494623655913,1.4796650717703348,0.3453763440860215,0.23795698924731182,1.4514234071396297,0.053659491714207266,0.13067947220204607,0.11345123453589404,0.10977702484214415,0.08062728876276691,0.08543918951290433,0.11249643014485562,0.13820910152930002,-1.7931046044880419,-1.6471688863811558,-1.679812561692434,-1.6867743711701362,-1.1409452420644033,-1.134973653829239,-1.101395509095236,-1.0694859802194356,0.8381398746415569,2.1611611611611603,20.0586777950823,1.588588588588589,0.5794701986754967,0.9593770774618647,0.913555609031839,0.9868410576930152,0.1901926743804508,-0.29585109609040544
15,3.0,7.0,4,2.923274703937463,12.116711445063366,3,0.5583555599292266,108.77584857905119,12.279211812067798,23.056763105212426,1.8777070921239942,0.6513061261606652,0.8357401496014437,3.766539101242881,0.9204533500210281,0.11483870967741935,0.16301075268817206,0.704485488126649,0.2724731182795699,0.27204301075268816,1.0015810276679842,0.2997849462365591,0.19763440860215056,1.5168661588683348,0.05756912427056763,0.08185200788718903,0.11745227986939824,0.2518316875959058,0.06782753364298971,0.07930098401764334,0.10642876582755637,0.2206157417428546,-2.6206853409597346,-2.5531601794129464,-2.4541639417888934,-2.080485454564951,-2.214196435818083,-2.186943460812957,-2.1225066318322616,-1.8512774288537786,0.8383904706643279,2.3153153153153148,12.080421346773264,1.39039039039039,0.6291390728476821,0.9175862230054947,0.881415192383203,0.9626197758853667,0.19477943224712388,-0.2973966820301749
15,3.0,8.0,4,3.6555864982557544,17.236965821685803,4,0.6086845453461096,137.0340151275289,7.298897467029121,26.663523652557146,3.653089219707868,0.8398422220127297,0.9102465107273426,5.307542830650035,0.9469867913395955,0.10193548387096774,0.18290322580645163,0.5573192239858905,0.26301075268817203,0.28172043010752684,0.9335877862595421,0.32021505376344084,0.2435483870967742,1.3147902869757173,0.15228733768819683,0.13027914145775535,0.17962225257212003,0.30893556885685197,0.18608772136878654,0.12894490018778385,0.15892835755897214,0.2824125610193666,-2.407237489180334,-2.469733848371993,-2.3296149234247565,-1.9624057537965418,-1.9980570267347622,-2.1383357992582117,-2.0647300075050077,-1.7615910981993037,0.8202380512468361,2.2272272272272264,11.483124145435111,1.39039039039039,0.6059602649006622,0.9271717815180809,0.8775631984236588,0.9541167936431549,0.2021579425770618,-0.2604716885270526
15,3.0,9.0,4,5.6924327221048445,37.96043175811217,6,0.504946142861759,116.65132996272156,2.076782172549346,30.183932910234265,14.533990761863144,0.724970013364334,0.8820768187794374,3.767246066685829,0.935879245778595,0.10838709677419356,0.362258064516129,0.2991985752448798,0.2789247311827957,0.4511827956989247,0.6182078169685415,0.45193548387096777,0.36698924731182797,1.231467916788749,0.24400016047907164,0.45250995700364904,0.3910778859287562,0.4978860528870161,0.22003389577618868,0.5363900720733791,0.4000783812702826,0.5676858261587385,-1.532558098185324,-1.109868356058905,-1.234403062407235,-1.01788222117539,-1.1907776191091632,-0.7077952787720372,-0.9159029256970103,-0.6600159158789843,0.7902929599491408,2.293293293293294,14.796880626863963,1.4784784784784788,0.6423841059602649,0.9394981966619136,0.8812830064327842,0.9771134616301314,0.20351465844453723,-0.2780796745614501
15,3.0,10.0,4,3.0560118996000165,14.119503928288854,3,0.5184742092320909,120.29421847139251,0.21188975304817292,20.839671347153683,98.35148253920427,0.6338834361837818,0.8458284470229399,9.505911760729713,0.8854692926371123,0.11483870967741935,0.26903225806451614,0.4268585131894484,0.2950537634408602,0.3320430107526882,0.8886010362694299,0.4240860215053763,0.2779569892473118,1.5257253384912957,0.17591478280202288,0.17354392748361172,0.20894526490121476,0.2678720579603622,0.18724768007775416,0.17579783673715868,0.2349877593095302,0.3488569735466724,-1.8812625613447431,-1.886674867324527,-1.8058589403846925,-1.671337937788366,-1.211726300266739,-1.2287967852960047,-1.1405509764147013,-0.970784224232372,0.818451424843356,2.2492492492492495,17.22805447131392,1.5005005005005003,0.6291390728476821,0.9329409406519927,0.8851139312389559,0.9703096234175915,0.1964985294227137,-0.30236125837114786
15,3.0,11.0,4,3.004126173992472,11.977273923207717,3,0.5352167569715425,120.60732660493214,5.117855931300671,17.97458583336301,3.512132047999031,0.6953202778032793,0.8281001207912344,6.467524548457337,0.8627822604683956,0.10516129032258063,0.31559139784946233,0.3332197614991482,0.2627956989247312,0.3941935483870968,0.6666666666666666,0.36774193548387096,0.31376344086021507,1.172035640849897,0.43100909405610816,0.39353031910321723,0.36351119591220443,0.4792351204935397,0.4928128118225724,0.4275983848363921,0.39825327310863573,0.5158928410621152,-1.3349239559470196,-1.4228538578163032,-1.493282482009744,-1.2217796555391498,-0.9858699729035338,-1.1126337139136748,-1.1696747141168853,-0.9410070340687287,0.8311807318749995,2.1611611611611603,12.080421346773264,1.4344344344344344,0.5894039735099338,0.9543497525983131,0.8670359955049424,0.9546382074438688,0.22066581916447042,-0.35277932277216023
15,3.0,12.0,4,4.754820511804904,30.73719471771274,5,0.49963155001822235,132.6129485758671,4.698004312668188,25.642911871424673,5.458256349888495,0.6816673204311223,0.8473390972727161,48.7254746360218,0.9109252872653714,0.10193548387096774,0.24774193548387097,0.4114583333333333,0.2564516129032258,0.3540860215053764,0.7242635894321288,0.38301075268817203,0.327741935483871,1.1686351706036744,0.6043651228998939,0.6319698572234813,0.6483669909613515,0.6474484846833186,0.6580970290154246,0.6867893970604741,0.7025666251053856,0.6852979165305811,-1.224702823433227,-1.139251317453719,-1.0884933657479072,-1.0913366368980477,-0.9300389546378915,-0.851990437229988,-0.8090734756261797,-0.8560475385441122,0.8720325146808954,2.095095095095095,11.483124145435111,1.3683683683683687,0.6788079470198676,1.0017051342795507,0.8817988423043962,0.960657899328493,0.2152467359605416,-0.31412599302152827
15,3.0,13.0,4,2.5357271894336506,8.325365171418524,4,0.6896705690241375,138.00909193701568,0.03126336278201198,25.26927968779323,808.2713258962798,0.7415276153340238,0.8076230596091883,19.771415778179534,0.8957044366624485,0.10193548387096774,0.13311827956989247,0.7657512116316639,0.2595698924731183,0.13301075268817203,1.9514955537590948,0.3008602150537635,0.21483870967741936,1.4004004004004005,0.14409686856246776,0.134501718584697,0.10233746893766323,0.10631717501540702,0.06453702941014446,0.07474246522446418,0.08876654281242713,0.1366920867596916,-1.9461361436599005,-1.9679534118643223,-2.041087866538719,-2.032038887098684,-1.3690266610767716,-1.354091261005402,-1.3335673742043836,-1.263429539278603,0.8297977940834187,2.3373373373373365,18.124175473742394,1.4344344344344344,0.5993377483443708,0.9621079811101896,0.9008569691476744,0.9748692524662963,0.18659206197268,-0.29745154619444314
15,3.0,14.0,4,3.9237771520033005,23.33164543991832,4,0.4210402281446495,124.21851141416751,1.3110748647621027,21.475197326155946,16.379840620354404,0.6300166012837565,0.8219885591191628,3.619592200000738,0.9128536858218808,0.12451612903225809,0.20602150537634406,0.6043841336116912,0.2724731182795699,0.3612903225806452,0.7541666666666665,0.45677419354838705,0.31408602150537634,1.4542964738103388,0.14782035759790965,0.11838435458112755,0.26859911737163134,0.40724054306153573,0.1308895606554844,0.12425982659617803,0.2151038218501982,0.45938923417769706,-2.0719351363614744,-2.1435039534158205,-1.778281376461798,-1.4411974719079934,-1.6093332278438888,-1.6216095172892866,-1.4533935420875042,-1.0010498428992936,0.818876868187963,2.3153153153153148,19.06690840512252,1.5005005005005003,0.6192052980132451,0.9427443400860733,0.8776458523687994,0.970391584265921,0.21931487101243538,-0.31007683662832103
15,3.0,15.0,4,5.708343129260649,47.1743398186457,5,0.20276092998763617,85.60388372777994,10.534702443860809,17.506632702486215,1.6618060923674556,0.5511445704238302,0.7888972843312828,5.021521494515903,0.9410154112012409,0.11161290322580646,0.39903225806451614,0.27970897332255457,0.2563440860215054,0.39881720430107526,0.6427608519816662,0.4017204301075269,0.27139784946236556,1.480190174326466,0.35184770358074513,0.3336672858007197,0.3503961864690714,0.43347327117450346,0.4583325042732283,0.45264125640856046,0.45017191602065904,0.5156140075563749,-1.753603203922848,-1.8027910862212488,-1.7575303443058135,-1.5327618096313946,-1.160717027419735,-1.1729125686990263,-1.1782040167872796,-1.0379708468911448,0.8349951123840014,2.2272272272272264,13.369837418249451,1.5665665665665658,0.6026490066225165,0.9704694356602594,0.8916318372916354,0.9731571379173871,0.2077352864031318,-0.27077858552651896
15,3.0,16.0,4,4.842660420071916,37.01285641442985,6,0.49540949614740004,115.91359860107264,1.1797252354457683,20.52551303022771,17.398553844168624,0.6767113111108523,0.7916324504412287,15.95521577497109,0.8308422139719382,0.10193548387096774,0.3747311827956989,0.2720229555236729,0.2627956989247312,0.46322580645161293,0.5673166202414114,0.48967741935483866,0.40881720430107527,1.1977906365071014,0.509047950041893,0.5358678805152781,0.6306178504789552,0.6032540499632226,0.5196307093683676,0.5674362094462461,0.7299724579602476,0.6875850664795132,-1.2061543627209945,-1.1402640662020012,-0.9074855501552221,-0.9747120081677596,-0.9703263439196352,-0.8737611866240389,-0.545444604255443,-0.6310654035153422,0.8398166877773539,2.2272272272272264,14.065272421052393,1.4344344344344344,0.6721854304635762,0.9894823067757781,0.884734997629736,0.9727841898953853,0.21521567273619246,-0.37161515977733567
15,3.0,17.0,4,2.5880466833165836,8.307105003211944,4,0.47936112604783443,69.8384746576176,1.1940543910544124,24.656575154888934,20.6494572940818,0.6940117745741421,0.8250919959331678,5.772029655777101,0.9172293014292117,0.10516129032258063,0.38924731182795697,0.27016574585635356,0.2727956989247312,0.36172043010752686,0.7541617122473248,0.31559139784946233,0.25763440860215053,1.2249582637729548,0.25449324937432755,0.2521681982655375,0.2931724537360477,0.286783427516466,0.33185314848079256,0.36402397451463536,0.32094803954961615,0.29689563512440353,-1.9990289863121797,-2.005263463139154,-1.8953131572849053,-1.9124449251683395,-1.3951882572133454,-1.3280108715754209,-1.4179597181426533,-1.4681846531782683,0.8099209205238171,2.293293293293294,24.569164629827903,1.4784784784784788,0.6721854304635762,0.9448889635617368,0.8996475714230745,0.9716321305237227,0.19950471089513272,-0.3279465957499554
15,3.0,18.0,4,3.427761252364125,15.72841758853938,3,0.5554771470812236,122.74957734365401,1.74050891308904,22.040571687025157,12.663291478299724,0.6867081675510973,0.8439743994859216,6.99864213226363,0.9102744181481931,0.10193548387096774,0.3652688172043011,0.2790697674418604,0.24989247311827958,0.3510752688172043,0.7117917304747321,0.4117204301075269,0.349247311827957,1.1788793103448276,0.26816905781491607,0.35615411304966615,0.47102494472575585,0.4570293001957243,0.3103839008808919,0.35434230922110627,0.44097890705692394,0.4367060400807808,-2.289837213489723,-2.01453940617656,-1.6551182749367976,-1.698909464710699,-1.8592497928262848,-1.7407350689039236,-1.5071571742126961,-1.5186771010971123,0.8349152671751641,2.1391391391391394,13.369837418249451,1.3023023023023015,0.6688741721854304,0.9091652545028338,0.8658409179906962,0.9324654324137445,0.211023127131137,-0.31694477764096696
15,3.0,19.0,4,2.677246702893669,12.560172022949901,3,0.5380564802164625,121.08638871600616,0.4087939347943214,29.604449687274517,72.41900421582712,0.5912451633705258,0.7786369063538024,2.5305851328918836,0.8727759330811673,0.10193548387096774,0.09655913978494624,1.0556792873051224,0.2789247311827957,0.18236559139784947,1.5294811320754718,0.32978494623655913,0.22107526881720432,1.4917315175097274,0.04688658164633836,0.052987900688601486,0.06677160343773084,0.15637641942964145,0.05534718193009311,0.0576808312174863,0.07311326707983974,0.12200581385454469,-2.490585471452673,-2.4746420839494245,-2.438623820908808,-2.204477025171604,-2.1886818951188434,-2.183275024100017,-2.1475193556434014,-2.0342393972448343,0.8387832294247661,2.271271271271271,14.796880626863963,1.39039039039039,0.6225165562913907,0.9400667939946413,0.8977689023530875,0.9667243589163113,0.19044623499474353,-0.32927339260253036
15,4.0,0.0,4,4.719305187583036,33.91459113263179,4,0.5708255788240479,208.82568439189018,12.055259570716496,23.27566117787978,1.9307474087425567,0.7485763724991048,0.8930755423967888,107.29434130573341,0.9192153611542148,0.12129032258064518,0.1529032258064516,0.7932489451476795,0.3156989247311828,0.2586021505376344,1.2207900207900206,0.2790322580645161,0.2736559139784946,1.0196463654223968,0.08113202419615374,0.16321608637748597,0.1470899018756383,0.2896383125793643,0.0535366732014827,0.09691579821560568,0.11277693736929635,0.26578521000474453,-2.4119934673783616,-2.196525928003023,-2.238856548610589,-1.8646723954391087,-2.2343601953586116,-2.1319530682183596,-2.094508935968749,-1.7332951580470586,0.8470071722671366,2.271271271271271,14.065272421052393,1.39039039039039,0.652317880794702,0.9665918005313843,0.8814614450666345,0.9641178305597856,0.21601389002572974,-0.27334961355988546
15,4.0,1.0,4,4.3115400653401315,26.12342289739133,6,0.19170564712564664,168.61408005203447,3.185270495345293,14.937869188131613,4.689670535033259,0.5257634534837764,0.8141160195235677,4.659488822036383,0.864758321273319,0.11483870967741935,0.3324731182795699,0.34540750323415265,0.2724731182795699,0.3317204301075269,0.8213938411669367,0.35053763440860214,0.2903225806451613,1.2074074074074073,0.3614385990544347,0.3310806153056319,0.3683136322007551,0.4086540575786825,0.39367450480146315,0.3207531996518561,0.2889689445081861,0.34565557363694255,-1.5159328344073153,-1.5880021205919603,-1.4996116341770587,-1.4038442180855069,-1.2881220378847575,-1.4430413690663877,-1.51056615539408,-1.3901369522476057,0.8723402641863138,2.3153153153153148,11.483124145435111,1.4124124124124113,0.6158940397350994,0.9202873206652846,0.8642078884223614,0.9374456071418158,0.21113560749738738,-0.35665451444933616
15,4.0,2.0,4,3.9701962712201704,24.342402440775075,5,0.4670043954658767,178.73484667618152,1.835196080587448,18.35936385198631,10.004033926505258,0.6796357343822814,0.8421431012311815,8.315551221929107,0.89939766506892,0.10193548387096774,0.16978494623655913,0.6003799873337555,0.2563440860215054,0.24215053763440858,1.0586145648312613,0.3008602150537635,0.2503225806451613,1.2018900343642613,0.20766466175524248,0.18269397035944,0.1348468513372268,0.21301425598847892,0.06720569516516904,0.07529861601992321,0.0858688281357288,0.1300696822447253,-2.3902921701286917,-2.4656229615816017,-2.6099666358336804,-2.3741536835664268,-2.4728037950485464,-2.4513497560402278,-2.423328507948388,-2.3061536504062774,0.828799419674481,2.2492492492492495,9.375015015145289,1.3683683683683687,0.6357615894039735,0.9320682082083867,0.8765476747433284,0.948574216504816,0.19401216044291592,-0.30676847926738865
15,4.0,3.0,4,4.6038362550923,33.30409125022311,5,0.4703289243370431,237.16376873941175,1.6651742606650834,22.114900597028278,13.280832594779248,0.6255826117951659,0.8841097720476926,17.03745738470774,0.9433639990466555,0.10193548387096774,0.41913978494623655,0.2432016418676244,0.24989247311827958,0.40204301075268817,0.6215565659267184,0.33010752688172046,0.25462365591397845,1.296452702702703,0.45512822478718873,0.3983952380121897,0.34960072865394637,0.3891328748314209,0.3506198090329072,0.3619252658239998,0.35087744898912243,0.41489430060205995,-1.7483054794103385,-1.9303420541683276,-2.086906794639307,-1.960061780969926,-1.7809438742452508,-1.7499383334269276,-1.780237289245947,-1.6046692301729752,0.8216626789915655,2.2492492492492495,15.566543592710588,1.4124124124124113,0.6192052980132451,0.9258521383026468,0.8774033536200062,0.9607074744265244,0.20609382730771145,-0.28983523473733375
15,4.0,4.0,4,3.5536437503262412,17.082029934942412,6,0.4874435028985009,198.52845889966142,0.7392854469226557,27.09141779935819,36.645409309933974,0.6892817195955094,0.8596000556516634,4.460454527675359,0.8977855695213289,0.10193548387096774,0.26591397849462367,0.3833400727860897,0.2627956989247312,0.36172043010752686,0.7265160523186683,0.4378494623655914,0.2806451612903226,1.560153256704981,0.25644669256797725,0.19099921317104612,0.23834708048987138,0.34860001288935893,0.26207395428248276,0.17641267131686805,0.2184953762809192,0.34857663980694537,-1.8479217971143262,-2.0105756681077476,-1.8929040026188098,-1.6188970216258407,-1.4136475646094362,-1.577749190711975,-1.4971312023243128,-1.2479340606160514,0.8168131249613608,2.381381381381381,13.369837418249451,1.4124124124124113,0.6721854304635762,0.9331471965926257,0.8863596839785853,0.9704907436295449,0.19069101621130166,-0.34056339353282905
15,4.0,5.0,4,4.428189984436013,27.512555356005258,4,0.5643054304930728,220.38940131502608,10.183846309543988,19.211085768893977,1.8864273070273987,0.6932066373143388,0.8738777715650863,5.531447079327608,0.9129653497994009,0.10193548387096774,0.4590322580645161,0.22206605762473647,0.2564516129032258,0.41150537634408596,0.6232035536974132,0.38591397849462367,0.31688172043010754,1.2178486596538853,0.4587363775760053,0.4194791401768956,0.3695671318510202,0.4514433362962485,0.6151834079587085,0.5111080337279179,0.4440873856799737,0.4807222180027179,-1.4303277530215621,-1.5340678046944185,-1.6659638489876367,-1.4496001351182046,-0.8160243547920474,-1.0367218035582608,-1.1788427053389205,-1.1011565659484588,0.8480097100514276,2.2492492492492495,14.065272421052393,1.3683683683683687,0.6456953642384106,0.9457532318192582,0.8799149487519222,0.9588340662308276,0.20423538315947573,-0.28963440668812773
15,4.0,6.0,4,3.870263688119577,19.368996686536843,4,0.40761386639961594,204.38453852146614,4.784273914046976,26.976396453594454,5.638556014610659,0.6517671443808264,0.8345610136223959,4.4571391903072275,0.9125347070326651,0.127741935483871,0.18956989247311828,0.6738513896766876,0.2918279569892473,0.3219354838709677,0.9064796259185037,0.3911827956989247,0.24752688172043008,1.5803649000868811,0.12456969786441263,0.16323237388706677,0.17425760883236388,0.2766122174467309,0.09223570020590934,0.1940633065363383,0.14582189717625227,0.28646781805686083,-2.071386005885846,-1.9799049069701948,-1.9538177161092198,-1.7116329260642373,-1.7453397637616672,-1.5495579177279775,-1.6423106840960324,-1.3718936624313947,0.820723286873593,2.359359359359359,12.080421346773264,1.4784784784784788,0.5960264900662252,0.9491152910868219,0.8975532227189321,0.9796899090767701,0.17989819177561867,-0.29082712963006746
15,4.0,7.0,4,4.334061079236007,22.66411405109906,4,0.5298692121842004,237.0857897641131,2.1229410401001605,30.422544092560745,14.330376358980468,0.6642904501087838,0.8466480952244857,5.001393019750971,0.9376202436769453,0.10193548387096774,0.2650537634408602,0.38458417849898585,0.2789247311827957,0.38741935483870965,0.7199555925617541,0.5056989247311827,0.3226881720430107,1.567144285238254,0.5265226629677698,0.47508228736954533,0.5608491110748147,0.5884238247404429,0.598939268171693,0.46038014941746674,0.5184730013337102,0.5549372368812167,-1.5736435440830359,-1.7446101535362823,-1.4595565768090868,-1.3679095923687308,-1.222964052810668,-1.6454756775540385,-1.4683317589885245,-1.3571404960480478,0.8526926564539785,2.2272272272272264,16.37624074521689,1.3683683683683687,0.6622516556291391,0.9636489138001213,0.8664390687216723,0.9438500933466402,0.21877355148395378,-0.26397639019676367
15,4.0,8.0,4,5.378210908805357,42.31802876006716,5,0.5014976773535891,237.8796661849316,4.490384571696369,37.2418618245958,8.293690936704479,0.7752340798895556,0.8975439375527328,39.47056872081266,0.954256197442476,0.10193548387096774,0.07333333333333333,1.3900293255131964,0.2563440860215054,0.13634408602150536,1.8801261829653,0.3046236559139785,0.20494623655913977,1.4863588667366214,0.01880905054663915,0.026659890511500278,0.031806481152849356,0.06614824313779323,0.021391303517391318,0.03441185217860378,0.04222400768137362,0.07573780161422053,-2.253411952905703,-2.235381643283479,-2.2235619369619015,-2.1446923377428826,-1.6360752653181994,-1.6143070164951008,-1.6012463575894107,-1.545216721333796,0.829418984070935,2.2492492492492495,14.796880626863963,1.4344344344344344,0.609271523178808,0.9257133102959967,0.8942658614591251,0.9736273734791429,0.1821192412648087,-0.22768716030597258
15,4.0,9.0,4,4.213443195248256,24.48209465865424,5,0.598420668148381,219.38143292288686,3.5043165122167084,21.563559434905677,6.15342802504598,0.7306949222310064,0.843980705179965,6.800688758957007,0.9105388294932134,0.11483870967741935,0.30913978494623656,0.3714782608695652,0.2563440860215054,0.411505376344086,0.6229422524170368,0.399247311827957,0.33010752688172046,1.209446254071661,0.08486777434190818,0.23699611156196398,0.2465723705201523,0.38570349133929444,0.1220220819622973,0.23250075979958423,0.28311940567997396,0.4993961339082042,-2.2055340404873816,-1.8388938798042695,-1.8158144115912274,-1.4804984709498497,-1.5573629995746447,-1.3613951949511924,-1.2716075083099605,-0.8879744267804055,0.8628935963135658,2.271271271271271,14.796880626863963,1.4564564564564557,0.6556291390728477,0.9390602906548794,0.8801155488725201,0.9758855587425213,0.20831292434573012,-0.2685850384275132
15,4.0,10.0,4,4.355718789597693,27.54580393964659,3,0.5858990665195054,206.7286196965502,2.4087851110304634,36.47428367483456,15.142190769865348,0.8058426235817633,0.9049491332063582,25.666180323577848,0.9402386323443994,0.10193548387096774,0.3655913978494624,0.2788235294117647,0.27655913978494623,0.384516129032258,0.7192393736017898,0.3959139784946236,0.29731182795698924,1.3316455696202532,0.5732652520514324,0.6110343158154666,0.5493405262116295,0.5520768246217029,0.5843025173768587,0.5788860341647473,0.5369536136036815,0.5551956248558374,-1.2842382067726397,-1.170573981037615,-1.3562385469318117,-1.3480037852203726,-1.1034717513359578,-1.1178498422939174,-1.2291597334731794,-1.1807361924469388,0.8703677676053042,2.2052052052052047,12.708787092020595,1.4564564564564557,0.6059602649006622,0.9120912090079432,0.8664012232433096,0.935771329176103,0.21270609762154075,-0.2796615688170636
15,4.0,11.0,4,5.7310108290531385,50.65006341309157,4,0.5158102872240826,207.624130802411,1.7430047798515185,21.124624540872865,12.119659558634378,0.7493982790250142,0.7495175536751039,11.118844700624448,0.8880325303203976,0.10193548387096774,0.11967741935483871,0.8517520215633423,0.2563440860215054,0.36139784946236564,0.7093127045522165,0.46688172043010756,0.3432258064516129,1.3602756892230579,0.033224492696186485,0.10777562473244508,0.14483318590575714,0.4076110268804641,0.0375324202749764,0.05576873711952234,0.07961287582623221,0.2180592396322154,-2.5000420695100143,-2.3072558797356897,-2.2114265364943666,-1.5318937469185046,-2.2611038015425065,-2.218261625648003,-2.1622451178611626,-1.8369961369023635,0.8290137270492453,2.3153153153153148,14.065272421052393,1.5225225225225214,0.6291390728476821,0.9342240123467106,0.8694520158633563,0.945734836982148,0.20396264650943763,-0.28448154574483164
15,4.0,12.0,4,3.4158921714472044,18.94052665506859,4,0.46278985954787366,171.7314084061618,0.45801799599638043,14.21994782232939,31.046701104822453,0.6642433941249455,0.8502828290827174,4.953004249428766,0.8780294609531438,0.10193548387096774,0.35247311827956984,0.2892007321537523,0.2898924731182796,0.2918279569892473,0.9933677229182021,0.25311827956989247,0.2239784946236559,1.130100816130581,0.3934722765574677,0.3662302779211895,0.420730776111802,0.44630089336926265,0.38216360854982584,0.3744599657840264,0.4080631458733912,0.4395703845007375,-1.7245597206690868,-1.8020177687398258,-1.6470547550090378,-1.5743504208613501,-1.6297445238522918,-1.6500653883805323,-1.5614260665592292,-1.4783154723546694,0.8312855859304252,2.2272272272272264,10.375666787451848,1.3463463463463456,0.6158940397350994,0.924687278636631,0.8702551045359547,0.943664657588265,0.19494212596724175,-0.3451456856481462
15,4.0,13.0,4,6.448118063838484,53.98074972357693,5,0.6052869281045234,255.44315842681954,7.94712736900998,36.573876301809996,4.602150513458578,0.8311631069387452,0.8641291557785159,7.64184566055795,0.9516060900406439,0.10193548387096774,0.18301075268817205,0.5569917743830787,0.2724731182795699,0.29860215053763445,0.912495498739647,0.3853763440860215,0.3004301075268817,1.2827487473156765,0.12477204856590417,0.10716651619183164,0.1431340862957545,0.31253300754380753,0.09149068496489615,0.09408187428807227,0.12105154011931818,0.2683885100528842,-2.2639954522179395,-2.309536554011439,-2.2164974605853383,-1.7783048883670873,-1.9287456093161135,-1.9232445704744925,-1.865988553727181,-1.5531953559619764,0.8276248808947422,2.271271271271271,13.369837418249451,1.39039039039039,0.5629139072847682,0.9475584287742489,0.8914426234032242,0.9650304851029048,0.1840876751101353,-0.2407072101958964
15,4.0,14.0,4,4.942969296318557,34.40809733467172,4,0.5050899046420504,239.11156478319776,2.393064713334752,27.279126668703483,11.399243203369053,0.7358628216377967,0.8575397830389991,6.972399778201711,0.9407187935004219,0.10516129032258063,0.36569892473118276,0.28756248162305204,0.2693548387096774,0.37516129032258067,0.7179707652622528,0.3495698924731183,0.25462365591397845,1.3728885135135138,0.3857500595091105,0.43791117726819917,0.3895592547659762,0.40859674090211295,0.481574276044002,0.5096253289440565,0.42548302878357,0.47134852944797834,-1.7591315940546821,-1.6097489662633155,-1.748222556409647,-1.6937016828598792,-1.1460284858608927,-1.0840190133437035,-1.270023427079083,-1.1686334538374292,0.8176746883200394,2.271271271271271,18.124175473742394,1.4784784784784788,0.6225165562913907,0.9001118732520561,0.8670246936119453,0.9534809209726947,0.21171042596581408,-0.24511900887172505
15,4.0,15.0,4,3.326903592379448,18.59878293501412,4,0.2375806249652569,179.26104039350264,4.455674102832215,22.20261792151174,4.98299862357501,0.3890366622126795,0.8270004290752638,3.1084213686541133,0.864876349799734,0.10838709677419356,0.08666666666666666,1.2506203473945412,0.26924731182795697,0.26204301075268815,1.027492819039803,0.3490322580645161,0.2745161290322581,1.2714453584018799,0.04911212053647345,0.0649917165434357,0.07793735922533408,0.229162274272762,0.06748178426811963,0.08088447305254802,0.1015578521952864,0.1883853055111104,-2.075944675877761,-2.0412769053680124,-2.0130144376452512,-1.6828655693792145,-1.5208694557116154,-1.4990106441058304,-1.4652938647935252,-1.3236845970736213,0.7938883900737721,2.271271271271271,15.566543592710588,1.5005005005005003,0.6390728476821192,0.969912019439993,0.9073855095682859,0.9801565352516948,0.18541862813728216,-0.3051663545599317
15,4.0,16.0,4,4.286985740131001,25.752669791262242,3,0.37394730276115473,181.88825830303423,1.9505995467291195,16.898552565310435,8.663260787508603,0.7046219022501352,0.7807127536842813,4.340451015953023,0.8527562616023767,0.10516129032258063,0.3108602150537635,0.33829124870287086,0.25311827956989247,0.4001075268817204,0.6326256382692824,0.4961290322580645,0.3638709677419355,1.3634751773049645,0.5329145158966825,0.570771974044563,0.5993597501746871,0.6138933372075923,0.6010374423933467,0.6317349335145611,0.6704035189773129,0.6643913155904265,-1.1814620434709935,-1.0857040904061983,-1.013393188966331,-0.9766314354560002,-0.8491538256482964,-0.7838171379657299,-0.7015147347650839,-0.7143111373577895,0.8479628324669399,2.1391391391391394,10.915359353313933,1.4784784784784788,0.6490066225165563,0.9717427212918811,0.867044339727009,0.9619148910285229,0.21643808005438167,-0.34070423133762673
15,4.0,17.0,4,4.064460452551676,27.857008904545836,4,0.4833223423291756,181.7749372870099,8.71697660624638,34.42900275644972,3.949649553008862,0.654374875664463,0.8444777512143988,16.646280394522474,0.906889467864738,0.10838709677419356,0.08666666666666667,1.250620347394541,0.2860215053763441,0.1756989247311828,1.627906976744186,0.2898924731182796,0.26698924731182794,1.085783326621023,0.046350829660683344,0.04955704105372684,0.05618628907136367,0.18790117784428575,0.05260638802954289,0.060060319262328014,0.06929693088809545,0.11830655510711757,-2.4482030299413164,-2.4399720612672824,-2.422953491348917,-2.0848157360698814,-1.9857835433936333,-1.9701597374183464,-1.9507993457802622,-1.848072766233645,0.7990424576868962,2.3373373373373365,19.06690840512252,1.4344344344344344,0.609271523178808,0.9548441141195165,0.8965884918510458,0.9762548363586411,0.19167171086668044,-0.29264764971986945
15,4.0,18.0,4,7.174142941845965,73.37442985621479,4,0.4338715365803173,233.01325969991206,0.6027756259018859,30.87355499241492,51.21898375738276,0.8078859124376663,0.8967992163084386,11.988992719445436,0.9502623030899799,0.10516129032258063,0.38505376344086023,0.2731080703714046,0.2595698924731183,0.43354838709677423,0.5987103174603174,0.41462365591397854,0.32010752688172045,1.2952636882767887,0.5360308637022273,0.49025659390225,0.5660064667340018,0.5408215034681504,0.760795977767928,0.643543608475655,0.6890613578129943,0.6149854323957721,-1.5073775262178257,-1.6560923871374407,-1.4099905519344231,-1.4918133385285757,-0.6608103173482114,-0.9847245000565821,-0.8589799657301411,-1.0636175605584017,0.8374429655260776,2.1171171171171164,12.708787092020595,1.39039039039039,0.6357615894039735,0.9672356934124358,0.8706773491368782,0.9487846055944603,0.22301519854608784,-0.22015114403959768
15,4.0,19.0,4,5.85176019894277,45.86442802822161,5,0.49547794386192967,225.4341904322573,1.2296868803906518,25.228966044539675,20.51657738799721,0.8054943945428711,0.8649692383101227,30.741410492590273,0.9411828670176263,0.10193548387096774,0.33870967741935487,0.3009523809523809,0.26602150537634406,0.4247311827956989,0.6263291139240507,0.4439784946236559,0.27118279569892473,1.6371927042030134,0.41561251597698445,0.36934205859500435,0.4361353876838159,0.5420506424314521,0.496080890155807,0.4264477641393698,0.47123782423319943,0.57865836255739,-1.4812378646354383,-1.598518873147746,-1.4292188609874807,-1.160757112466309,-1.0772452691698078,-1.2261024053913434,-1.1303531484186762,-0.9007165570276743,0.850192237908133,2.2272272272272264,15.566543592710588,1.5005005005005003,0.6456953642384106,0.9660512679336192,0.8820160612989442,0.9625816261888436,0.20924265293213612,-0.27225243377015834
15,5.0,0.0,4,3.8786504798450867,20.94057508684435,4,0.3376896684776589,10.659877356892792,5.584403734754361,14.04436703277755,2.5149268748913824,0.58695090316667,0.8135180623272817,12.442654440342421,0.8983297817123381,0.10838709677419356,0.335268817204301,0.3232841565105838,0.26602150537634406,0.4802150537634408,0.5539632781012092,0.48752688172043007,0.35655913978494624,1.367310012062726,0.4839426829480505,0.5168153754908852,0.6256719660622397,0.6662719979998957,0.5901326078490559,0.6202760360400338,0.6914370661799557,0.7368317350604292,-1.428580624360689,-1.337580477505815,-1.0362371751521602,-0.9238457468009529,-0.9871060966993914,-0.9145100270618813,-0.7431290193415669,-0.6338025511528915,0.8546136968307289,2.183183183183184,10.915359353313933,1.4124124124124113,0.6026490066225165,0.9554376357550072,0.8587581330982065,0.9488687084350688,0.22509727975675387,-0.3228453031100002
15,5.0,1.0,4,3.3259787095160305,20.88985189144739,3,0.3792763503014187,-19.402501593535277,2.3934339000656775,22.280276559352288,9.308916598340527,0.643019738309766,0.7960653022531413,1.8507944720493525,0.8425804603496571,0.12774193548387097,0.08989247311827957,1.4210526315789476,0.28537634408602147,0.2523655913978494,1.1308052833404347,0.4019354838709678,0.28053763440860213,1.4327328478344195,0.04746275582304229,0.06815216547719057,0.10084634156073342,0.2200989506918619,0.06744937785158862,0.08755082321635312,0.10176042311643632,0.15934404049011244,-1.8447676759807003,-1.80469873967567,-1.741380313440426,-1.5104251881197857,-1.35628124650375,-1.3270461436274676,-1.3063800120448144,-1.2226316572693507,0.8475062028141447,2.3153153153153148,18.124175473742394,1.5225225225225214,0.6026490066225165,0.9456897174533797,0.8914037366104918,0.9731660923556956,0.18225529945496488,-0.32921459661097763
15,5.0,2.0,4,4.59314584536244,26.437290991200424,7,0.5073190506433434,42.499529304120664,3.5527635257617756,24.404725208527214,6.869223079882416,0.7354419809205941,0.835639608217498,4.323627309573487,0.948472990911633,0.10516129032258063,0.2756989247311828,0.3814352574102964,0.2796774193548387,0.3816129032258065,0.7328825021132712,0.2625806451612903,0.2846236559139785,0.9225538345296562,0.33121282295279236,0.39314636857844176,0.42003744117280556,0.48436022637194887,0.4094558335631126,0.4766979771396725,0.4691454392930889,0.5414089536111013,-1.8442657484196636,-1.6734761148924808,-1.5993205601418383,-1.421942294443778,-1.374508484076184,-1.2180004664098576,-1.2355792148531293,-1.0673838127741146,0.8603935554449964,2.1391391391391394,10.375666787451848,1.4564564564564557,0.609271523178808,0.989715528697749,0.8903237408672926,0.9758679947287322,0.21478461242725852,-0.26432118272741123
15,5.0,3.0,4,3.4679349505679657,18.081711122418003,3,0.5473298334252605,35.89053454620261,0.6431869649418573,19.495058780078804,30.31009619705386,0.6760576955963465,0.8139379529418994,9.950145377574978,0.8954264950588088,0.10516129032258063,0.34236559139784944,0.3071608040201005,0.26301075268817203,0.3610752688172043,0.7284097677188802,0.3337634408602151,0.29655913978494625,1.1254532269760698,0.11203555240717204,0.4135443845307244,0.4013451505890297,0.4497987185846278,0.09406474588704138,0.4367557314210741,0.41320163175570374,0.4632887074749696,-2.684074758360987,-1.7726956508758018,-1.8095706135874372,-1.663108670024188,-2.390622057516598,-1.4863139127453489,-1.5484695137657698,-1.4162975208254762,0.8262034929131159,2.359359359359359,10.915359353313933,1.4124124124124113,0.6225165562913907,0.9571584688333794,0.8760495286631654,0.9568970853023365,0.1991557921624815,-0.3417398384832124
15,5.0,4.0,4,4.18143617545546,33.5227893866709,3,0.480143170547198,21.600472210951075,4.091143384691419,19.30461965741995,4.718636782483738,0.6725589156233125,0.8191376666325196,10.295542644093317,0.8520652415107337,0.11161290322580646,0.2326881720430108,0.4796672828096118,0.26602150537634406,0.32526881720430106,0.8178512396694214,0.27634408602150534,0.24451612903225808,1.1301671064204044,0.05623267040025921,0.12926101658834604,0.2001125523352277,0.2802785297574683,0.06783015968561651,0.09893337917742953,0.1405690298181908,0.29036052086246333,-2.1694321709283027,-2.0015623595444776,-1.838696368968018,-1.6544193284526623,-1.660265131941053,-1.604867940806924,-1.530711691575323,-1.2639216937800801,0.7979378323617998,2.2492492492492495,10.915359353313933,1.4564564564564557,0.6291390728476821,0.9458606670384077,0.8852675316043165,0.9696795830489732,0.20254053666078786,-0.33237675961045476
15,5.0,5.0,4,4.512655363715143,29.597384804041624,5,0.18006349335649519,0.060605667368520244,0.9951058129324002,14.331413983659822,14.401899574305258,0.38697006384648036,0.7012010135005373,8.258843221274898,0.8434436212713231,0.10516129032258063,0.408494623655914,0.25743616741247694,0.2627956989247312,0.4611827956989248,0.5698297971555141,0.4417204301075269,0.36709677419354836,1.2032806092560047,0.4492358475068209,0.4613233340847323,0.5495619912820091,0.5963686675621943,0.45596258010185,0.5252881971265148,0.6287920603015562,0.6612215747049763,-1.2701969930283077,-1.2423202892976246,-1.038820340120695,-0.9308726837679571,-1.0486431231083477,-0.9150165950622298,-0.715510806739849,-0.6530022622517582,0.8465789016380387,2.183183183183184,13.369837418249451,1.4784784784784788,0.6456953642384106,0.9512476749830381,0.8641091591351762,0.9651395316367143,0.22011073696034425,-0.3719174607989709
15,5.0,6.0,4,2.6602025478734412,13.714179158176979,3,0.48560093358396184,10.09105347218879,0.3116610316077232,19.29309734217869,61.904105375811746,0.6167567520014856,0.6533599127170349,2.4100686728444654,0.7738162715294847,0.10193548387096774,0.0832258064516129,1.2248062015503876,0.2631182795698924,0.14946236559139786,1.7604316546762586,0.30333333333333334,0.2639784946236559,1.14908350305499,0.04173068700202838,0.051031448327449665,0.0602652410558302,0.13965961879977135,0.051773612426282964,0.059900421937403116,0.07179928408916607,0.13063030516204654,-2.09133804419922,-2.0710399549918996,-2.0508880188261704,-1.8776168095541488,-1.7092527592006777,-1.6946035448754746,-1.6731549085257842,-1.5671073586862194,0.8411571821781118,2.271271271271271,12.080421346773264,1.4124124124124113,0.6589403973509934,0.9326615586736728,0.8800189152115793,0.9613258853435839,0.18972976670272174,-0.3772233100881364
15,5.0,7.0,4,3.6539357631373606,21.27856384648934,4,0.5962911510504665,17.33644684990741,2.0099427142419755,16.120535328241786,8.02039541426505,0.6947102681088144,0.7220731865768611,10.96569691742744,0.853343649574811,0.10193548387096774,0.2661290322580645,0.38303030303030305,0.2731182795698925,0.3253763440860215,0.8393919365499009,0.3164516129032258,0.2773118279569893,1.1411399767351686,0.11726525740790135,0.19066103448729163,0.23498640524160566,0.3248117379648011,0.10252834931837462,0.20793298383592362,0.20009785986348735,0.33643616265280035,-2.3483009366216483,-2.1530493352702678,-2.0351324745915944,-1.7961740391879675,-1.989727310738318,-1.7560414000817843,-1.7734121550679018,-1.4711451761014092,0.8231498836264587,2.271271271271271,10.915359353313933,1.3683683683683687,0.5993377483443708,0.9606768279783322,0.8812897980330642,0.9665880824993913,0.20682057899982695,-0.34908493156221704
15,5.0,8.0,4,5.108094889737765,39.477237012073424,6,0.3382529660177319,20.43915733640035,1.082480031344879,23.22973931727877,21.459739343568323,0.7043108764546815,0.8394594028931098,5.063151026536247,0.9182092168257294,0.11161290322580646,0.19946236559139785,0.5595687331536389,0.2758064516129032,0.3016129032258065,0.9144385026737966,0.32881720430107525,0.26698924731182794,1.2315747080144985,0.29777949327540193,0.33816970047910905,0.3308612034737502,0.4219574384828933,0.2838961777001752,0.24943495848925773,0.2645207804558679,0.3579965327988461,-1.9548433019449163,-1.84240493641695,-1.8627503496901245,-1.609156409987843,-1.831426303190748,-1.919560427513955,-1.8809786321170652,-1.641915599327111,0.839836926613013,2.2052052052052047,12.080421346773264,1.4564564564564557,0.6357615894039735,0.9429347762640979,0.8677538898365348,0.9619274252397052,0.2201637349854675,-0.3052724133647973
15,5.0,9.0,4,6.626012501397705,69.97016705570728,5,0.1065229786145343,-14.745876557014661,2.8254964143500874,14.371170181864215,5.086246122584385,0.5307322748452422,0.8595160565342972,6.341869704544221,0.8977883150774334,0.11483870967741935,0.1760215053763441,0.6524129505192425,0.2950537634408602,0.338494623655914,0.8716645489199492,0.4090322580645161,0.2804301075268817,1.4585889570552149,0.06690001281592226,0.07514564716953367,0.17608820273074732,0.3587621402289045,0.08575227805584917,0.08724425253415936,0.13375315063039184,0.3259310321609296,-2.1568042504293996,-2.137744964751961,-1.9044223456608924,-1.4821825747359196,-1.7649635502820242,-1.7620832799691064,-1.6722974287896535,-1.3012962789584743,0.8101690795837909,2.381381381381381,18.124175473742394,1.5665665665665658,0.6225165562913907,0.9411500451461596,0.8871492710540142,0.9720167352083074,0.18941844712261416,-0.2995964531301573
15,5.0,10.0,4,2.2695043418207774,10.400515878295074,5,0.4145890035852102,-33.33479869490024,7.851392190016461,26.666122887616034,3.396355989135747,0.4823169189374914,0.6572069057908781,5.1421295521034605,0.8202934362483838,0.10838709677419356,0.11333333333333333,0.9563567362428844,0.26924731182795697,0.06322580645161291,4.258503401360543,0.27763440860215055,0.10204301075268815,2.7207586933614336,0.017501769362838523,0.022781021332217204,0.02497640579226317,0.03802708556635995,0.026427313605600078,0.033088058825582085,0.03580373508791654,0.053893210186809294,-1.3711760303237726,-1.3638082982172657,-1.3607444163138773,-1.342530867701105,-0.9030921152902815,-0.8969135663496774,-0.8943944880574567,-0.8776145777745875,0.8251449411316465,2.3153153153153148,10.375666787451848,1.3243243243243243,0.5860927152317881,0.9586550923950795,0.9152340604642748,0.9843843907499761,0.16933263556640643,-0.2892138787064917
15,5.0,11.0,4,3.326984233203999,17.52091727369858,4,0.3971502840365321,27.945662730627816,3.8290788536160143,14.389796249281796,3.758030795237529,0.5606437730160005,0.719476428732772,5.144451242163066,0.8191790955791919,0.10193548387096774,0.06,1.6989247311827957,0.2564516129032258,0.3317204301075269,0.773095623987034,0.4383870967741935,0.31623655913978493,1.3862631757905475,0.03588364654412258,0.05632453518640745,0.07023527766659918,0.31517991072479934,0.038754579687956224,0.06155595623767912,0.07869806020312754,0.21087224023290788,-2.419747454536048,-2.368444737718386,-2.333531437486008,-1.7187673063515276,-2.062193416513692,-2.013276826000289,-1.9765012708759115,-1.6929433801116298,0.8174717070503964,2.3373373373373365,13.369837418249451,1.39039039039039,0.5993377483443708,0.8829440953067554,0.8492663922685211,0.9482813308951413,0.20308139605479011,-0.36100864033733027
15,5.0,12.0,4,9.88780588548508,130.89928265454506,4,0.4764127035513587,43.94071385584938,9.197814255452627,26.986804690204373,2.9340454091259907,0.7969230036807183,0.8783221143306644,3.2506595997165975,0.9483220464086031,0.10193548387096774,0.3121505376344086,0.32655873234584915,0.2563440860215054,0.4404301075268817,0.58203125,0.4150537634408602,0.3037634408602151,1.3663716814159288,0.4403095539275417,0.5171497277899438,0.5065617591766379,0.6326126433825093,0.5013652766760591,0.5712358228616621,0.556701421034818,0.689449246842783,-1.473435210420303,-1.2711465729454663,-1.2990203482995846,-0.967180109830517,-1.1634353440390812,-1.0004104700436232,-1.0343227428935646,-0.7245899762707424,0.8484550289374357,2.271271271271271,10.375666787451848,1.3683683683683687,0.6622516556291391,0.9952545894550333,0.8738360744295836,0.9575394794744937,0.21363764581870787,-0.2542395195029294
15,5.0,13.0,4,1.8037340582741854,3.9056891460295473,2,0.39999598550807836,16.447271720725112,4.628656459227076,12.934675781479097,2.794477381377968,0.5123016461074694,0.7841346351120424,7.293934148865554,0.8729063208645544,0.10516129032258063,0.30612903225806454,0.3435194942044256,0.2627956989247312,0.29870967741935484,0.8797696184305256,0.3364516129032258,0.2404301075268817,1.3993738819320214,0.15624878848804877,0.12449634554223292,0.18481155307959563,0.28691228410994213,0.1964164127973915,0.10758375732103126,0.16014941587756396,0.23769090065398205,-2.5834693515549674,-2.6806916868456248,-2.4960134452271867,-2.1833927274262726,-2.1156209018769028,-2.3494935514530977,-2.2111022157735576,-2.006956202131547,0.8618817737589691,2.2492492492492495,9.862658461312831,1.4344344344344344,0.6589403973509934,0.9208920450627517,0.8682268530370768,0.95143999726455,0.22184816060224313,-0.3696043946394902
15,5.0,14.0,4,3.1608206763594393,12.49124481840543,3,0.2174268982869636,6.689706594020823,0.40059191185143994,13.571798484246532,33.879362220572375,0.597544025962592,0.8099715697646193,4.5854992959563665,0.8885356501626764,0.10193548387096774,0.32548387096774195,0.3131813676907829,0.2661290322580645,0.38784946236559137,0.6861657887441087,0.5056989247311827,0.306989247311828,1.6472854640980732,0.5202741287197316,0.5472799726272294,0.5243112722449437,0.6002915687130174,0.5219438498907085,0.5738863643637668,0.5709932334988795,0.6617316313521157,-1.5280441987555933,-1.4420239826575492,-1.515184909497791,-1.2731690871534076,-1.3414472891764702,-1.195694232308644,-1.203812489034446,-0.9491964197785392,0.8722626174800807,2.1171171171171164,12.708787092020595,1.39039039039039,0.6821192052980133,0.9375906196968496,0.8597815488691415,0.9243915183101854,0.22474927249672533,-0.3317948162416892
15,5.0,15.0,4,6.148314558406538,59.837163630859955,4,0.48467107730605086,50.69576344300766,2.8789742747818425,20.302687113406627,7.05205575862434,0.7577273593598739,0.8304044515671865,18.917230539039323,0.9000990965237151,0.10516129032258063,0.3790322580645161,0.27744680851063824,0.2563440860215054,0.368494623655914,0.6956521739130435,0.37548387096774194,0.2741935483870968,1.369411764705882,0.19156858548031655,0.20273090826628623,0.29765698764214565,0.32412965593879506,0.09605356672882914,0.1501469903530195,0.24155729444962853,0.3406428906221039,-1.8495098972208106,-1.8239730042972593,-1.6068034087610314,-1.5462398765415588,-1.6830509767225723,-1.582334843427481,-1.4121386947070702,-1.227651978150498,0.8508863620348496,2.3373373373373365,14.796880626863963,1.5225225225225214,0.6721854304635762,0.9209967587940999,0.8833271021938166,0.9566169938969207,0.17965279108717694,-0.3017953573657548
15,5.0,16.0,4,3.6667948457160042,20.79637551923227,4,0.22843815281338353,0.5910581774171106,0.9337443624054003,15.636627470671113,16.74615462243853,0.5924151491846035,0.7682806901011685,7.729749763644631,0.796909331315135,0.10838709677419356,0.1950537634408602,0.555678059536935,0.2758064516129032,0.32978494623655913,0.8363221388979458,0.5199999999999999,0.33666666666666667,1.5445544554455444,0.5745913568614448,0.6229271018462165,0.6473441211605995,0.6613604806008109,0.6521540109420875,0.6697663932236934,0.7265572102081274,0.7197035700127128,-1.115130105291146,-0.9884268864836263,-0.9244221847501082,-0.8876808899258026,-0.8167673940911659,-0.7754122540797925,-0.642063332270141,-0.658156172258344,0.8535752214600867,2.183183183183184,14.065272421052393,1.39039039039039,0.6490066225165563,0.9788213746248507,0.886105117913874,0.9477716323252475,0.20020779909588887,-0.38696130644746984
15,5.0,17.0,4,4.253587669943438,26.618514562415417,6,0.3377478995159856,16.00627008365251,3.211307204868633,22.664968325845607,7.057863629952145,0.5025281937956353,0.7825948085351879,5.035559783756701,0.8439487617338526,0.10193548387096774,0.1996774193548387,0.5105008077544426,0.26602150537634406,0.3123655913978494,0.8516351118760758,0.466774193548387,0.28096774193548385,1.6613088404133178,0.11958907066396549,0.11378186662713599,0.17308193286578885,0.24339153668640812,0.1455226930897259,0.1453980116480667,0.1616684261263294,0.23708436584992573,-1.5431848979623284,-1.5533637692943545,-1.449422571362307,-1.3261838481907076,-1.069552739556912,-1.069708803827338,-1.0493430594848967,-0.9549446193094675,0.8002875983579907,2.293293293293294,17.22805447131392,1.5225225225225214,0.609271523178808,0.9461100838403538,0.8950130278253393,0.9823408524955102,0.19630392271045813,-0.3526167564179148
15,5.0,18.0,4,7.105411619938159,78.94197281574334,4,0.1991494443083227,12.621799937403367,1.3422505316124675,12.713605433112566,9.471857252937351,0.6041287479983282,0.7914787740968067,7.570460337174836,0.853303833961216,0.10193548387096774,0.14516129032258066,0.7022222222222221,0.2729032258064516,0.3136559139784946,0.8700719917723688,0.5544086021505377,0.35935483870967744,1.542788749251945,0.7073576100082535,0.787742453782834,0.7539621771359153,0.7141658697623581,0.8252661177067955,0.827335363624471,0.7896748486636045,0.7464705969483051,-0.9144145478461914,-0.6632374351391332,-0.7687900736242228,-0.8931408978980597,-0.5120482661027941,-0.5059844519736711,-0.6163465702598736,-0.7429543116363617,0.8919755564557156,2.0510510510510502,11.483124145435111,1.3023023023023015,0.6788079470198676,0.9448137072738171,0.8541098963566025,0.8577046936378085,0.22161995689008704,-0.36968788557926335
15,5.0,19.0,4,4.262070261371435,24.663812215046427,5,0.44620941227989375,21.921866524780437,2.0706789498154685,35.82720673901242,17.30215432102848,0.6657638581575671,0.8543830186682756,5.876686418537483,0.900206382796215,0.10838709677419356,0.3026881720430108,0.35808170515097687,0.26602150537634406,0.3986021505376344,0.6673860264364715,0.45021505376344084,0.3237634408602151,1.390567917635337,0.21444401690379586,0.2667920159079918,0.332818516484184,0.4291771106508975,0.19598886325510034,0.2401293229042629,0.36640394063778314,0.5112470856104341,-1.608844137512171,-1.501633737336173,-1.366409322198033,-1.1690637953865517,-1.2688059670898981,-1.199148127747409,-0.9998747829515382,-0.7712985378793551,0.8245964775061416,2.3153153153153148,19.06690840512252,1.5005005005005003,0.5993377483443708,0.9031686064941481,0.8783731723118524,0.9628942319834253,0.18209092630982343,-0.2910144800155371
16,1.0,0.0,4,1.0882762529113472,2.3983041000774215,2,-0.011312212018596668,157.03651886980012,0.5246764562178088,1.77223868396934,3.377774365453195,-0.014670265022369566,-0.02106440243841523,62.68391634706206,-0.005051418906777405,0.10193548387096774,0.10193548387096774,1.0,0.2563440860215054,0.2627956989247312,0.9754500818330605,0.49333333333333335,0.5134408602150538,0.9608376963350785,0.8329289767328657,0.9192190498134725,0.9431166671721378,0.9696969260589986,0.8226596610454628,0.9394536839282013,0.9454685689502034,0.9781205825306151,-0.927152058291111,-0.4482897319447021,-0.31567113244697254,-0.16816535164224433,-0.9640653486025768,-0.3291445457613804,-0.29644616331931584,-0.11894185132493362,0.8790761025155789,2.381381381381381,14.065272421052393,1.4344344344344344,0.6357615894039735,0.7182500397660482,0.7994894467771175,0.6435305250107994,0.24491338080052047,-0.5614800270912355
16,1.0,1.0,4,1.3762055308163295,1.79724965585347,1,0.19946425032252246,160.60770406589904,5.860360042401758,12.25346388107938,2.090906325280576,0.2602968620135795,0.26345052948418557,66.07946689962725,0.5784793906630352,0.10193548387096774,0.23612903225806453,0.4316939890710382,0.2729032258064516,0.21924731182795698,1.2447278077488966,0.3002150537634409,0.26010752688172045,1.1541959487391484,0.06873426373372217,0.09417221460773822,0.1938149997648555,0.2510674523716673,0.06960522292188896,0.0962789285418103,0.11590881485658806,0.16573114821014787,-3.176844121780714,-3.0900671669791064,-2.7501538812467348,-2.554847525135429,-2.8964423772970838,-2.813403592879444,-2.752293152468112,-2.5971896187678603,0.8484464924609503,2.1171171171171164,21.102034285685964,1.5005005005005003,0.6390728476821192,0.7786138233183899,0.8151095666282588,0.8975148340038777,0.22286364796229424,-0.42356545411261226
16,1.0,2.0,4,0.8536376524636226,0.9749364375340117,2,-0.008453905800129169,163.41762837825826,0.04678956161285825,2.557666348735669,54.663182568327294,-0.005866449274858132,-0.014986320641184436,55.330505930423165,0.06431845006867343,0.10193548387096774,0.10193548387096774,1.0,0.24989247311827958,0.2597849462365591,0.9619205298013246,0.49677419354838703,0.5297849462365591,0.9376902780596711,0.8092968650649369,0.8966129586672585,0.8907967091091664,0.9584843029169997,0.6351494461943483,0.9041959506386207,0.9046925505654809,0.9610481586791985,-1.3368875822532775,-0.7247749323613011,-0.7655486291972089,-0.2910377950407099,-2.487322352527431,-0.6531319493792935,-0.6497464423944228,-0.26554923537526065,0.8761511201988794,2.1611611611611603,13.369837418249451,1.3683683683683687,0.6887417218543046,0.7070940554710511,0.7976604719459959,0.5989492061056818,0.2557887951822168,-0.558956359752359
16,1.0,3.0,4,0.8801424842443536,0.4497039312962383,1,0.07324828702065933,151.9772428606169,0.5033943849107008,4.256529380899513,8.455655264519084,0.12390994535759803,0.12086888173797017,23.51635823916318,0.19427700207109588,0.10193548387096774,0.15612903225806454,0.6528925619834709,0.3032258064516129,0.2811827956989247,1.078393881453155,0.41053763440860214,0.3678494623655914,1.1160479391990645,0.12261834912500481,0.18787449678964221,0.2933662388241732,0.5851332180698399,0.14477671249388277,0.12759788157866025,0.13588469391758443,0.23672764838872662,-5.072641463463059,-4.695358624165717,-4.085450969767377,-2.398580409943234,-4.617949806610249,-4.71071035237845,-4.665964045774075,-4.1214422712840575,0.8374061772580491,2.183183183183184,18.124175473742394,1.4344344344344344,0.6192052980132451,0.743003488544875,0.8035598514543133,0.8105827866947823,0.2337347504655984,-0.4950374788293234
16,1.0,4.0,4,1.8942457904257015,4.0598831980361085,3,0.268559845282901,157.50528285491652,1.7076456365161865,17.919587661471667,10.493739027746937,0.3978031427308436,0.3486336371950617,2.6451946462511065,0.7304142805846436,0.10838709677419356,0.11322580645161291,0.9572649572649573,0.2789247311827957,0.11311827956989248,2.4657794676806084,0.2940860215053764,0.10870967741935482,2.705242334322454,0.02561889641477477,0.029355025053284786,0.044734896611747,0.0811702472187681,0.037797380777632575,0.042669946187292376,0.062242963238223134,0.10508031943779522,-1.9131293513210705,-1.9057937232671758,-1.8755964179317397,-1.8040581477256723,-1.2579540715873643,-1.2515838296303106,-1.2259946699246695,-1.1699904296838348,0.8204065185629936,2.1611611611611603,10.915359353313933,1.3463463463463456,0.6192052980132451,0.8613763596102413,0.8731093584905614,0.9683193699936509,0.17897156807870657,-0.3298457231815363
16,1.0,5.0,4,0.9424567281574141,0.5099745526287442,2,0.24085413779297526,170.95143976437325,0.6953940646216376,8.84186223398991,12.71489459548486,0.2883787061631159,0.26947891435473226,22.13262931802703,0.4966185538502661,0.10193548387096774,0.13978494623655915,0.7292307692307691,0.27655913978494623,0.25559139784946233,1.0820361800588978,0.2827956989247312,0.26677419354838705,1.0600564288593313,0.06496960759456212,0.0721888654355455,0.16997919229487488,0.3272190806501528,0.06634072829913493,0.0621701187132485,0.08537690092993738,0.1388721602352549,-3.8885601836043824,-3.858537075453424,-3.451851288065712,-2.7979294753642407,-4.020774872723015,-4.038735474341977,-3.9387961820949946,-3.7084204969344063,0.8092175978537044,2.183183183183184,12.708787092020595,1.4344344344344344,0.6324503311258278,0.795529571177366,0.8243044299657944,0.8956359330196184,0.21196015738720386,-0.4062971440289803
16,1.0,6.0,4,1.2956876238360147,1.1714027992167706,1,0.18001151414961336,99.46799010562663,0.2831095456002745,16.31516005466574,57.628435028825535,0.23132739598442886,0.35157196829830506,5.828488487926929,0.6422235212594163,0.10193548387096774,0.17655913978494625,0.5773447015834348,0.28215053763440856,0.08989247311827957,3.1387559808612435,0.22634408602150535,0.10548387096774192,2.145769622833843,0.05874213775060995,0.055112971442352346,0.07717531711107772,0.09068694122079675,0.06928788492244385,0.06065327577732085,0.0828852345887959,0.10017178001999096,-2.2319442913472827,-2.2405499002339995,-2.1882348774926594,-2.1561956313859136,-1.9018843288350222,-1.9195289125389279,-1.8740985228643219,-1.83877394792576,0.7986574927762639,2.2052052052052047,9.375015015145289,1.3683683683683687,0.5728476821192053,0.8664081856949953,0.862272666085439,0.9634454906048937,0.19072316575921827,-0.32717713009068283
16,1.0,7.0,4,1.3786290237538534,1.720602856856603,1,0.2984824567009525,164.64893488307115,2.98126738981854,10.159380536988557,3.407738793133522,0.4379431147138776,0.3833871675764692,33.309357326545516,0.6046315992580298,0.10193548387096774,0.17311827956989248,0.5888198757763975,0.2897849462365591,0.179247311827957,1.6166766646670663,0.23440860215053766,0.15161290322580645,1.546099290780142,0.12049320313927972,0.09703979360998011,0.12234422338417876,0.17672339778882803,0.12043975931337438,0.09804177400688117,0.12199040182896342,0.17477557185588918,-2.6357781357468055,-2.7060652378666465,-2.6302308463935633,-2.4672628745173495,-2.270681625938089,-2.3285044916621955,-2.26667847151424,-2.1304077419407985,0.8557350422290007,2.183183183183184,16.37624074521689,1.39039039039039,0.6423841059602649,0.8063715980913918,0.8444394409130782,0.9460354511263059,0.19429520139025128,-0.3678531682195526
16,1.0,8.0,4,1.298174125203481,1.8018398142200232,2,0.24731517518953638,161.76938598665265,0.47607702212887243,8.421624414053358,17.689625885312427,0.2822690355911476,0.2855003430718711,62.13266642184861,0.4090779027095376,0.10193548387096774,0.19623655913978494,0.5194520547945205,0.25010752688172044,0.1293548387096774,1.9334995843724028,0.31258064516129036,0.2856989247311828,1.0940910801656003,0.11418348770185967,0.11087531047132056,0.14157378627756803,0.22667303552532417,0.11208274966989107,0.11093521655671236,0.13462726820015003,0.15844635458479212,-3.366818487074446,-3.379392233559936,-3.262713221106966,-2.9392673137145,-3.3503628924525235,-3.3546928594160272,-3.265296048347505,-3.1754198992744276,0.8606400759569138,2.2272272272272264,13.369837418249451,1.39039039039039,0.6655629139072847,0.824184920456183,0.838598837692343,0.9151126090622397,0.20693127131492736,-0.4336328857344622
16,1.0,9.0,4,1.7043580831942862,3.8891430259551854,4,0.21539076135030955,169.5713695421271,0.35127412487578136,12.56884927734829,35.780743263663176,0.3337969667571028,0.30115114945674815,28.935865773932722,0.6043444853941093,0.10838709677419356,0.12,0.903225806451613,0.2693548387096774,0.10333333333333332,2.6066597294484914,0.29774193548387096,0.16860215053763442,1.7659438775510203,0.10414876667693967,0.11088430946912632,0.10315072420644067,0.1425824565194036,0.12431942661212299,0.13251586819599917,0.12340748166542845,0.1658258310181045,-2.410183824187955,-2.392062627630982,-2.4128689416815443,-2.3067824399887566,-1.941262616442906,-1.9230922400314734,-1.9432842721551289,-1.8492486633360545,0.8325370345840688,2.1171171171171164,12.394604219396928,1.4564564564564557,0.5960264900662252,0.8532085270066481,0.8542011057957795,0.9478728662190031,0.20633562283476028,-0.3525208703023165
16,1.0,10.0,4,1.5956989546007612,2.5473358267483324,2,0.07356954094775692,142.90087754886014,0.47747187003671654,9.25849950628262,19.390670084021206,0.14800087626092295,0.22055554295928337,4.624532224294725,0.4874763459297381,0.10516129032258063,0.2129032258064516,0.4939393939393939,0.28215053763440856,0.2258064516129032,1.2495238095238095,0.3641935483870967,0.21494623655913978,1.6943471735867932,0.0941425003039821,0.2019537490362353,0.1549245063554354,0.22554638913504352,0.12411311681303579,0.16678202297178596,0.14410140902763344,0.22291990125557626,-1.8905839831705402,-1.665574839759781,-1.763727952123257,-1.6163354533149132,-1.3823375871747747,-1.3149968906543963,-1.350791769830033,-1.226399263831206,0.844145040682495,2.3373373373373365,14.796880626863963,1.4564564564564557,0.652317880794702,0.8887686339309201,0.8721092340056198,0.9545962449029373,0.20186596240577923,-0.37470165930583105
16,1.0,11.0,4,1.2099253861601593,1.9004727767114833,2,0.05762394789289316,171.79661684920146,0.38017930776854963,4.871920174968803,12.814795743525297,0.08102804671436425,0.06962839366107054,19.311676146350873,0.10848104954523985,0.10193548387096774,0.10193548387096774,1.0,0.2532258064516129,0.2663440860215054,0.9507468712151796,0.52,0.5174193548387096,1.00498753117207,0.6467477250081564,0.7867015955539318,0.8329128045583754,0.9323715840451728,0.6734348108350241,0.7609197636448716,0.8222251754771925,0.9123282531307603,-2.0830789536972416,-1.257790674296622,-0.9852896779356408,-0.3987952517804336,-1.8685522382009316,-1.3679777440249445,-1.0171982724406563,-0.5016432990251891,0.8533933474049853,2.095095095095095,10.375666787451848,1.4344344344344344,0.6158940397350994,0.657474093753957,0.8056332197455569,0.6654487954017979,0.23282763798843897,-0.5347342166674937
16,1.0,12.0,4,1.1926278775780246,1.6513196774616672,3,0.07975992029048695,157.10180133551893,0.04625519356084713,9.189491616500892,198.6694014027296,0.16516736085593675,0.14915010580783672,11305.344767960281,0.3981423313825586,0.10516129032258063,0.23591397849462367,0.44576116681859607,0.25311827956989247,0.3708602150537635,0.6825166714989851,0.44000000000000006,0.35247311827956984,1.2483221476510071,0.2946807572219995,0.3450156306385795,0.4125649003679626,0.648955090668947,0.15282750548593924,0.21005082783734413,0.21349143961208136,0.5499427608258193,-2.2424697399909252,-2.082436632063255,-1.8676726158001908,-1.116101105440162,-2.2297661248887466,-2.079153792029734,-2.0700980688636945,-1.184554966869129,0.8588249847749801,2.293293293293294,22.199661191199525,1.5445445445445445,0.6125827814569537,0.7632055851944283,0.8105259705421692,0.8994729619154451,0.2317862375944176,-0.483137338190664
16,1.0,13.0,4,1.0020104804721721,0.9769034071153331,2,0.15672273335728348,155.43828550392374,0.339300755220538,14.547489203995905,42.87490959028476,0.2062451213942984,0.19944724580323514,15.028425130226147,0.4640940565699334,0.12806451612903225,0.10623655913978494,1.2054655870445343,0.21258064516129033,0.08924731182795699,2.3819277108433736,0.3193548387096774,0.2961290322580645,1.0784313725490198,0.15126279332638207,0.15510138246163482,0.19818237301245606,0.3001890946290679,0.13080444513842884,0.1525300276583333,0.2034713739679357,0.30205121584920086,-2.527033862261389,-2.515604830222002,-2.387335300990025,-2.083620042984874,-2.2783174977018437,-2.221370847979565,-2.08784443956145,-1.8294489870967432,0.833055536099118,2.2492492492492495,13.039312255135023,1.5225225225225214,0.5827814569536424,0.786635592573508,0.8243755775836865,0.9080282162208408,0.22182548059706478,-0.4253918489128038
16,1.0,14.0,4,0.8806806816568225,0.2521850229401186,1,0.036962526084008074,139.8299209911051,2.103678418396153,5.6479779558168905,2.6848105235223714,0.05237747651182312,0.09191039273563573,9.93540324289741,0.24052350767065545,0.10193548387096774,0.12258064516129033,0.831578947368421,0.2627956989247312,0.24806451612903224,1.0593844820112701,0.3779569892473118,0.36892473118279573,1.0244826581171669,0.38550869981875213,0.31104607708807397,0.3331599514846995,0.5678302474217147,0.1557966573729902,0.22774549395565352,0.25576199792051924,0.44867597044889457,-2.33737403761969,-2.6206115726220904,-2.536495823756957,-1.6438676336395024,-2.9546784865967934,-2.7028603891643255,-2.6048037275109293,-1.9296124132716597,0.8604703069200885,2.2492492492492495,15.566543592710588,1.4784784784784788,0.6158940397350994,0.7880135675680274,0.8187834932467165,0.8584104179772558,0.2359926862158564,-0.5121240714859714
16,1.0,15.0,4,1.4159839387239987,2.377267665308138,3,0.16191519940226073,153.37247259252698,2.3628682098882576,15.252840040187792,6.455222503039691,0.25310765476324026,0.2691838937126102,4.1122734100739455,0.47550620782821507,0.12129032258064518,0.15623655913978493,0.7763248451479698,0.282258064516129,0.13301075268817203,2.122069523039612,0.3258064516129032,0.18483870967741936,1.762652705061082,0.06000403566420049,0.09665069943139333,0.10979030671120912,0.16065649447461627,0.07573352281586217,0.11097564969216639,0.11991852216211683,0.17339885777477512,-2.4991483991920207,-2.4017166499459246,-2.366782639859438,-2.2315457276331774,-2.0634647464824525,-1.9847851792846176,-1.964819831054905,-1.8454226767807649,0.8348057957320614,2.2272272272272264,14.796880626863963,1.3683683683683687,0.6258278145695364,0.8229103101335927,0.84440012189039,0.9414226287916765,0.19925418699017808,-0.3757355300113494
16,1.0,16.0,4,2.223993333466721,7.01253559768824,4,0.1451294411925519,160.593232168633,1.7254595844605682,14.029180911128625,8.13069227322098,0.1984988180115015,0.2102146407130403,63.56018844345812,0.6354399501994135,0.127741935483871,0.18655913978494626,0.6847262247838618,0.28215053763440856,0.3018279569892473,0.9348058425365158,0.39892473118279576,0.30451612903225805,1.310028248587571,0.19890471894075043,0.24089646682854796,0.2436472783012373,0.382703837161995,0.2593651520340401,0.30330989084499516,0.3079546235165353,0.3694960436668016,-1.6813481081878574,-1.5932153385411616,-1.587441903376905,-1.295588377710766,-1.1578698167504107,-1.0891689085850367,-1.0819075762536987,-0.9856969360608355,0.8288472109039846,2.183183183183184,18.124175473742394,1.5225225225225214,0.6456953642384106,0.8987861989418882,0.8657474817089942,0.9578389903284564,0.20001281779578914,-0.390502176613843
16,1.0,17.0,4,1.3203614102348316,1.401377369668289,1,0.2875496038063904,178.0678001429194,2.6385190800103495,20.377541453084167,7.723098008828587,0.3526164111323752,0.3497741532189703,10.636338802286769,0.7108858473486084,0.10838709677419356,0.11989247311827955,0.9040358744394621,0.2724731182795699,0.10311827956989247,2.6423357664233573,0.270752688172043,0.11881720430107526,2.2787330316742085,0.05149050452623312,0.05506697999124446,0.061719170972784725,0.10357609185788966,0.07183665109249052,0.07341050041811782,0.07784469351375789,0.12630580129385519,-2.479680335674092,-2.4703303861755055,-2.452939619667855,-2.3435134261231942,-1.842431698539954,-1.8393075610810956,-1.830505556642469,-1.7343088244341716,0.8113218234836669,2.1171171171171164,5.234296130145156,1.3243243243243243,0.5596026490066225,0.7958891391227102,0.8438124215095966,0.9434303772725363,0.18648045363403698,-0.3430807075433224
16,1.0,18.0,4,0.8302331938388398,-0.10699870651542565,1,0.15589728624393495,166.00362866838708,0.20520206058631071,5.60017001358037,27.29100281731754,0.156223670755129,0.209506809285388,4.9123611820599455,0.5227667116166739,0.10193548387096774,0.13322580645161292,0.7651331719128328,0.27311827956989243,0.15591397849462366,1.7517241379310342,0.3337634408602151,0.2579569892473118,1.2938724468528555,0.07804223421402208,0.08938454914221859,0.09485758618166142,0.16511109647259542,0.09104424673866136,0.11127892566106226,0.11342205734980257,0.1584671457585539,-3.1469076424232716,-3.1081930517393,-3.0895119985220676,-2.8497165147743626,-2.507242326552921,-2.4514274606736737,-2.4455158962635175,-2.3212645761563353,0.8390490768950534,2.2052052052052047,21.102034285685964,1.4784784784784788,0.6026490066225165,0.768694583496869,0.8367766552345579,0.8895245902148983,0.19704777757065456,-0.43315009087660183
16,1.0,19.0,4,1.2710794570851136,1.4664138990591908,1,0.1369631606390903,180.30095321586663,1.098534875201992,7.813728445693908,7.112863343785209,0.2153842838780219,0.1467076102366981,11.225622729753532,0.3845312475042504,0.10193548387096774,0.20279569892473118,0.5026511134676565,0.26322580645161286,0.1825806451612903,1.441696113074205,0.3206451612903226,0.23741935483870966,1.3505434782608698,0.22717396249956334,0.1709085947252272,0.1516836834470771,0.20166894969622368,0.18664985800252676,0.16495752110619075,0.14659496905950983,0.16328747667203472,-2.4582956699513767,-2.637271148592382,-2.69842400040769,-2.5394250050075455,-2.383091986813655,-2.446649895718626,-2.5004516329783337,-2.451543076777015,0.8516105661934267,2.3153153153153148,20.0586777950823,1.4784784784784788,0.6655629139072847,0.7825015873309702,0.8165265428941236,0.903177715818156,0.22821141398369377,-0.4327796429911352
16,2.0,0.0,4,1.097683144878025,0.8544560877567133,1,0.1283815716217087,-279.5924583268097,0.09936285690901125,7.130307126978651,71.76028698035554,0.14827339485682578,0.17466229508142417,3.9269683963824704,0.2541247336298773,0.10193548387096774,0.2560215053763441,0.39815203695926077,0.2794623655913978,0.3478494623655914,0.8034003091190107,0.3811827956989247,0.3489247311827957,1.0924499229583975,0.08480578887863163,0.2867592977076202,0.40420689256118864,0.5581185192223147,0.08755733183653765,0.09276149961442938,0.12781786310196785,0.24450393339893725,-4.924749820374904,-3.838018179982406,-3.2060211517780055,-2.377807591702863,-4.732618333108813,-4.705625579817477,-4.523796743527756,-3.918574459680186,0.8270968631486117,2.183183183183184,16.37624074521689,1.5005005005005003,0.5894039735099338,0.775561299986139,0.8333641408609039,0.8785469032701752,0.20340829108860212,-0.48345414912319695
16,2.0,1.0,4,0.8285883322780183,0.8795549788965826,1,0.01738441206146113,-285.71354014301573,0.1674092473244804,4.61034823623789,27.53938811577056,-0.008066645639624559,0.031539802461051036,10.29576339805672,0.14346752932118112,0.10193548387096774,0.25860215053763447,0.3941787941787941,0.24989247311827958,0.39365591397849464,0.6347992351816444,0.4706451612903225,0.44118279569892477,1.0667804045820128,0.5648072333900112,0.5539619150244599,0.5876000026122241,0.7423939252249504,0.7762742490489959,0.6291784106266095,0.6588971733080753,0.7505327866762191,-1.7654729835433223,-1.8094698466379384,-1.6730081693980607,-1.0450462422772082,-0.8141075727171461,-1.3493693182507127,-1.2412267837059807,-0.9077772524988017,0.8396493375864531,2.3153153153153148,20.0586777950823,1.5225225225225214,0.6125827814569537,0.8357893860339783,0.8290584975752932,0.8827413803790389,0.2221505645259572,-0.5223506727893195
16,2.0,2.0,4,1.0457285356115873,1.0865863191994842,3,0.13126357849943282,-249.91827611558188,0.8917961646502539,8.460591885271466,9.487136433906457,0.14826151889286654,0.13726665280178463,7.99081665979896,0.2595270999835645,0.10838709677419356,0.18946236559139787,0.5720771850170261,0.2958064516129032,0.27580645161290324,1.0725146198830409,0.3781720430107527,0.3718279569892473,1.017061885482938,0.642507792898196,0.5350277690780376,0.42524533221289057,0.4051837903871371,0.14917315720261126,0.13428401395617678,0.12153747395044077,0.18377940052963943,-1.851766178066225,-2.408499636793743,-2.9771593152260567,-3.0810756633164424,-4.093524328381866,-4.1651594332495625,-4.226485979371002,-3.927025703929291,0.8383559379256409,2.2272272272272264,15.566543592710588,1.39039039039039,0.6324503311258278,0.6796781470999722,0.8008304392068167,0.7719400182292689,0.22440591634235588,-0.4462327396243169
16,2.0,3.0,4,1.2219436540123894,2.074825822121305,2,-0.006161251193462558,-269.5289981147972,0.10462866592594836,2.8538946314163276,27.276412311671745,-0.0015566764150400925,-0.01462972788905037,20.44551778485536,0.05850426487610538,0.10193548387096774,0.12849462365591396,0.793305439330544,0.2563440860215054,0.3097849462365591,0.8274904547032281,0.5950537634408601,0.5195698924731182,1.1452814569536423,0.9547462430940864,0.7706714806351505,0.8524019340604636,0.869807567861968,0.9841503486456222,0.5222369076805137,0.8176751632648219,0.8686652812853326,-0.20986344305559612,-1.0635066777949684,-0.6844832434756434,-0.603764945418245,-0.07082595459435659,-2.134938259959462,-0.8147390954730676,-0.5868840024533664,0.8534539836240702,2.271271271271271,14.065272421052393,1.4564564564564557,0.5761589403973509,0.7742365025580413,0.8225313948863461,0.7915060168767507,0.22607073045289414,-0.5178332370966533
16,2.0,4.0,4,1.232085247739252,1.1916036387028086,2,0.23371595343933804,-256.4517863315077,2.5610955039449763,16.70690536983951,6.5233433677522275,0.33553330582238283,0.3492720867360153,4.424917781235473,0.576946011210954,0.10193548387096774,0.14311827956989248,0.7122464312546957,0.2563440860215054,0.11322580645161291,2.2640075973409304,0.23107526881720428,0.12569892473118277,1.8383233532934133,0.11265344468298481,0.09579549035728745,0.10242800232565205,0.134798101880545,0.15214709579971356,0.11430981525162796,0.11893785195076347,0.15521681324360884,-2.6368282152830953,-2.686923107015753,-2.66721401523916,-2.5710234216921206,-2.0462969632229915,-2.137617417394454,-2.1264476291019223,-2.038888185766104,0.8536747706354424,2.0510510510510502,10.915359353313933,1.3243243243243243,0.5728476821192053,0.8156230880118627,0.8481978417777869,0.9434982691225025,0.1953424714270389,-0.3154170311453644
16,2.0,5.0,4,1.3705834801609824,2.66487029439097,2,0.054106122295010994,-260.51602173556705,0.5473603505598543,5.43619602365703,9.931658400351337,0.0678921371747454,0.06735350146721386,12.982352640219771,0.253361128136951,0.10516129032258063,0.179247311827957,0.5866826634673065,0.27290322580645154,0.30709677419354836,0.8886554621848738,0.4283870967741935,0.40150537634408606,1.0669523299410817,0.1555660019377453,0.4315204152826517,0.46742803096240776,0.5438084184995499,0.1777848658187094,0.2816726249504507,0.2923007912592911,0.47020128462401845,-3.882321675319548,-2.6136093747875213,-2.448522565181966,-2.097360443825867,-3.369944232296833,-2.9441481843551256,-2.900587410217793,-2.1714415740320083,0.8514492324037428,2.2272272272272264,14.796880626863963,1.3683683683683687,0.6754966887417219,0.7871027954550904,0.8261606407217919,0.8583504431387966,0.22920587143292787,-0.48979864004410695
16,2.0,6.0,4,1.362217611504228,2.4580371884294046,3,0.1441912727137955,-273.02505051328717,2.767567997339526,14.013754160295953,5.063562728636633,0.21701600924038456,0.20835845971807976,10.504913994291641,0.5846070219507379,0.12129032258064518,0.13999999999999999,0.8663594470046085,0.27881720430107526,0.20602150537634406,1.3533402922755742,0.31032258064516133,0.29053763440860214,1.068097705403405,0.15609369679459717,0.1960601276272843,0.21165240585598438,0.3991174132755041,0.18828356923912234,0.2227822726668515,0.23077407230678434,0.30994801281820833,-1.8116159786123647,-1.7258199317886938,-1.6923479452958905,-1.2899162990551503,-1.4835435569155129,-1.420491575641496,-1.4058852643550919,-1.2611820344214146,0.8259301970862047,2.2052052052052047,17.22805447131392,1.4784784784784788,0.6456953642384106,0.8510640058061063,0.8595379392072621,0.9497738012442379,0.19166161437681672,-0.3852350429089061
16,2.0,7.0,4,1.076975897333867,0.9706439047752147,1,0.1419595266379362,-279.8138878372712,0.8395990298968405,6.360185710711358,7.575265673535638,0.20193055807705385,0.20262796675242079,7.245521901560626,0.32425601688756034,0.10193548387096774,0.259247311827957,0.3931978432185814,0.26623655913978495,0.32741935483870965,0.813136288998358,0.3998924731182796,0.3744086021505376,1.0680643308443425,0.5007733584979083,0.5881264201412835,0.4323101244411174,0.5876186906865207,0.6397814678386886,0.6211520287319996,0.15196772513408024,0.3979130695285033,-2.0807566739296663,-1.716672606910016,-2.366108695115578,-1.7187888029695242,-1.4706160634843557,-1.5466719849818422,-3.4621480418795274,-2.458059851204042,0.8350507854253086,2.2272272272272264,19.06690840512252,1.4564564564564557,0.6357615894039735,0.7848639917201529,0.8122009507149688,0.8615017956357223,0.22908272013345013,-0.4581462708260769
16,2.0,8.0,4,0.9409416579785133,0.45655741649819603,1,0.12197293698479361,-258.0695993981761,0.13159189614118325,6.365523090006826,48.373215043404635,0.161758462714222,0.2333177229614698,2.8188120174792344,0.3529226408631755,0.10193548387096774,0.13978494623655915,0.7292307692307691,0.2597849462365591,0.2752688172043011,0.94375,0.4375268817204301,0.3220430107526882,1.3585976627712852,0.05727846445692563,0.10190906548274717,0.15683303484631037,0.43186018245398383,0.052863066684513,0.08434302743117009,0.14981580287333046,0.2268536586606492,-4.807026286475866,-4.579450630013588,-4.29938811469601,-2.8969986728520167,-4.812870467641905,-4.652905241843192,-4.32020573844925,-3.928738350823115,0.826857816009653,2.1611611611611603,18.124175473742394,1.4344344344344344,0.6622516556291391,0.7661626330729105,0.8207618105695609,0.8493248589995819,0.22236826040306115,-0.4616743207972471
16,2.0,9.0,4,1.7901312477046056,3.701673553599874,2,0.4370667912730567,-284.9175727238827,5.437876018872888,17.98925246917635,3.308139502765823,0.4813871292297148,0.5123561452035051,6.453737343708005,0.7605110977298,0.10516129032258063,0.13999999999999999,0.7511520737327189,0.16634408602150536,0.1364516129032258,1.2190701339637509,0.20118279569892472,0.1421505376344086,1.4152798789712555,0.09912911944924117,0.12228095112801425,0.1683567816898416,0.2249886636591112,0.11459359980633102,0.1390630787820081,0.1842856427654616,0.2500242119007963,-2.2804858999833377,-2.2218788045137283,-2.105241354913815,-1.961882066575531,-1.8358655435354254,-1.78512875948927,-1.6913610309192162,-1.5550539363121703,0.8047202599528558,2.1171171171171164,8.05203967082547,1.3023023023023015,0.6390728476821192,0.84831788056563,0.8534216843303633,0.9569468587847519,0.20529718339963388,-0.3282341265089888
16,2.0,10.0,4,1.6615137352289406,3.0566137756069924,2,0.26799054689877533,-265.3824217867731,2.28131579651799,13.767639309838437,6.034955498424292,0.32412725415624566,0.3286230566190821,2.3944461588114985,0.6503869781262612,0.11161290322580646,0.15279569892473116,0.7304714989444054,0.3055913978494623,0.2225806451612903,1.3729468599033816,0.2829032258064516,0.23139784946236558,1.2225836431226766,0.10653196509425573,0.1442507368255345,0.1651322333866423,0.27477537834697985,0.12940535307844225,0.14791705535171093,0.15667286721244877,0.24103445466889387,-2.4521113043807476,-2.348592630028416,-2.291283636567579,-1.9903694631428257,-2.023505926259257,-1.9804795426402437,-1.9601285822339705,-1.7640486123302086,0.8791159524255243,2.3153153153153148,14.065272421052393,1.4344344344344344,0.6589403973509934,0.7860719561148583,0.8481826441544296,0.9287920829464387,0.1999661588910233,-0.41752916727707756
16,2.0,11.0,4,1.2141791327398386,2.536273888140353,3,0.010010022492684234,-260.03366060068095,0.34133874633923766,2.8349119534935228,8.30527440525624,0.015640160111133672,-0.0026328353144911,50.86228054666783,0.03259825487108936,0.10193548387096774,0.10516129032258063,0.9693251533742332,0.24989247311827958,0.3359139784946237,0.7439180537772087,0.5094623655913978,0.4703225806451613,1.0832190214906263,0.9129714081403375,0.8015383214596333,0.9574677484444349,0.9453091149973581,1.07985560978937,0.8081401639198716,0.9318726926632198,0.9046021836423424,-0.4973183617015353,-1.1340943789069673,-0.2430473619198601,-0.31252696094842225,0.4309869764472003,-1.0354825524710636,-0.3676884101193929,-0.5148694818072164,0.8209403061781506,2.1391391391391394,19.06690840512252,1.3463463463463456,0.6125827814569537,0.7109339970202305,0.794945338719746,0.7257155314573582,0.25354745045352856,-0.5428924459062188
16,2.0,12.0,4,0.7012042774294047,0.3713671783683141,1,0.08628634656695522,-252.36873872505507,0.5642894762058402,5.888371312289403,10.435018834449176,0.1337621488998718,0.10126688376411574,2.754344244051017,0.1713139098926384,0.1086021505376344,0.15903225806451612,0.68289384719405,0.2596774193548387,0.25344086021505374,1.0246075519728468,0.4231182795698924,0.47924731182795705,0.8828808615660756,0.17798513727639798,0.44770480488199416,0.48873563907085943,0.8150664335910087,0.17118567972662543,0.17408772874245665,0.2760004518193755,0.8087172949673821,-3.9154231645712616,-2.630693797289117,-2.435255629525982,-0.8808760068222932,-3.8264273127504627,-3.8130292821596607,-3.342523865494475,-0.8831041514246296,0.8533675284509921,2.3153153153153148,11.781772746104188,1.4124124124124113,0.5927152317880795,0.7315798597218598,0.8130329651307511,0.7889737482897909,0.22380860635235594,-0.4940139777541771
16,2.0,13.0,4,1.6602302784961194,3.6726963825969,2,0.21394451694285632,-243.29748174848962,0.08167444792069946,10.650147164673221,130.39754091773986,0.27216930362906133,0.29549126736098297,17.14182218539481,0.5532029507727745,0.1374193548387097,0.239247311827957,0.5743820224719102,0.2789247311827957,0.3016129032258065,0.9247771836007129,0.3953763440860215,0.2943010752688172,1.3434417245158934,0.42587111647520237,0.3694951701149401,0.29853498458925787,0.36664848270217565,0.6393022308777574,0.16907890650858243,0.16523089931838403,0.25286681108246023,-1.6650645955232863,-1.8285637592429222,-2.034359523924171,-1.8368196031161927,-0.8622511620188207,-1.9863241188112548,-1.995522813550287,-1.7860284023787434,0.8454668811054342,2.2272272272272264,21.102034285685964,1.4784784784784788,0.5728476821192053,0.8269355930734004,0.8247354801720959,0.9270519704358964,0.22937327945827968,-0.3995705120517836
16,2.0,14.0,4,1.3418448366202953,1.8131580992446956,2,0.06358713951668038,-302.3294860529633,2.348554302049742,8.18801414387032,3.486406142163324,0.11058821072620661,0.4624294042367565,10.5582744389061,0.7438656721535819,0.1535483870967742,0.1096774193548387,1.4000000000000004,0.31763440860215053,0.10956989247311828,2.8989205103042197,0.316989247311828,0.17172043010752688,1.8459611772072637,0.07817678719833919,0.10012782702793536,0.1392449335069667,0.19705173480483376,0.07882280229872844,0.09795420893134486,0.1465662689613923,0.20212833706157846,-2.3349002206284686,-2.2793000935874326,-2.180219771807893,-2.033800034021081,-2.0917489452430216,-2.0483065980543884,-1.9379215108554353,-1.811754799788218,0.8164062008634538,2.095095095095095,8.470868266557403,1.4124124124124113,0.5927152317880795,0.8690664863017304,0.877270910741105,0.9499722120524395,0.18503041447746726,-0.37856345503973265
16,2.0,15.0,4,0.8279064092701984,0.7922403812652061,2,0.12326053798179393,-234.74764263964664,0.269497533134811,7.75616304093271,28.780089193071895,0.13263829718975295,0.14157307512159034,41.61233238088902,0.26641565467597883,0.10193548387096774,0.21537634408602152,0.47329006490264597,0.2564516129032258,0.3634408602150538,0.7056213017751479,0.47870967741935483,0.4301075268817204,1.1130000000000002,0.6298097055693022,0.500096204325386,0.46253727840925873,0.6946475742381798,0.6390585519210273,0.4788647423428841,0.4183172593109842,0.6487904986045278,-1.5056289415892392,-2.0331965318958876,-2.1859552798292805,-1.241921942655209,-1.404713040633066,-2.0281558027230355,-2.263794683890848,-1.3668382205207812,0.8299083419735468,2.2052052052052047,15.566543592710588,1.4564564564564557,0.6622516556291391,0.8010177168749314,0.8271678478526985,0.8836070885332812,0.22656687043471777,-0.5886005902934776
16,2.0,16.0,4,1.0284177181769105,1.3461363723261295,2,0.0445590990750937,-269.19541374792516,0.19660105870904193,4.751999388523927,24.170772119577485,0.030489121255297458,0.08167496471148272,2.7596830121409144,0.171674712636103,0.10193548387096774,0.17193548387096774,0.5928705440900562,0.2597849462365591,0.39322580645161287,0.6606508066721356,0.5259139784946236,0.4216129032258065,1.2473858709512877,0.623816414723336,0.5826137209286887,0.6894061523637359,0.7547479391316297,0.5226915412775281,0.5463599520493687,0.6261163156360661,0.7113807283078001,-1.6564888869167906,-1.8379210574132068,-1.36767067222195,-1.0799442857750265,-1.8937265900301514,-1.799821908469811,-1.4833876536642396,-1.1451001531830238,0.8257681187710986,2.293293293293294,17.22805447131392,1.5005005005005003,0.652317880794702,0.7979355642105137,0.8195578221061129,0.8542221305952591,0.22948246037866926,-0.560109468807417
16,2.0,17.0,4,0.8611595335047493,0.34668352154247595,2,0.09828958130354493,-257.0565057914275,0.2476935415576869,6.9598602420411595,28.098674669804556,0.12889799202185026,0.10460018930723725,21.249570740384037,0.2158560792400911,0.10526881720430108,0.17225806451612904,0.611111111111111,0.2961290322580645,0.3504301075268817,0.8450444921755139,0.47924731182795693,0.4140860215053763,1.1573617242274734,0.6554010399992565,0.574004263903935,0.5165671188142127,0.6510247583136126,0.7986698820767812,0.6361279640156502,0.3893225702227962,0.5934613079992646,-1.523182155572985,-1.8829688388215238,-2.1368501461462257,-1.5425260159587482,-0.8267127339445466,-1.4941512416404237,-2.5075970388189877,-1.6693513965274827,0.8491764996396692,2.1611611611611603,15.566543592710588,1.4124124124124113,0.6456953642384106,0.8589999974894023,0.8446087772146293,0.8904837128758633,0.21402742010457004,-0.5206914367701504
16,2.0,18.0,4,1.2412574207337936,3.1207867731248573,3,0.02355049406430554,-256.42878921119586,1.105015953838666,7.129948974117937,6.452349352377695,0.07366711283026917,0.06452323203834998,33.14468553394699,0.11397271071482706,0.10193548387096774,0.1086021505376344,0.9386138613861386,0.24989247311827958,0.295483870967742,0.8457059679767103,0.49709677419354836,0.4805376344086022,1.0344596106511523,0.6124029240659827,0.6555248715136162,0.8680444830723695,0.903837525316275,0.5878712840040388,0.6158526076730866,0.8210006960591459,0.9146916742820727,-1.7334129190949628,-1.540562803747378,-0.5901318972466845,-0.43005813588048714,-1.6772760473589088,-1.563398022989574,-0.7284890213688819,-0.3471867060299041,0.8381137723587355,2.3373373373373365,17.22805447131392,1.5005005005005003,0.6258278145695364,0.7922829065057535,0.8165848506922618,0.8010184426589463,0.22722960354471383,-0.5170632842904967
16,2.0,19.0,4,0.8937444005638792,0.4074271061036723,1,0.16497914708156958,-241.8346876764695,1.4683732424085219,10.248018927567779,6.979164855087054,0.23950350310518054,0.26084178347330267,3.316297054921748,0.42374740255875976,0.10193548387096774,0.20258064516129032,0.5031847133757962,0.2663440860215054,0.22537634408602153,1.1817748091603053,0.3970967741935484,0.34161290322580645,1.1624173748819642,0.16419525922414208,0.16308124227118384,0.2699181976679552,0.3419383051908343,0.13799781010602963,0.15729561437108389,0.18040568352243855,0.23704564739714007,-3.083448927334632,-3.087558756115267,-2.6934161059885473,-2.4277196909600756,-2.7929808352334273,-2.7304538508402527,-2.6555747136438703,-2.4720550712751965,0.8503466593033544,2.2272272272272264,18.124175473742394,1.4784784784784788,0.6423841059602649,0.746020646588926,0.8141023547775706,0.8634475815797039,0.22727581047770923,-0.43974559379506
16,3.0,0.0,4,1.1480550585393146,1.563301291170716,2,0.20753657772293232,154.3326615443057,0.9844175200347772,7.912807885114164,8.038060806592128,0.2858978451483005,0.2926387086697346,18.011097219443265,0.4337969172664381,0.10516129032258063,0.15634408602150537,0.6726272352132049,0.28913978494623654,0.12612903225806452,2.2924126172208013,0.2866666666666667,0.2733333333333333,1.048780487804878,0.057268771645704965,0.05881266344361794,0.0773318829293801,0.17751091564944546,0.052818584633866926,0.057113748339939846,0.06843553263794135,0.10346381564498726,-3.9816799386857125,-3.975159222266906,-3.8969422262782416,-3.4738302799871006,-4.050316501552756,-4.031949616230315,-3.9835356492486147,-3.8337484697465167,0.8496174587131513,2.2272272272272264,14.065272421052393,1.39039039039039,0.5993377483443708,0.7785656937877924,0.819975083751772,0.8972693872030917,0.2065402835157122,-0.44641081777965513
16,3.0,1.0,4,1.02428990621482,0.5267279589225295,2,0.21708112087924747,210.07538134357145,1.152525374115196,12.90023333157616,11.193014593262022,0.24405487168405604,0.26735818086569263,9.819143196511614,0.4680496432310166,0.10193548387096774,0.19311827956989247,0.5278396436525612,0.2631182795698924,0.11967741935483871,2.1985624438454625,0.3204301075268817,0.23096774193548386,1.3873370577281192,0.11499171128815096,0.15326938424023887,0.1529249890169292,0.19391211158669444,0.1248769217172951,0.153104615262401,0.16117132745302512,0.18341239131837955,-3.4921365523578474,-3.3410974462159757,-3.3424563884576663,-3.1807261191172724,-3.028634330473363,-2.9309436583126507,-2.903026303507525,-2.826054216677125,0.8737530802541971,2.0730730730730733,10.915359353313933,1.3243243243243243,0.6589403973509934,0.7585208268916908,0.8215016872786319,0.8853389440444346,0.21172297334146248,-0.4052731777416667
16,3.0,2.0,4,1.195608673310749,1.317005297648513,4,0.35275226553341765,178.68606470882764,1.217206551459228,10.110926593224566,8.306664617523827,0.4532533525208692,0.4054761262885539,18.920763285112706,0.686861156576461,0.10516129032258063,0.09322580645161291,1.1280276816608994,0.27311827956989243,0.1260215053763441,2.1672354948805457,0.20473118279569893,0.15462365591397847,1.3240611961057025,0.034243238649353504,0.039690691398686404,0.048882830687799805,0.08664673067198059,0.039938169049824404,0.04476373913252662,0.051412303740877956,0.08289987754308788,-2.71606125466909,-2.700741025040657,-2.6748893671803837,-2.568683467644371,-2.3891556472590136,-2.377147006104181,-2.3606017637373555,-2.282243566022547,0.8197941065850896,2.1391391391391394,15.566543592710588,1.39039039039039,0.6125827814569537,0.7951238754216197,0.8401052909941565,0.92252149388855,0.17980244857181457,-0.34122129789541583
16,3.0,3.0,4,1.2208413686217616,1.1035143634473599,2,0.25796326017670046,184.07105274650394,1.9521354276063607,14.471423152615019,7.413124595745575,0.3080423616904754,0.32037766692631287,6.525351895589582,0.5116582546115516,0.11161290322580646,0.12989247311827956,0.8592715231788081,0.26612903225806456,0.1429032258064516,1.862302483069978,0.25,0.24064516129032257,1.0388739946380698,0.09238850858630622,0.13500406879772403,0.14660738019645808,0.22092685088519606,0.08983356044444847,0.12965939572670163,0.14652986659297265,0.18319213128193118,-3.2181219024189844,-3.0670197304019613,-3.025877820117538,-2.7623629586793204,-3.1356046977119574,-2.9984011371606414,-2.940280857833793,-2.8139760806069005,0.8463030054158627,2.183183183183184,11.483124145435111,1.4124124124124113,0.6026490066225165,0.827122865045995,0.8357921996681075,0.9176657473058708,0.22540491925724665,-0.35248463428942156
16,3.0,4.0,4,1.4646086095797182,1.8406322874320376,2,0.17997260434950835,155.19314319398555,2.500817964715385,15.549117121582766,6.217612533566549,0.20191396608744105,0.2711977451694483,1.9127465253863754,0.6185675028408728,0.12451612903225809,0.23634408602150536,0.526842584167425,0.2724731182795699,0.2462365591397849,1.1065502183406115,0.31,0.18548387096774194,1.671304347826087,0.12246138370136163,0.1401575268266768,0.15933819360723306,0.17924276237701195,0.13541540570561628,0.17578011527605575,0.19391828390876187,0.21483384048104193,-1.7075884761715425,-1.6731538319151729,-1.6358304766218055,-1.5970984919283004,-1.3507685617404717,-1.287705466409664,-1.2593676170907062,-1.2266905644858102,0.846171994701932,2.2052052052052047,14.796880626863963,1.4564564564564557,0.5927152317880795,0.8926234322070662,0.8634503806924572,0.965074631228023,0.19917504595139476,-0.31351129120875576
16,3.0,5.0,4,1.4665672534701053,3.5836258118690436,2,0.1510212939033203,202.86887913711053,0.26743910913642654,6.383342354950439,23.868395222981977,0.21116258861393222,0.1929240324593774,6.374965228746974,0.3759226886675605,0.10193548387096774,0.16301075268817206,0.62532981530343,0.2565591397849462,0.25247311827956986,1.01618398637138,0.36946236559139783,0.31688172043010754,1.165931455717679,0.05507287096358146,0.05636431239398764,0.10752185156752216,0.26572825365132097,0.06009312269328078,0.06027938420798227,0.07839332793413871,0.1237983028730657,-4.246852943847316,-4.241048727128383,-4.011127774323635,-3.3000895325597255,-3.640522374946719,-3.6398009319737668,-3.5696405586157596,-3.393774383795637,0.8408648058256151,2.183183183183184,15.566543592710588,1.4564564564564557,0.5827814569536424,0.7217546271677544,0.7970311881281152,0.8504187149517436,0.2226940674973764,-0.43453867770554877
16,3.0,6.0,4,1.7103029543816164,2.912536097616247,2,0.34923371088055366,211.61071836926212,1.2109194635968685,18.805326970338523,15.529791646489771,0.47702935954516534,0.3993187421255059,4.151879488798917,0.7622980701969475,0.10193548387096774,0.14655913978494622,0.6955245781364637,0.2724731182795699,0.14645161290322578,1.8604992657856096,0.2343010752688172,0.13193548387096773,1.775876120619397,0.1047133467262623,0.10031987615804175,0.10353884173299448,0.17617425682757992,0.11369380784626074,0.12104367242069809,0.12029319261390017,0.147154704121684,-2.020681259909208,-2.0305974176121104,-2.023332142976534,-1.8593924466226794,-1.6768827322587518,-1.6629768596625505,-1.6643967601891057,-1.6135750405525593,0.8479767902990689,2.1391391391391394,8.911482322840202,1.3683683683683687,0.6291390728476821,0.8544333166620557,0.8671952966234565,0.9516582645936397,0.17887654825502558,-0.2958238933442938
16,3.0,7.0,4,1.0497895658071095,0.5863470472225143,1,0.040151050928416754,155.8378494610465,1.0786214974709292,7.6332096776326,7.0768195289361255,0.15432315515033812,0.3784890790066,10.94033784555307,0.6380780334217484,0.11161290322580646,0.12989247311827956,0.8592715231788081,0.29193548387096774,0.059784946236559146,4.883093525179856,0.37182795698924737,0.1749462365591398,2.125384142593731,0.1061472308732741,0.09729694573944549,0.09230181402825315,0.12328066798659192,0.10747604960144377,0.09735847380078039,0.09053933722201865,0.12003921365347221,-2.9508635642078866,-2.9800808859372587,-2.9965712439403753,-2.894301189448192,-2.8528827499882783,-2.885222786869666,-2.9070196216847726,-2.812725582224545,0.8309177399236304,2.2272272272272264,12.708787092020595,1.3463463463463456,0.6788079470198676,0.8224477498685542,0.8625527403317857,0.9375014522295244,0.18109109625545455,-0.3905220790128321
16,3.0,8.0,4,0.9228980629746306,0.8175257311565862,1,-0.0013119675105308648,192.365465460007,0.44158462726758435,1.6988368661417736,3.847137697373554,0.011264529633926879,0.012230408542536986,5.689083808191665,0.11148769207704579,0.10516129032258063,0.12129032258064518,0.8670212765957445,0.24989247311827958,0.26946236559139786,0.9273743016759777,0.5493548387096774,0.46784946236559144,1.1742128246380141,0.9238008895801818,0.8846408950023779,0.9726245024323631,0.9821073769275502,0.9804871073011577,0.8345314143364584,0.9351756465972134,0.9519024068274298,-0.337343460720696,-0.5107098953141929,-0.12119491996084708,-0.07921299022227579,-0.07962313699031132,-0.675201164031562,-0.26451835978192406,-0.19626414746343857,0.8308374662704175,2.271271271271271,13.717554919650922,1.4344344344344344,0.6291390728476821,0.785294496354097,0.812419203953005,0.843471835114836,0.24010599470228175,-0.5202782727771438
16,3.0,9.0,4,0.8101729551006975,0.20847193111807627,2,0.1002381242014787,187.99066959615502,0.45537078978701984,6.682000477025547,14.673757357494901,0.12028176603757812,0.1070601942771724,5.030146199684152,0.19209192092980398,0.10193548387096774,0.21924731182795698,0.4649337910740559,0.2696774193548387,0.31150537634408604,0.8657231618916119,0.4208602150537635,0.45408602150537636,0.926829268292683,0.17429477254592565,0.28659499928914467,0.5205715823635491,0.5739214973364427,0.21591140318636887,0.26956237441790665,0.36748673425690487,0.5019739350770592,-3.7422590529031696,-3.233292261608071,-2.1728642092420816,-1.9310718653877124,-3.004585633299987,-2.7989979764587227,-2.423757058636415,-1.9084092866001245,0.8352367541589752,2.2272272272272264,15.566543592710588,1.39039039039039,0.6754966887417219,0.7671685506969709,0.8238320454511304,0.8593039587145537,0.226645492553063,-0.538224220022193
16,3.0,10.0,4,1.4560069759186762,2.345704600996518,2,0.2986782266454384,163.16447352590887,4.100761950079854,13.206497448055114,3.2204984363449682,0.35835100204770887,0.34516295727296153,52.49710855737416,0.5076328335897482,0.11483870967741935,0.1631182795698925,0.7040210942649966,0.3055913978494623,0.24881720430107523,1.2281763180639584,0.2894623655913978,0.2544086021505376,1.1377852916314455,0.05408610262401984,0.07473176413115487,0.11289521789572449,0.2425610682370352,0.0604271108768886,0.07678166714543297,0.09767954268575905,0.14715759523700253,-2.450654260597408,-2.397165905604774,-2.298292814907302,-1.962357198066889,-2.1479245421974857,-2.110536966212039,-2.0627630678029996,-1.9496530317374234,0.8311144132680033,2.447447447447446,22.199661191199525,1.5005005005005003,0.5993377483443708,0.8655288777625446,0.8809916031103909,0.9674423492747379,0.17352474094976325,-0.4036371967791357
16,3.0,11.0,4,1.1882523562421883,1.1393520381733389,1,0.07907226123502475,188.96676275789832,0.6902253094257111,5.928139002051591,8.588701285068764,0.10085007511060573,0.1341066988139965,13.956827009094914,0.2526402014239686,0.10193548387096774,0.23935483870967741,0.42587601078167114,0.2532258064516129,0.3216129032258065,0.7873620862587762,0.4001075268817204,0.3495698924731183,1.1445709012611502,0.4216469910918303,0.24227365965292613,0.2722241418778453,0.3893089847842108,0.3931472157958675,0.10317233662576958,0.1397700445008309,0.2669956971922501,-2.4676678443123667,-3.2330028478504036,-3.1052126560995084,-2.6056449224728673,-2.475567855932257,-3.658478289214316,-3.5091832516458235,-2.990184666732132,0.8288779391921575,2.3153153153153148,12.708787092020595,1.39039039039039,0.6688741721854304,0.7701443783426498,0.8179641914742702,0.8873370468666225,0.2220177417660632,-0.47067618798430444
16,3.0,12.0,4,1.3792941036822997,1.6991484541000919,2,0.2843222644150505,186.09933835779347,0.7831763725006219,13.093891167527595,16.718955815431215,0.3441456877845366,0.4086996901523233,3.43047312277193,0.6321894381829314,0.10516129032258063,0.18623655913978493,0.5646651270207852,0.293010752688172,0.1661290322580645,1.7637540453074434,0.227741935483871,0.14161290322580647,1.6082004555808658,0.0939811083888279,0.13039240990982112,0.1555540183175604,0.20620991071572037,0.10909909905775098,0.15046894476615272,0.17837841574560112,0.22756424570467387,-2.486756455201977,-2.3868180985760823,-2.317756854146686,-2.1787212682648827,-2.015489728173463,-1.9218985116944824,-1.8587587707666866,-1.7474854125858266,0.8471783890933373,2.0510510510510502,11.483124145435111,1.3463463463463456,0.6059602649006622,0.857834442682136,0.8569120361988616,0.9411837625386681,0.20560477637887528,-0.3509079694309494
16,3.0,13.0,4,0.790470681521192,0.5532031725524589,1,0.032347703977899656,183.52628378302182,0.02763572587235452,2.8023623068263457,101.40360777097219,0.11758482747494714,0.06692498717495654,4.011587587919211,0.20526820774548404,0.10193548387096774,0.19279569892473117,0.5287228109314,0.2532258064516129,0.32440860215053763,0.7805767318528339,0.4811827956989247,0.42129032258064514,1.1421643695763144,0.11885273750634585,0.2623736679119462,0.39043473104373533,0.6910028376350849,0.13782707276207362,0.18972966933855848,0.2642495162545265,0.492025361744984,-4.7308086539378404,-3.9602563427809807,-3.272706813339288,-1.6589808673084359,-4.032885750133335,-3.790107027309368,-3.441534230327319,-2.3760937224168424,0.8584810112575695,2.183183183183184,16.37624074521689,1.4344344344344344,0.6158940397350994,0.6779787804460012,0.7906874718146305,0.8450187138965344,0.23404002456781406,-0.5392635291864978
16,3.0,14.0,4,1.1009667266569787,1.8740785972018958,2,0.018925771586069562,191.7273039303018,1.246258822601171,4.204485128065175,3.373685346748152,0.04228466550171439,0.03693585485008477,1.9683994165277814,0.11798412983264417,0.11483870967741935,0.1117204301075269,1.0279114533205003,0.2595698924731183,0.27645161290322584,0.9389342668222481,0.5889247311827956,0.48397849462365594,1.2168407020662073,1.0075228759175996,0.8722785551909034,0.854826089049303,0.903060094550985,0.9685633551426853,0.9601154370757318,0.9326536543560427,0.9664079591723501,0.031046082965657362,-0.5270923800245306,-0.5991167916620856,-0.4000603466304904,-0.11795606085442323,-0.14965419982954664,-0.2526958484646702,-0.12604350210002035,0.881688295349619,2.2492492492492495,16.37624074521689,1.5225225225225214,0.6357615894039735,0.7362399526730843,0.8037123470150819,0.8394678344126976,0.23849613502618247,-0.498887536205576
16,3.0,15.0,4,1.2167511926487309,2.316425990434312,3,0.11266051244588438,199.79430632228517,1.6480578310665501,8.65531372261691,5.251826458672007,0.18216915747106333,0.20370051970515501,11.169631251475696,0.4419669417083626,0.10838709677419356,0.17623655913978495,0.6150091519219036,0.29225806451612907,0.15903225806451612,1.8377281947261666,0.3682795698924731,0.31,1.1879986125563649,0.08502223332196622,0.15107599694673937,0.1631437563216278,0.2500514240547087,0.0967588202257869,0.11866430355233575,0.1482092325478882,0.20856430854138214,-2.9626019921041693,-2.748726837070384,-2.709652698587128,-2.428254790428171,-2.7703035685197452,-2.7031179264248424,-2.6125015727190677,-2.427388353628622,0.8533481888994712,2.271271271271271,17.22805447131392,1.4564564564564557,0.6423841059602649,0.7971441415648561,0.8316109849604958,0.9289557145141423,0.21125398440881268,-0.42403226883961675
16,3.0,16.0,4,1.2220396375520932,1.6111815771822933,2,0.32172273852064226,194.85423102054762,0.3449127390878979,16.167159739666236,46.873188222677335,0.41318149086221667,0.3224749054599987,6.66685742269477,0.7202683820280494,0.10193548387096774,0.09989247311827956,1.0204520990312165,0.27956989247311825,0.08258064516129032,3.3854166666666665,0.2670967741935484,0.170752688172043,1.5642317380352646,0.06399540819613247,0.05915397816880587,0.0809317684274202,0.17152818606478798,0.08473527860178726,0.07088982845477092,0.09051963903618326,0.16486194217519137,-2.050366389683693,-2.06097179214962,-2.0132664180747026,-1.8148102872223775,-1.5919772788649604,-1.6160595378381188,-1.581916178323189,-1.452607952310728,0.857168765056969,2.1391391391391394,11.199241749374522,1.4124124124124113,0.609271523178808,0.8637438114583561,0.8689129372867124,0.9430616663372728,0.185188643727081,-0.3298848951530656
16,3.0,17.0,4,1.0368293556305357,1.4861356414829254,2,-0.003385317427349044,181.60407867843853,0.1381029391774641,2.533276080430209,18.34339005033713,0.026340717588111517,0.032650232173506044,20.267636023508803,0.1256425487402617,0.10516129032258063,0.17526881720430104,0.6000000000000001,0.25311827956989247,0.366236559139785,0.6911332941867292,0.576021505376344,0.4901075268817204,1.1752961825362,0.5938232129536088,0.7355957778812265,0.7379333291987853,0.8600521800805591,0.3273037488568254,0.7935608448664054,0.7335484455646261,0.8806211883498674,-1.9934166772252682,-1.2976314814370191,-1.286159349279552,-0.6868297920158328,-3.09264823047824,-0.9490816794955643,-1.2249821920850117,-0.5488311700547879,0.8422468313225013,2.3373373373373365,15.566543592710588,1.4784784784784788,0.5993377483443708,0.8378905985045411,0.8258115097281089,0.8506337924918523,0.2293162298242658,-0.5506737250273515
16,3.0,18.0,4,1.7155820741584018,5.643141405538383,2,0.05457161074345429,185.25905192610793,0.2881990608842089,5.087727299186079,17.653517966285808,0.08473654131326946,0.06813944182399201,395.7846300240659,0.12075268283085494,0.10838709677419356,0.19591397849462364,0.5532381997804612,0.28215053763440856,0.39978494623655914,0.7057557826788595,0.433010752688172,0.4377419354838709,0.9891918447555884,0.44836323484540114,0.4471187466191977,0.3849242102846628,0.7191712597502518,0.2363718672580727,0.23840483809136978,0.2747140285829088,0.6976744528275136,-2.6228717090124274,-2.6287888870667095,-2.924505742996861,-1.3352586419294128,-3.4492831478629515,-3.4401002855053147,-3.2760928668350324,-1.3655945483387866,0.854298240344413,2.293293293293294,13.369837418249451,1.5005005005005003,0.6423841059602649,0.7709623523671215,0.8091068619424734,0.8702710396597619,0.2276144114224207,-0.47716111203624645
16,3.0,19.0,4,1.0187474589151813,1.084522314983042,1,0.07148289371483163,188.35140820492575,0.980138755183385,5.383373716663854,5.492460825770142,0.09304446861168914,0.1388072303390706,27.92801092875716,0.33690815169376764,0.10516129032258063,0.15548387096774194,0.6763485477178423,0.2764516129032258,0.3210752688172043,0.8610180843938379,0.5058064516129032,0.44698924731182793,1.1315852778445994,0.15856690436017232,0.45290513396102516,0.6157221348063665,0.6047061489291162,0.17499601587165217,0.19819048996723193,0.285958614766027,0.4293274020672411,-3.3967664191390723,-2.2085576128087556,-1.5512845345304975,-1.5957547735732116,-3.1784151049821587,-3.089055940377156,-2.7509199568386205,-2.1985765404336624,0.8516963916302109,2.3373373373373365,14.065272421052393,1.4564564564564557,0.6357615894039735,0.7392930136713758,0.8132322995073226,0.8218702926451265,0.22657418234804994,-0.5220615389866139
16,4.0,0.0,4,1.2716598983108742,1.7077240811054493,2,0.1280180219388718,-445.13512032562744,0.7298997285997249,9.460638888572777,12.961559674398739,0.14183827935907967,0.15577214827352848,12.827248144457958,0.2176432580572797,0.11827956989247312,0.2924731182795699,0.40441176470588236,0.2994623655913979,0.3344086021505376,0.8954983922829585,0.39268817204301076,0.37774193548387097,1.0395673213777399,0.15949334418794853,0.35000988699268026,0.44624296770896277,0.5982391750686945,0.17099359120394653,0.2634988117257017,0.43102068230737767,0.5494134098763058,-3.5372979896610293,-2.735503287382023,-2.3305034214050986,-1.6908227299890073,-3.194584473851014,-2.8381146829140125,-2.1925674819365133,-1.7363399241087705,0.8223067513902437,2.1171171171171164,12.708787092020595,1.4344344344344344,0.6390728476821192,0.7751321723239506,0.8165581182934114,0.8841168759437787,0.22464464438367598,-0.44234234090700275
16,4.0,1.0,4,0.9653312582752759,1.2266993995668853,2,-0.004029471556736164,-429.1226261806037,0.28564023888031753,2.5180566209069393,8.815482828250952,-0.005126391038028366,-0.001642227452325562,78.19692351538534,0.07873024756146862,0.10193548387096774,0.17516129032258065,0.58195211786372,0.2563440860215054,0.38247311827956987,0.6702277199887546,0.5230107526881721,0.5029032258064516,1.0399828950181742,0.1809219520349003,0.5700977380186864,0.6421381626248385,0.8344758587774697,0.17916108218966662,0.5988454307101679,0.6211644713277229,0.814295965186993,-3.880229777537277,-2.0365819380885206,-1.6953038371338098,-0.7841398060521754,-3.74976510055282,-1.8325585827034159,-1.7306005032683145,-0.8483351528107743,0.8434061499234371,2.2052052052052047,16.37624074521689,1.4564564564564557,0.609271523178808,0.772047110658271,0.8148680017786504,0.7751619403911365,0.24336147709407568,-0.49959759738381426
16,4.0,2.0,4,1.0561748473783052,0.648388859138953,1,0.122359574702813,-442.0612177257145,2.2421828933051984,8.074945219920934,3.6013766959115765,0.15517173757296632,0.15820852552659903,7.511450681225962,0.44577624622499135,0.10193548387096774,0.15623655913978496,0.6524432209222297,0.28935483870967743,0.17903225806451611,1.6162162162162164,0.3447311827956989,0.29258064516129034,1.1782432929070195,0.1357067715136311,0.11303709258075763,0.1971293525092579,0.3175155827009394,0.13575994003864417,0.1148212776583118,0.1431966536894019,0.18337997963686725,-2.804163631449742,-2.8777144670978876,-2.6048806079331124,-2.2142924634187136,-2.6422463587077822,-2.706262257754534,-2.619510049116503,-2.496657323832968,0.8643645153183529,2.2052052052052047,19.06690840512252,1.5445445445445445,0.6225165562913907,0.788417316878855,0.8240211521109133,0.9080548754151043,0.21423575765337852,-0.44278134449647155
16,4.0,3.0,4,1.4313785363771054,1.9260825163403004,2,0.250609070239984,-412.139611664835,0.8761275813871124,13.57442401949532,15.493661320425353,0.3724591541629598,0.33646422231770223,17.136767664746603,0.6410598391219575,0.10193548387096774,0.11000000000000001,0.9266862170087975,0.2596774193548387,0.059784946236559146,4.3435251798561145,0.22118279569892474,0.11526881720430109,1.9188432835820894,0.025480291684135077,0.028661453473678128,0.036965011650808406,0.05747033659090914,0.03504373164902146,0.032241847197544166,0.041887809031473044,0.060997975429512505,-2.877128172749207,-2.8677362537057376,-2.8432212018687975,-2.7826822024282456,-2.383227352889935,-2.3901473842772734,-2.3663240040459215,-2.319126143612395,0.8583073091366236,2.1391391391391394,8.911482322840202,1.2582582582582587,0.5894039735099338,0.8676291913809526,0.8660931799740872,0.9529061372012304,0.18704306991798458,-0.3430491759376244
16,4.0,4.0,4,1.552542850368104,2.3173920639076178,3,0.288671228858014,-444.03123454204086,3.6214568708817936,13.775748844870215,3.8039245905794643,0.378222362076194,0.31459364082144614,16.506192759146053,0.6089018377778999,0.10193548387096774,0.18956989247311826,0.5377197958026092,0.2595698924731183,0.15946236559139787,1.6277815239379634,0.24064516129032257,0.12494623655913979,1.9259896729776245,0.06628280187849944,0.08462375440341911,0.09303872615876038,0.13067991560276024,0.06814592846687922,0.08279544518782621,0.08987752415743887,0.12397770881469049,-2.790692508675301,-2.735875098311395,-2.7107244438245863,-2.5982225153923664,-2.594171713095879,-2.5533891881824218,-2.5336735164972044,-2.438742628548571,0.8459810630131801,2.2492492492492495,14.796880626863963,1.3243243243243243,0.6291390728476821,0.8115040395338611,0.8294222070542882,0.9276533547439241,0.21618770169858698,-0.33232264810397344
16,4.0,5.0,4,0.9080412453449772,0.7427974152635657,1,0.020254774071951975,-419.150115366876,0.10117751704926203,4.115768728660023,40.6786887906738,0.020564512067373864,0.04687640868893361,3.657309305443443,0.05080566917656326,0.10193548387096774,0.11860215053763441,0.8594741613780598,0.2563440860215054,0.29612903225806453,0.8656499636891793,0.5181720430107527,0.5219354838709677,0.992789451998352,0.8729222912506573,0.7235597138729157,0.7097395403828748,0.8142618868641265,0.9116508923256827,0.7256642135887179,0.6977927743799497,0.8335404365264862,-0.6457022662472749,-1.4046375323494869,-1.4748600554833575,-0.9437652107568919,-0.43931205700779774,-1.3641226472084291,-1.502712154368003,-0.8277128673188328,0.8779614325024567,2.1611611611611603,12.708787092020595,1.5005005005005003,0.6622516556291391,0.7738575316986379,0.8162541692009259,0.7622336551414148,0.2296491550402457,-0.5232730424371713
16,4.0,6.0,4,1.1056917946973097,1.364347857670304,1,-0.007181980292687795,-424.60164054127694,0.30662517716832877,3.1927443573250485,10.41253163490981,-0.03501553017101866,-0.000923198348773413,9.495728466778512,0.025298194168813293,0.10193548387096774,0.11182795698924733,0.9115384615384613,0.25311827956989247,0.2896774193548387,0.8737936154417223,0.5260215053763441,0.5063440860215054,1.0388617540879168,0.8297277028357467,0.9833106741716887,1.0332680671228798,0.9600799977013147,0.9036077830381181,1.0468040113682235,1.0834157401674531,0.9635994772128361,-0.9346196844225192,-0.09160722383297681,0.18260745237811182,-0.2191197309950681,-0.5120462624777655,0.2486281553161387,0.44311376302768757,-0.1933636576983666,0.8493053640555707,2.293293293293294,13.369837418249451,1.5005005005005003,0.6490066225165563,0.705214002049073,0.779391753694492,0.7445670218910938,0.2585475837093447,-0.5182701337102456
16,4.0,7.0,4,1.3571767581203715,1.1208863798917772,1,0.548893571765735,-365.60143899532045,0.29178614966545685,10.774987924054964,36.92768809077768,0.6069794974603584,0.5865453828004271,2.3577382345359172,0.7760732972402142,0.10193548387096774,0.20989247311827958,0.485655737704918,0.24989247311827958,0.13311827956989247,1.877221324717286,0.24666666666666667,0.15516129032258064,1.5897435897435899,0.04464972977042842,0.04065890263951896,0.04846032606681648,0.06420720466009648,0.07680732680138956,0.07590864238396552,0.08907018317114983,0.12622446600636733,-3.291686798667982,-3.3054373081846893,-3.278557279668778,-3.2243009571439813,-1.5225767626641327,-1.5240589191528724,-1.5023522302403707,-1.441075479112838,0.8561068836580751,2.271271271271271,10.375666787451848,1.2582582582582587,0.6127946127946128,0.7805431812681232,0.8019504791890049,0.9275897270987749,0.27689311606772377,-0.2799684830322713
16,4.0,8.0,4,1.0903535154459887,1.0479119432047073,1,0.09771243181139555,-465.22978683904404,0.6357144314357345,10.214158709877728,16.06721226511954,0.1524258088543219,0.12496197265871434,17.200156465229394,0.4036162055165998,0.11483870967741935,0.14978494623655914,0.7666905958363245,0.2888172043010752,0.09623655913978493,3.001117318435754,0.3730107526881721,0.2867741935483871,1.3007124109486314,0.09233340247204679,0.1358571584730942,0.17720414491746828,0.2170160662438282,0.101171191240422,0.1375876582231688,0.18225354675819744,0.2252755263049792,-2.7116350639428264,-2.5816087489849293,-2.458085487760721,-2.3391482016189715,-2.4234500236048158,-2.325262819424372,-2.204833269804207,-2.088836078423504,0.8166400793178706,2.2272272272272264,14.796880626863963,1.4784784784784788,0.6556291390728477,0.8577923172798957,0.8421236173967042,0.9263275901817584,0.21419129013034952,-0.4384959870837507
16,4.0,9.0,4,1.315255707484605,2.026639733200515,1,0.030656010675625178,-440.9202841813799,1.4208330710984738,5.83385489006772,4.1059396833700195,0.07733878952163786,0.09131232851786919,104.73919546093857,0.18903173011555108,0.10193548387096774,0.3391397849462366,0.30057070386810397,0.2627956989247312,0.34430107526881726,0.7632729544034977,0.4343010752688173,0.3853763440860215,1.1269531250000002,0.5507586632042581,0.3896191546811484,0.3367347336261815,0.43959798272155415,0.6808616994510797,0.45266915133423313,0.19559911408281475,0.3448603400385553,-1.8363498772631592,-2.495034847816526,-2.711208855324604,-2.2907379427445758,-1.1048730010703443,-1.8948871893582884,-2.7848767113138373,-2.268126768165355,0.8222440132062466,2.359359359359359,20.0586777950823,1.5445445445445445,0.5794701986754967,0.8043065750259133,0.815981446794397,0.8813351353244012,0.22472922222306715,-0.4197963477756844
16,4.0,10.0,4,1.6237863621094677,2.8943927066835125,2,0.2992301083774822,-459.5114336766789,1.3513633086434735,18.147013462816574,13.428671140281972,0.5032543358249257,0.4451561985471716,34.48388882506975,0.7447367786784496,0.10193548387096774,0.11666666666666667,0.8737327188940092,0.2794623655913978,0.08612903225806452,3.244694132334581,0.20064516129032256,0.12182795698924731,1.6469549867608118,0.05275620345981326,0.05484242906987891,0.0568946693315499,0.08701633876417951,0.05951460591682157,0.06389186462321228,0.0665695147585922,0.09361814038300459,-2.1091466928218203,-2.1045014728034666,-2.09993192505178,-2.032862581659772,-1.7271841704153703,-1.7191454151140602,-1.7142279597693686,-1.6645536550923468,0.8391926472694369,2.1391391391391394,16.37624074521689,1.39039039039039,0.6291390728476821,0.8280466889968349,0.8409392615295663,0.9499836239587435,0.2042282375715986,-0.32070660414883717
16,4.0,11.0,4,1.484255692416581,3.305213234919102,2,0.13777770375072773,-416.3398671578536,0.645271277171911,10.723171664274888,16.6180830352039,0.19659949458122672,0.16316141437470633,141.2250267247544,0.4325360242060603,0.10516129032258063,0.179247311827957,0.5866826634673065,0.29268817204301073,0.31408602150537634,0.9318726463539883,0.436989247311828,0.2956989247311828,1.477818181818182,0.22026315870126104,0.3575505848441256,0.42157058938471237,0.5900962736606506,0.228396478580772,0.31166571244596264,0.3422334475196829,0.5897721314509543,-3.0012952837381204,-2.4728604544785124,-2.2264402168858903,-1.5777657992918028,-2.6728176677179274,-2.384374868697452,-2.278488905117498,-1.421020335458559,0.7945240367723336,2.1611611611611603,20.0586777950823,1.5005005005005003,0.5728476821192053,0.7808896202211086,0.825774335763215,0.8773256374995632,0.22388326799613611,-0.4239249249337888
16,4.0,12.0,4,0.9671048039367981,0.909402442459236,1,0.16529223104270552,-411.7508825840985,1.3147237049348681,10.999311581368357,8.366253335268848,0.15566343500326507,0.17020548739134356,6.58405766799251,0.1980319766797104,0.14516129032258066,0.2190322580645161,0.6627393225331372,0.25989247311827957,0.2727956989247312,0.9527000394166337,0.37290322580645163,0.40989247311827964,0.9097586568730324,0.7392483015317303,0.8205500952522993,0.6517045463818476,0.8586147479716963,1.1366267532496046,0.6362337879812323,0.3974321602404666,0.7547746601540486,-1.0882301929597364,-0.7489224638510272,-1.4535883406489245,-0.5900621204012779,0.502071604699255,-1.3367563925783386,-2.2142969444317684,-0.9011462027824582,0.8390793903650942,2.2272272272272264,14.796880626863963,1.5225225225225214,0.6622516556291391,0.7590172434933221,0.8137796908979145,0.8609180409691737,0.2314025657110302,-0.518094162636275
16,4.0,13.0,4,1.20231580793195,1.1001589760869868,1,0.17610099752322128,-400.84190771741385,1.5282723375900948,11.293455499922063,7.389687833865075,0.24618754688603883,0.25341372062184886,5.000208451478367,0.5937887494535523,0.11483870967741935,0.11989247311827958,0.9578475336322869,0.2725806451612903,0.17268817204301076,1.5784557907845578,0.27440860215053764,0.20161290322580644,1.3610666666666669,0.0761521631758387,0.08607288946792255,0.10758678737015885,0.163206084260624,0.09295300253501142,0.10527819128454488,0.1341969176994771,0.17725073226264812,-2.517385648995595,-2.4903527405448296,-2.431729690650354,-2.2801731093408155,-1.9187118311000597,-1.8926398794367347,-1.83146697145319,-1.7403935611368377,0.806174081506052,2.3153153153153148,12.080421346773264,1.4344344344344344,0.5695364238410596,0.8802667996512977,0.8601442352882589,0.9506156200387195,0.21469647755961788,-0.4151992408098217
16,4.0,14.0,4,0.7337183798977049,-0.05554513758304003,1,0.0028746080763895066,-432.10313331547803,0.4274758075499861,3.540213891113329,8.281670748582329,-0.0067257230033710425,0.0012825138924950075,27.778110937820323,-0.02347025226653332,0.10193548387096774,0.10838709677419356,0.9404761904761904,0.2627956989247312,0.2894623655913979,0.9078751857355126,0.5310752688172042,0.5366666666666666,0.9895812462432377,1.0845977123809614,0.9923563402040568,0.9429900367689293,0.8974010436307559,1.1082013489996905,1.0066690666905471,0.9755209033687031,0.9194388341551549,0.35235543250926327,-0.031836381594159135,-0.23745051356899172,-0.42733188202166916,0.42572110734199065,0.026239621619185804,-0.09631366171448663,-0.31697006598621336,0.8610421803865623,2.2492492492492495,16.802147608265408,1.5225225225225214,0.6589403973509934,0.7697497576951478,0.8124906766916089,0.8175484721532904,0.22882573989465801,-0.5746542283004599
16,4.0,15.0,4,0.7309140645487846,0.41639592126201697,2,0.008561937272105857,-437.39520325022426,0.22689526576981106,2.235810166468286,9.853930441794903,0.04166960613543602,0.009267278440795002,5.19079417009755,0.03376252045523298,0.10193548387096774,0.12526881720430108,0.8137339055793991,0.2563440860215054,0.2732258064516129,0.9382133018496656,0.5169892473118278,0.48365591397849467,1.0689195197865715,0.773163975629282,0.8599567229483416,0.8098917160502538,0.9877399379597123,0.7973090026764269,0.9090624756225679,0.8344640715924803,0.9732084596624917,-1.2945431357341928,-0.7992207741952866,-1.084939549245247,-0.06996763059112521,-1.1286712474001908,-0.5063795157646336,-0.9217757338625265,-0.14918689853913492,0.8665525072483092,2.1391391391391394,13.369837418249451,1.4344344344344344,0.6390728476821192,0.7022284714278965,0.8047230513116529,0.6951236955051399,0.24472334632984144,-0.5534059671303004
16,4.0,16.0,4,1.0921016042584608,1.389990610323835,2,0.0941946762891438,-407.24494339365657,0.41629757846129095,5.317982714158495,12.774474292679516,0.09963661071618235,0.09735833519459591,8.157982166683265,0.2697093119143499,0.10193548387096774,0.28225806451612906,0.3611428571428571,0.24989247311827958,0.4046236559139785,0.6175923465320224,0.4569892473118279,0.4282795698924732,1.0670348983178506,0.551122009481582,0.6010607114184812,0.5285209424340032,0.5956385944597111,0.7036662654615227,0.6132999048830929,0.5019665317456355,0.5526359190773831,-1.747192672893081,-1.5528134964554656,-1.8351640583902604,-1.5739183027102595,-1.0194579767329124,-1.330339582107615,-1.7133526585578274,-1.5390380089889222,0.8357964905238364,2.271271271271271,17.22805447131392,1.4564564564564557,0.6456953642384106,0.7896751184621413,0.828958878547208,0.8864451160306215,0.22857864259546587,-0.5215316858342712
16,4.0,17.0,4,1.6890725283005963,6.383952272898185,2,0.05546630670300412,-429.96700787961663,0.2659733625255323,5.465559463239669,20.549273849613414,0.04745265267532062,0.06538382738276427,13.348368328058767,0.1519954171999245,0.10193548387096774,0.13311827956989247,0.7657512116316639,0.26634408602150533,0.31548387096774194,0.8442399454669391,0.41483870967741937,0.3786021505376344,1.095711445612042,0.46578924776993946,0.27527618809382864,0.23015947081804422,0.44449382953065786,0.20587842972651696,0.1580186185478914,0.15756107749287893,0.27448125321482203,-2.627932709316424,-3.565119950465763,-3.7870617525936154,-2.732690851895855,-3.5633700565521504,-3.778125862778925,-3.780178933940955,-3.2555365255614586,0.8601222830928299,2.2492492492492495,13.369837418249451,1.4344344344344344,0.6390728476821192,0.7535365128443594,0.8116322195641115,0.8634804755853838,0.2186326181100057,-0.4530726328823724
16,4.0,18.0,4,1.0017557445975627,2.143031066014591,2,-0.00660035074870402,-429.3335680765823,0.9039776292759335,2.5768168788198325,2.8505316894664827,-0.005974668801454586,0.01991450004719908,6.1299654939620485,0.09106915513804326,0.10193548387096774,0.1086021505376344,0.9386138613861386,0.25311827956989247,0.26956989247311824,0.9389708815317113,0.5096774193548387,0.4972043010752688,1.0250865051903113,1.3132362957012351,1.0236414455734666,1.0209447805942506,0.9829079916011394,1.29860356565964,1.0125588700650014,1.0349535056267625,0.9796977413612465,1.820320855522362,0.1373883455483238,0.12171712363250276,-0.09932737609975106,1.6657895824417954,0.07006090123306041,0.1949915950074388,-0.11325816175625647,0.8845998875342608,2.183183183183184,15.566543592710588,1.4564564564564557,0.6887417218543046,0.6492213010943857,0.8019736332263747,0.5655567632235659,0.2396642794786806,-0.5211797331596043
16,4.0,19.0,4,1.07487277254609,1.2761166961145678,2,0.18424013119119098,-401.9630649419812,0.47361143231170666,9.264067911187704,19.56048203053209,0.2905062673995016,0.19002119246053173,13.602351493010067,0.40971174275095856,0.10193548387096774,0.12967741935483873,0.7860696517412934,0.29301075268817206,0.13591397849462367,2.1558544303797467,0.3052688172043011,0.2768817204301075,1.1025242718446604,0.1035469761353811,0.1376016146255452,0.156438858355008,0.3101622864004154,0.10348504694955107,0.13015948117214207,0.15410903256483002,0.2166537258595589,-3.257751453858132,-3.1339953337954487,-3.0655399250761124,-2.506901928577357,-3.136079024830641,-3.0427697795357833,-2.9589923862852263,-2.7402061852423225,0.8609128755080238,2.293293293293294,10.915359353313933,1.5005005005005003,0.6125827814569537,0.8314356085422665,0.8510661764182693,0.9188209714620903,0.2045215356453764,-0.4112530064494239
16,5.0,0.0,4,1.1451870445723225,2.1018698703633127,2,0.0037215567893509327,47.32338003519687,1.1195140701118795,3.4208048398309483,3.055615763265117,-0.022042211901351916,-0.008526644583757514,32.421006125124556,-0.05097786087965939,0.10193548387096774,0.10516129032258063,0.9693251533742332,0.24989247311827958,0.27301075268817204,0.9153209925167389,0.4549462365591398,0.47451612903225804,0.9587582143666441,0.7185482094121162,0.9337612029659609,0.9426489597571511,0.9841981465193163,0.7536394925392728,0.9476458988323352,0.9507637517132164,0.9806105137572457,-1.3582873685235644,-0.31966867622196826,-0.2767763295121908,-0.07625980256597753,-1.1253566086804585,-0.2391496687022734,-0.2249075469411288,-0.08856974158360487,0.8389920755167799,2.2272272272272264,17.22805447131392,1.5005005005005003,0.6589403973509934,0.7545343465667224,0.8135556899958031,0.7834480752163804,0.22599673327029376,-0.5142430527059105
16,5.0,1.0,4,1.7849046240345552,7.7842210421546625,2,0.04675259489699812,36.45117465278538,0.7000059133912556,4.511506420703777,6.444954727378357,0.08867466500569543,0.08537232275193096,4.185359600430885,0.16713718191167715,0.10193548387096774,0.24849462365591396,0.4102120294244916,0.2627956989247312,0.3935483870967742,0.66775956284153,0.4063440860215053,0.43043010752688177,0.944041968523607,0.7170010704368814,0.7827172388974472,0.684187904668719,0.7982248439235807,0.38338692796307156,0.4560992140253274,0.41335397840513166,0.644967459128333,-1.4986147215756063,-1.1506161702998812,-1.6723761324670967,-1.0684959826920322,-3.113421242179434,-2.7462801836128117,-2.9621107110816034,-1.7926409681249615,0.8408631800503455,2.271271271271271,17.22805447131392,1.4784784784784788,0.5993377483443708,0.6556053809324933,0.7854403207332716,0.7363497788333098,0.2314822264144738,-0.4950040427781342
16,5.0,2.0,4,1.3114192870962273,2.837048656843664,2,0.050696981978426425,39.49904491341832,0.04804764468245917,4.868114851613724,101.31849092263484,0.03044623059716356,0.04764896668926788,18.993528285218755,0.01615318438417601,0.10193548387096774,0.10516129032258063,0.9693251533742332,0.25311827956989247,0.3898924731182796,0.6492002206287919,0.4897849462365591,0.5599999999999999,0.8746159754224271,0.7624763573546278,0.9222675253266904,0.9242784549345607,0.8681272665561719,0.7805317683423058,0.9248474114811357,0.9418266868662131,0.8917145747566386,-1.2704475768132246,-0.41576928085363196,-0.40501338043459434,-0.7053503928515639,-1.1335113692215435,-0.3881487214305652,-0.3004540170774215,-0.5592734752872213,0.8422560196205944,2.293293293293294,19.06690840512252,1.588588588588589,0.6390728476821192,0.7742289672716542,0.800160439309576,0.744136321159377,0.2483527800407612,-0.5200436726336051
16,5.0,3.0,4,1.0435719600775932,1.4971141750532189,2,0.1313163230936667,4.258629768283817,0.4727826759229376,9.21134985935633,19.48326435898797,0.19042991289428002,0.22270060062639085,3.3287252509950984,0.37982847642044537,0.10516129032258063,0.12301075268817203,0.8548951048951049,0.29591397849462364,0.11612903225806451,2.5481481481481483,0.3505376344086022,0.27279569892473116,1.2849822625147815,0.05489684657183947,0.2040283531189234,0.1502995148080727,0.24813818089336612,0.05397476688076051,0.0650813204633155,0.0728058905137345,0.13687905303939377,-3.2823772194971435,-2.764438137372765,-2.95104032387683,-2.611243120175334,-3.173424240351466,-3.13616751068747,-3.1102555825632408,-2.8953233376330703,0.8314374711606742,2.183183183183184,14.065272421052393,1.4124124124124113,0.6357615894039735,0.8299935274139691,0.8401161727776634,0.9082667014301876,0.2047352578714403,-0.44497344759652085
16,5.0,4.0,4,1.5528765686313208,2.730877158633671,3,0.09990382460398828,55.64119701033981,0.2983653637792518,8.656437642308278,29.01287714050086,0.18603118339807834,0.1811087965374114,3.7060297368751667,0.2969532900129034,0.10193548387096774,0.13634408602150538,0.7476340694006308,0.2565591397849462,0.16913978494623655,1.5168467895740623,0.3231182795698925,0.2574193548387097,1.2552213868003341,0.037330464343963865,0.04613575766750862,0.19822635115004658,0.2207834946764862,0.04101134207271283,0.04875400333406398,0.07338142262659053,0.11794552132747965,-3.5662455802861475,-3.5336260392753114,-2.9702007030403066,-2.8866369146108486,-3.0735940481970303,-3.0487785330463817,-2.9698467451318455,-2.8270171637827164,0.7954928273604759,2.381381381381381,20.0586777950823,1.5225225225225214,0.5894039735099338,0.7874128810213377,0.8301434057068181,0.8923696040627886,0.21182487536455158,-0.3890057626104504
16,5.0,5.0,4,0.9446539469702145,0.45037662016785607,2,0.03450751913504713,25.894468978291943,0.7741179074247381,5.418313378429654,6.999338636222465,0.04943959486885774,0.057396089378412785,13.98723326835047,0.12008229128507175,0.10516129032258063,0.28215053763440856,0.37271341463414637,0.26623655913978495,0.334516129032258,0.7958855673416909,0.3968817204301075,0.39763440860215055,0.9981070849107625,0.24510493811909065,0.4511128195280429,0.5620330765870918,0.5802144829272021,0.2603863656090144,0.27319074123949366,0.423522583303952,0.42919993479276947,-3.452839072327686,-2.510572924283266,-2.003231153452429,-1.9200706277436215,-3.249075531282322,-3.1928267256628935,-2.5324285300206215,-2.5074882869706197,0.8130070279105006,2.293293293293294,14.065272421052393,1.5005005005005003,0.6158940397350994,0.7737200609689264,0.8204095443885772,0.8601131743632969,0.2203606768367434,-0.5238299478614261
16,5.0,6.0,4,1.2517280989199076,1.6027992522942975,1,0.18517717904172515,22.01616665449314,3.2749080016290395,12.058883955884232,3.682205408483467,0.21447484604053324,0.20936718405932675,2.7474475304049744,0.38962885247182333,0.10516129032258063,0.11322580645161291,0.9287749287749286,0.27935483870967737,0.22559139784946236,1.2383222116301238,0.34419354838709676,0.3517204301075269,0.9785998165698562,0.058795792582834294,0.08875918048977353,0.09130543837447047,0.3504394338255989,0.06232102597951011,0.09382376049251548,0.09324912662118649,0.15980358867754219,-3.0441280567040203,-2.9472177485236917,-2.938982410214187,-2.1008677271494953,-2.8272398222904798,-2.732254450970564,-2.733987056488306,-2.53331557862627,0.8740595514377563,2.271271271271271,22.199661191199525,1.5445445445445445,0.6390728476821192,0.7999218065176338,0.8189086359193248,0.9141693307697245,0.2207294898916478,-0.40934537865371684
16,5.0,7.0,4,1.0519364909009288,1.04316944590573,1,0.01553788839261061,30.933877089656598,0.564390377102011,2.361729426201945,4.1845671400862186,0.026531480495710857,0.016973528352576928,12.050898708495778,0.10162556557711422,0.10193548387096774,0.12129032258064518,0.8404255319148934,0.24989247311827958,0.399247311827957,0.6259089684890924,0.532258064516129,0.48301075268817206,1.1019590382902937,0.8232724743584232,0.7704318633602971,0.8830321742193663,0.8351417674400582,0.8138531244090143,0.8138553724404237,0.9223096373338697,0.8017264691050952,-0.8083408330410848,-1.0500305378992425,-0.5350036412679691,-0.7540514164808361,-0.8202507433721835,-0.8202408374877637,-0.34234030266384874,-0.8736864940184308,0.8284671635836259,2.3153153153153148,24.569164629827903,1.588588588588589,0.6556291390728477,0.7895721295183514,0.822545862891421,0.8546044184677792,0.22195263799272794,-0.5150579184483388
16,5.0,8.0,4,0.9938495344986009,0.8384048236223212,1,0.14707996770579113,36.153588435606814,0.4406136251620035,8.732160776689827,19.81818145882169,0.22440731802478397,0.1946194264911416,6.332768536654681,0.35187870972075086,0.11483870967741935,0.15268817204301074,0.752112676056338,0.26290322580645165,0.2682795698924731,0.9799599198396796,0.37989247311827956,0.39064516129032256,0.9724745389485274,0.10262144558133937,0.1352611985873994,0.3523213178270067,0.6040026393116713,0.11120390813545966,0.12671320596466104,0.217533056253991,0.35131557789064155,-4.08654845141734,-3.9379111439568693,-2.94944681106704,-1.8033219014628505,-3.9581739628133064,-3.8891046910073523,-3.4846466043750177,-2.8888581005002694,0.8597408650632701,2.2492492492492495,12.080421346773264,1.5005005005005003,0.6556291390728477,0.7471148732152388,0.8105762208299299,0.8640210613299377,0.2303324729762084,-0.4610836405182044
16,5.0,9.0,4,1.07655099532398,0.8029892429404044,1,0.09246970356134676,9.39011806814031,0.025169724523504154,8.030626403264701,319.0589708586397,0.14106159618594727,0.18791236455099725,28.624476142051144,0.4317063907830039,0.10193548387096774,0.18311827956989246,0.5566647093364651,0.2954838709677419,0.1955913978494624,1.5107201759208353,0.36268817204301074,0.3021505376344086,1.2003558718861211,0.09719911397750233,0.20095198794861377,0.18654525220402418,0.28995020488720585,0.09280649885488786,0.12051396670654906,0.1522036448599523,0.1752917775787429,-3.7121166504409775,-3.285507885471656,-3.3447451818279,-2.919566991890086,-3.563400612610186,-3.4545673727425497,-3.33009225425601,-3.239403480394298,0.8486649438350113,2.271271271271271,16.37624074521689,1.4344344344344344,0.6721854304635762,0.7970617171424083,0.8370260343468289,0.9119086983449843,0.20587735606017518,-0.45953763098986355
16,5.0,10.0,4,1.010846448650693,0.8123090122808065,1,0.20036598000751527,31.771588193466783,1.2932255291515748,7.719125001159752,5.968893149073473,0.24965273832568646,0.2120637173237615,30.260770377248946,0.3434654569140392,0.10193548387096774,0.1763440860215054,0.5780487804878048,0.2632258064516129,0.23591397849462364,1.115770282588879,0.35193548387096774,0.3,1.1731182795698925,0.09889009912016047,0.1072837686084095,0.14603696372629432,0.3539796178879554,0.12288847047302148,0.11883609192614948,0.15117257894393696,0.19195428919680338,-4.587076660950717,-4.5443489033579,-4.3470767651992235,-3.2885500585347334,-3.8137928816001296,-3.831413140752286,-3.69080996789136,-3.5134858864877794,0.8492088070558554,2.1391391391391394,14.796880626863963,1.3023023023023015,0.6622516556291391,0.7571261166987919,0.8115742840681642,0.8633285264457191,0.22080495600773434,-0.43391472497541606
16,5.0,11.0,4,1.323070814328551,3.2969794605432874,3,-0.007704620371902893,28.20203132668544,1.265758858274434,3.156247833485184,2.493561718215419,-0.021835312277819208,0.0030960416973531135,9.591748328070327,0.04232101277204381,0.11161290322580646,0.2186021505376344,0.5105755041810133,0.2563440860215054,0.2858064516129032,0.8969149736644094,0.5091397849462366,0.4963440860215053,1.0257798960138649,0.7216100162764904,0.7374039559169203,0.682294401033336,0.8808433735585942,0.90381478301864,0.7922914260625425,0.3490189849281795,0.9106037396019868,-1.0468759396654863,-0.9874833739526458,-1.1947209558571665,-0.44808438724974753,-0.3526737231050068,-0.7615864307459086,-2.3868938019919135,-0.32778126385411,0.8480170659483178,2.381381381381381,20.0586777950823,1.5005005005005003,0.6390728476821192,0.7515626304838114,0.8148223896107747,0.7728592538265195,0.22382588058099687,-0.46896052071523475
16,5.0,12.0,4,1.1027125727969687,1.3736508978031887,2,0.07600113012302023,15.752142435799033,1.0686819557153726,8.756927356149001,8.194137937219253,0.12257955056999159,0.0884339844157378,46.03859499023678,0.20084408325575587,0.11161290322580646,0.21258064516129033,0.5250379362670713,0.2627956989247312,0.350752688172043,0.7492335990190068,0.39387096774193553,0.3732258064516129,1.0553154710458081,0.10316932497451764,0.13951022343789807,0.2989650825375709,0.5099076279030048,0.12003180391935842,0.14840275975977338,0.2270318166870352,0.36572090567833104,-2.9080540672103083,-2.790215437772809,-2.273168725997395,-1.5891685640044806,-2.389263470018214,-2.3122314946571505,-2.098740218228027,-1.722175729314792,0.8369044571734869,2.425425425425425,18.124175473742394,1.5445445445445445,0.6788079470198676,0.8097041626123447,0.8349343552645132,0.9229297486965984,0.21691701578314357,-0.46764778532584805
16,5.0,13.0,4,1.3071295139137284,1.102203525632203,1,0.25070006804505496,17.658194445329432,3.181898912333178,13.483213025128455,4.237473721389117,0.3332496008539009,0.4107248090184128,8.130355750341431,0.5780975616990636,0.10193548387096774,0.16989247311827957,0.6,0.2595698924731183,0.21279569892473119,1.2198079838302174,0.228494623655914,0.09236559139784946,2.473806752037253,0.10900762317638682,0.10758571562381489,0.11824438502633129,0.15195973700407045,0.15255271851716612,0.13479943012449902,0.14853284137933245,0.18736998027847085,-2.0276106395161255,-2.030846441479192,-2.0065907552962496,-1.929865512563193,-1.4712772308115603,-1.502099217683072,-1.4782562533806172,-1.4108299964078101,0.8459373035702156,2.2492492492492495,12.708787092020595,1.4124124124124113,0.5993377483443708,0.8711046682226743,0.8687462807460272,0.9630724373809227,0.1870481810125801,-0.3420248846538057
16,5.0,14.0,4,1.296792695749856,1.8664763372014797,2,0.18690367583432688,11.82164598215602,0.8182538238157568,12.033122200180157,14.705855139260077,0.20861114044321172,0.26755076813901457,29.156763639940348,0.37459235141103986,0.1309677419354839,0.1661290322580645,0.7883495145631071,0.31451612903225806,0.26161290322580644,1.2022194821208385,0.316989247311828,0.26107526881720433,1.2141680395387149,0.2787645805017896,0.28805773433182286,0.33857804017668414,0.45810928570851206,0.272174853716993,0.2723098739137292,0.28894120296294884,0.42338355352617163,-2.1162841295993893,-2.089015704570973,-1.940776560192329,-1.5900421521591652,-1.8215297289453272,-1.8211918135770289,-1.7795685467117124,-1.4430993554082057,0.8300049452235043,2.359359359359359,18.124175473742394,1.5005005005005003,0.6456953642384106,0.8547317070964066,0.8561771069509472,0.9302262981387862,0.20906435668225093,-0.4280129214884999
16,5.0,15.0,4,1.2908069712485994,2.075435121161333,2,-0.007078825295645741,52.75338120802078,0.46685910122586527,2.2628836219898796,4.847037609523011,-0.0038098870417231367,-0.003786090533951292,143.74138698239133,0.01091802347693338,0.10193548387096774,0.12526881720430108,0.8137339055793991,0.24989247311827958,0.3786021505376344,0.6600397614314115,0.5001075268817204,0.4380645161290323,1.1416298478154148,1.0509368790553502,0.908074271375469,0.9424474203935906,0.9478102605597243,1.098755502475329,0.8985034791942492,0.9345468270657435,0.9257844789939251,0.27097388332120165,-0.48902626396588644,-0.3061680707637171,-0.2776388469008051,0.4935094260307329,-0.5072070767851713,-0.32708818240021387,-0.37087613607585723,0.8497287627425051,2.381381381381381,23.354381399064817,1.5665665665665658,0.6788079470198676,0.699385791433025,0.7843723661389207,0.6907196554656656,0.2564365785374062,-0.521571702628281
16,5.0,16.0,4,0.8018473790389242,0.37955468924865476,2,0.0016539946076390422,34.863625445565425,0.811911685716289,3.2280083704361857,3.975812181577797,-0.010647805163662039,0.008923193697535359,18.923975860883747,0.03956172843914685,0.10193548387096774,0.12129032258064518,0.8404255319148934,0.25311827956989247,0.2852688172043011,0.88729739917075,0.5431182795698924,0.48247311827956996,1.1256964564296856,1.166407113876141,0.8751429156817055,0.9724143614001685,0.9891401365050007,1.2499445618882201,0.8707466667328814,0.962483405898103,0.9903904434659507,0.6422599620560558,-0.4818947001050966,-0.10646871271144676,-0.0419144071053581,0.7796628192612789,-0.40318548022271994,-0.11702712515764757,-0.02997550289787121,0.8635279946712138,2.271271271271271,21.102034285685964,1.6106106106106102,0.609271523178808,0.7287734469260412,0.8132124326126214,0.8147856003612458,0.23640270741564604,-0.5534187076497885
16,5.0,17.0,4,0.9081449741559287,0.27421435507718517,1,0.1327441606183688,49.40953973422974,1.1148023538067353,4.260627756859129,3.8218682821311667,0.17441975377525187,0.14275684478825001,17.564162746457615,0.2543950501083382,0.10193548387096774,0.12634408602150535,0.8068085106382981,0.28,0.2682795698924731,1.0436873747494992,0.3810752688172043,0.3682795698924731,1.0347445255474452,0.07195383392118528,0.07368171041297598,0.15465968276479994,0.43624059860497144,0.07155466931875716,0.07070003296758384,0.08506867817511207,0.21677248828514795,-4.91560326946621,-4.906451186689803,-4.477533315794181,-2.9860772642364095,-4.909049482593637,-4.913568275460476,-4.837595692056096,-4.141226719634332,0.8137143384104059,2.2272272272272264,9.862658461312831,1.4784784784784788,0.6589403973509934,0.7607619726891242,0.809438000215578,0.853246601085405,0.23871155358081356,-0.4774297803229728
16,5.0,18.0,4,1.2421303217223671,2.1595434653867747,2,0.04429886246180881,28.06866371271328,0.7762343254723022,6.115436010965455,7.878337520367318,0.06691151873862233,0.12077897259666737,2.4296431181868985,0.23311652936690586,0.10193548387096774,0.11161290322580646,0.9132947976878611,0.2595698924731183,0.38322580645161286,0.6773288439955107,0.4234408602150538,0.41419354838709677,1.0223260643821392,0.8001962048975036,0.8664419030662206,0.7741349351110427,0.6636244661994849,0.8730434096075257,0.8367226914170887,0.7389621678318382,0.5528486070323347,-0.6524342801046803,-0.43611724582328915,-0.7375340940647761,-1.098392195840852,-0.3960268096358739,-0.5093252063884623,-0.8142781682166991,-1.3948384958495113,0.8684994222812227,2.359359359359359,19.06690840512252,1.5445445445445445,0.5894039735099338,0.797963661013699,0.8189374602394606,0.8740057342150829,0.22677291226885235,-0.5158476477047241
16,5.0,19.0,4,1.1113885861783637,1.0622283359057656,2,0.12820230132149546,-14.220992829359641,0.6816066694931068,14.866802142197146,21.81140943537598,0.20076223971685747,0.18368704850647022,5.224995835928152,0.3064848339164189,0.10193548387096774,0.18301075268817205,0.5569917743830787,0.2693548387096774,0.21892473118279568,1.2303536345776032,0.3735483870967742,0.34860215053763444,1.0715607649599013,0.103212235224293,0.14247899109525358,0.20655532394086368,0.37428965971652395,0.118613572710365,0.14320532471917513,0.18585443536082213,0.25202795906051056,-2.849679806404482,-2.724903704785302,-2.521291390979642,-1.9882899738381892,-2.568765364686673,-2.497093690536378,-2.372794569448425,-2.1799344907406626,0.8440054746515558,2.183183183183184,13.369837418249451,1.5005005005005003,0.6423841059602649,0.7893585264157611,0.819849684075961,0.8703061831748526,0.22755867986825515,-0.45839853372021333
17,1.0,0.0,4,13.370334094413973,194.57250847796647,3,0.48478955467503637,43.90389763388804,0.7311344778749176,17.030741562768718,23.293582888156912,0.8766634015456627,0.9117087510949272,617.2964466852789,0.9986082788020914,0.11161290322580646,0.18645161290322582,0.5986159169550173,0.28537634408602147,0.1295698924731183,2.2024896265560163,0.2940860215053763,0.10494623655913977,2.8022540983606556,0.04154774720148065,0.05293752491996229,0.06655230966185074,0.10067255362867757,0.05583587236089412,0.06654822281343394,0.08086563150594503,0.11921233946801543,-2.304034761145004,-2.276654739126721,-2.243925996281967,-2.161903936311033,-1.7516339465795356,-1.7317601596488192,-1.7051981897977029,-1.6340565382144214,0.8680646890047676,1.0160160160160154,0.822081575524054,0.20120120120120072,0.6225165562913907,0.9530704647403663,0.9171103153812243,0.9834060197874653,0.17133856427170796,-0.1021145295896923
17,1.0,1.0,4,10.740219450995694,145.30432710197422,4,0.4435193577845291,21.604617575483086,0.6559579715503612,8.809673012318338,13.430240037325282,0.7299018567191995,0.8700838252922902,40.190036746155165,0.9765820984268478,0.1470967741935484,0.1831182795698925,0.8032883147386964,0.3273118279569892,0.16978494623655913,1.927802406586447,0.3688172043010753,0.19150537634408601,1.9258843346434589,0.09533557182865524,0.14063651658087098,0.1350789693631229,0.21299595645430527,0.09924195375101523,0.124623101162319,0.13835201053395413,0.2158118603481196,-2.6283220236471885,-2.4967091658000555,-2.512855510560612,-2.286483248304269,-2.1222048699380234,-2.062406353715838,-2.0300607549740333,-1.8475637224081416,0.806717659107518,1.39039039039039,2.154434690031882,0.48748748748748744,0.6357615894039735,0.8968076885599323,0.8759845979542896,0.9664602896797985,0.19022663063890916,-0.16613952350231473
17,1.0,2.0,4,3.261856060170394,16.04212076116556,4,0.6558363637237843,2.245310212079774,0.3480627587439112,5.319914344257777,15.284353785668662,0.725399348341538,0.8257057831216,17.006580808552364,0.9612613181946869,0.10193548387096774,0.12989247311827956,0.7847682119205298,0.2631182795698924,0.0996774193548387,2.6396979503775615,0.19956989247311827,0.06913978494623656,2.8864696734059097,0.027205619017743998,0.0394361628179272,0.056001376232928717,0.0859751574235962,0.03032063899959085,0.04238667863749022,0.0561932027637083,0.08811358309353928,-3.2716455841628527,-3.2305125293282058,-3.174801365304846,-3.0739952846055587,-2.9539116513545687,-2.917155155851431,-2.875096662991412,-2.7778583518916697,0.8357550117466092,1.0820820820820811,0.7814350607844542,0.15715715715715728,0.6324503311258278,0.9011074056798501,0.893954239027112,0.962602046965741,0.17613283542907673,-0.21967477300514474
17,1.0,3.0,4,6.49730486532531,57.11718218678484,5,0.5771985990012503,7.814514908170738,0.09213132549676493,5.443074649921235,59.07952176496539,0.8232488179948521,0.9169218630178885,9.237715683480365,0.9859951049792088,0.10193548387096774,0.11655913978494623,0.8745387453874539,0.28612903225806446,0.0732258064516129,3.90748898678414,0.1872043010752688,0.08838709677419354,2.1180048661800486,0.04883006562039466,0.061514460556576625,0.07863427202007403,0.11988851285686818,0.04969754480663084,0.062407912154023096,0.08260057571307251,0.1239308429046364,-2.6444735610781875,-2.609207994080545,-2.5616109379189758,-2.4469145569337933,-2.383104980233399,-2.351230770542966,-2.30059295851926,-2.1969476769140988,0.8659750236455339,0.9499499499499499,0.9098272894455567,0.17917917917917947,0.6192052980132451,0.9458177788694253,0.9093716818793738,0.9715362581294804,0.1688832952578527,-0.1812702554920549
17,1.0,4.0,4,5.724355664676942,46.752590024137,4,0.4655042776476953,6.916127866595081,0.43169291556941825,3.808919350117347,8.823214865810915,0.7359581322278552,0.9148211437869239,5.5761364165790015,0.9897358487412544,0.10838709677419356,0.1564516129032258,0.6927835051546393,0.29827956989247306,0.1395698924731183,2.137134052388289,0.26526881720430107,0.10204301075268815,2.599578503688093,0.09462386694444144,0.09042718755434344,0.12545052291444211,0.1756624518858172,0.1233138951855024,0.11612883158627087,0.15620862374357655,0.2273518940863315,-2.266745781399448,-2.277252801582635,-2.1895665960603936,-2.0638534542883997,-1.5966742069412614,-1.6097600830160887,-1.5367643209004367,-1.4071938576184144,0.8451544181831105,0.8838838838838833,0.9571521538991856,0.20120120120120072,0.6059602649006622,0.9516944217796965,0.9170339425939078,0.9788329119874678,0.16893288489830727,-0.19462489870058716
17,1.0,5.0,4,4.41118485667852,26.744996040570005,5,0.5189743874441204,2.3831661408983447,0.11999109338872684,3.9224080454663426,32.68915995922455,0.7381903588634873,0.8075806169117621,4.813822172281594,0.9758633850143128,0.10193548387096774,0.16978494623655913,0.6003799873337555,0.26602150537634406,0.10333333333333332,2.574401664932362,0.28365591397849466,0.1053763440860215,2.6918367346938776,0.053177649827865256,0.05351769412591667,0.06243047331966228,0.07819519759787895,0.05844526240733966,0.06465813902482327,0.08183943433887605,0.1032291409226315,-2.38409079329918,-2.3832345645883235,-2.3607922607974863,-2.3210968163418673,-1.7267919765619997,-1.7153976889373945,-1.6838875475609048,-1.6446592666812607,0.8606122154325528,1.0380380380380387,0.9571521538991856,0.17917917917917947,0.6225165562913907,0.9093602483937112,0.8869017199773702,0.9702230565077848,0.19692639577752594,-0.21727421715893913
17,1.0,6.0,4,7.829931716526198,92.79891065225844,2,0.3376939989685003,3.838675037064794,0.037900978211439,3.4718324605681143,91.60271381914546,0.535948933566493,0.801361652246533,271.4938441760711,0.9792793167935728,0.11806451612903228,0.1598924731182796,0.7383994620040351,0.29827956989247306,0.12311827956989245,2.422707423580786,0.2567741935483871,0.07860215053763439,3.2667578659370733,0.04852656860997327,0.06504100894761572,0.07546628773735513,0.10369705049840912,0.05255532329043985,0.07131480795741485,0.08295229706721999,0.10926463449691284,-2.5060010743768037,-2.4625051617600917,-2.43504694907033,-2.360692458996631,-2.241612495840187,-2.1972283789848825,-2.1696945908387066,-2.107440756048051,0.8382040930309038,0.9059059059059056,0.6711611767496287,0.15715715715715728,0.5993377483443708,0.9655175945452772,0.9343860528654979,0.9842338339097043,0.15049141409917263,-0.22476010232899385
17,1.0,7.0,4,4.371316081534414,25.43542815686398,5,0.6313507636349606,6.530045217116429,0.41363111543043235,3.552722881954707,8.589109352321517,0.6864658808498658,0.8459959790270858,7.30494826834951,0.9531763404234928,0.10193548387096774,0.18978494623655914,0.5371104815864022,0.2665591397849462,0.13591397849462364,1.96123417721519,0.19602150537634405,0.09172043010752687,2.1371629542790154,0.07209040397497325,0.0864540786275896,0.1073838846759938,0.1319798757400964,0.07576635876875282,0.10516442939737652,0.1187870199726059,0.14151081166606153,-2.6569607699095767,-2.615832064885691,-2.555902009381743,-2.485474261210676,-2.175243645250211,-2.106053384839066,-2.0739917369410983,-2.020509823632544,0.8504872844165495,1.1481481481481488,0.9098272894455567,0.22322322322322294,0.5927152317880795,0.9233534081408273,0.8980020795644715,0.9716112919567363,0.17541385896334052,-0.22485359469968927
17,1.0,8.0,4,6.424406064000118,62.6613695468685,4,0.4806724585018247,9.30110408838001,0.9047083966580949,3.9105654624857866,4.322459564795724,0.6436896832100975,0.8661557810697627,31.537166128846813,0.9856653567672494,0.10516129032258063,0.06666666666666667,1.5774193548387094,0.2595698924731183,0.0929032258064516,2.793981481481482,0.24086021505376345,0.07473118279569892,3.2230215827338133,0.025802785195731318,0.03235211960286158,0.03650197569521523,0.07196480429774368,0.03031362652195089,0.03915589861301054,0.044278836593676076,0.08450742487365269,-2.413645245926428,-2.39741878826926,-2.3871372146039107,-2.2992754486669247,-1.8907661302965728,-1.8735248149167598,-1.863535731965424,-1.7850950584963259,0.8708785181837599,1.06006006006006,0.9098272894455567,0.15715715715715728,0.6490066225165563,0.9626539424955831,0.926540799111124,0.9865968776351604,0.1659038275463963,-0.19714032673973308
17,1.0,9.0,4,13.679443679990285,213.7434392532533,3,0.3982906756096194,6.223588623324639,0.340516540344744,9.965052614469467,29.264518558718763,0.5633507649797671,0.7999919544614433,8.817938131804878,0.9930214656223859,0.10516129032258063,0.18645161290322582,0.5640138408304497,0.2889247311827957,0.11311827956989247,2.554182509505704,0.2733333333333333,0.0586021505376344,4.664220183486239,0.0577725689551659,0.07071406398447935,0.07942275389965119,0.10395661383599893,0.06534016043006842,0.07936175427777192,0.08736786862275404,0.11543921463779734,-2.286390720682414,-2.2549871410668554,-2.2338548038462442,-2.17432141747605,-1.976075268550619,-1.9464305532701833,-1.9295038769709352,-1.8701549135654054,0.8456188104309199,1.1041041041041042,0.9334897216723712,0.1351351351351351,0.6192052980132451,0.9419396413348363,0.9113777852240136,0.9712053667338094,0.16401582727501854,-0.13511359903534606
17,1.0,10.0,4,13.399599451511904,205.2103220948272,4,0.547448977550414,18.50484008930002,0.5262598687702617,9.645210218502932,18.32784673671087,0.89890090980876,0.9382604650038019,5.9767795859408785,0.9980769099402571,0.11483870967741935,0.32989247311827957,0.34810951760104303,0.2563440860215054,0.2033333333333333,1.2607086197778954,0.3213978494623656,0.10559139784946239,3.043788187372708,0.12109876471615187,0.11295031080244392,0.1176817214617919,0.10618534000438998,0.19388803924577783,0.19250413770023822,0.19910692748406073,0.18311709529866352,-1.4540236033397589,-1.4675041217934974,-1.459676640730095,-1.478695853948815,-0.6935191739400036,-0.6947097805844937,-0.6890292280812265,-0.7027856983341682,0.8737269077804207,0.971971971971972,0.9098272894455567,0.17917917917917947,0.609271523178808,0.9511062063490182,0.9266341097048444,0.9877539751924957,0.17432709360186555,-0.10937257457681133
17,1.0,11.0,4,3.1112511612442724,16.296302953646997,4,0.47066568996958014,2.641693300867436,0.11278915809493162,2.639403962941399,23.401220538590092,0.6134865893263188,0.7382677514607863,15.63107590534718,0.8602334369363425,0.13537634408602148,0.06935483870967742,1.9519379844961238,0.17709677419354838,0.2248387096774193,0.7876614060258251,0.23086021505376345,0.21053763440860215,1.0965270684371808,0.21242856852671604,0.2732823872928404,0.377487374818867,0.6510230165826375,0.207041875733492,0.2731010069215905,0.35346397093948106,0.6062786427636994,-3.1894906133826573,-2.943046067546402,-2.521038848518431,-1.413279822522397,-3.0113985009469437,-2.760527285247238,-2.455334738542473,-1.495226379159591,0.8536999261630382,1.1261261261261257,2.0479120966650832,0.42142142142142086,0.6490066225165563,0.9119111655936029,0.8530952567303692,0.8899563527837091,0.2215448443455403,-0.3332781119559831
17,1.0,12.0,4,7.505773246424438,69.94309514643476,4,0.6680236299817623,8.37893601989262,0.7725434404148588,8.560217111924214,11.080564100482613,0.9277569491860469,0.9245570030791243,14.401724967415337,0.9899572753850935,0.10193548387096774,0.09666666666666665,1.0545050055617353,0.26956989247311824,0.14935483870967742,1.8048956083513317,0.18301075268817205,0.12526881720430108,1.4609442060085835,0.04404332277835611,0.06356819130860657,0.08209736355580645,0.12352451548461134,0.054454473623873324,0.0795467166718025,0.10254551216096662,0.14703985858287125,-2.726424822455969,-2.670739154387015,-2.617893250008636,-2.4997414361935832,-2.0185138504524067,-1.9649479049550183,-1.9158509699649906,-1.820866168055288,0.833540140000218,1.3023023023023015,0.9571521538991856,0.2892892892892895,0.609271523178808,0.9241142494258276,0.8946364829157724,0.9648098018557418,0.17829976426003102,-0.17133528397697229
17,1.0,13.0,4,5.752189558973611,42.00807559027175,4,0.5517020877367688,7.3758056901553495,0.7116492963576357,3.9414401595235464,5.538458591467216,0.7328889702171748,0.8297055912923137,299.6762686479434,0.9911144635617549,0.10193548387096774,0.1432258064516129,0.7117117117117117,0.25311827956989247,0.12311827956989248,2.05589519650655,0.2944086021505376,0.05268817204301075,5.587755102040815,0.03289321500786405,0.03655675987297145,0.044812712255456036,0.07124892206436903,0.05196279516186346,0.05847762886046505,0.07031236130961704,0.10842424117516383,-2.0340247277616217,-2.026319538466571,-2.0089555704355404,-1.9533547771270117,-1.1887312961003016,-1.1805624324028703,-1.1657230181146063,-1.1179350366744418,0.8608960954140614,0.9939939939939944,0.6064329395408061,0.1351351351351351,0.6158940397350994,0.933306110763676,0.9118401022368451,0.9791191200260381,0.18531214937328033,-0.16796598563239457
17,1.0,14.0,4,3.5638138021036325,17.897255073524583,4,0.7145249608122101,3.643658784930299,0.4060741319932589,4.157912610979433,10.239294462244782,0.8652865716035634,0.8632707111552321,21.169026966427495,0.9755532045026852,0.10193548387096774,0.14311827956989248,0.7122464312546957,0.2432258064516129,0.08978494623655914,2.708982035928144,0.17913978494623656,0.08204301075268816,2.1834862385321103,0.041397911472285484,0.052145633009104395,0.06462338706911055,0.1025815189023779,0.05251328385518633,0.0584689216476547,0.07499650383799311,0.11350201593381129,-3.020046265413975,-2.986185900746054,-2.9468751220604448,-2.8272892003760735,-2.452938725610917,-2.437520235485484,-2.3947321460013864,-2.295045617251282,0.8445702847688024,0.8398398398398399,1.0069386314760271,0.20120120120120072,0.6258278145695364,0.8543564753324022,0.8878891966398995,0.9503768705481379,0.18724859823558848,-0.20088833474486273
17,1.0,15.0,4,7.128631447074583,64.24122895814834,6,0.6753819469833726,14.528843809597365,0.23400105636405363,6.345439195968508,27.11713910426291,0.8766885595740452,0.9095925700326856,15.147141247802304,0.9955173601510594,0.10193548387096774,0.14989247311827958,0.6800573888091821,0.25311827956989247,0.12946236559139784,1.9551495016611296,0.30451612903225805,0.12924731182795698,2.356073211314476,0.04326217281257639,0.05729853803691208,0.0725820950013283,0.11545143392371694,0.0710586294370914,0.09255795461023741,0.11705129094053746,0.17535439190861063,-2.167970820665728,-2.1361643744588035,-2.1015317879828994,-2.0043897358512432,-1.274859843957624,-1.2453546166053076,-1.2117404705229489,-1.131726505640146,0.851822732536383,0.9499499499499499,0.6711611767496287,0.09109109109109068,0.6059602649006622,0.9057337643725981,0.8995212073799667,0.9759886495715403,0.18567585613390064,-0.14983666190681216
17,1.0,16.0,4,4.164378443442248,25.245278396993843,4,0.5411697919415293,2.0584269815493403,0.40703205976898765,2.173548307450346,5.339992895606184,0.7174803832159782,0.8660513898232391,14.240925655049482,0.9591107866003701,0.10193548387096774,0.15279569892473116,0.6671358198451796,0.28612903225806446,0.10935483870967741,2.6165191740412976,0.24741935483870967,0.10849462365591397,2.280475718533201,0.13346129466746398,0.13134407871439352,0.13982474706799006,0.19376014089586968,0.17448595485092055,0.17025031774828286,0.17132739096309707,0.22852828873787975,-2.890408824334279,-2.897470966666891,-2.8691830223492962,-2.689277223214539,-2.2424154505047342,-2.253921079194517,-2.250995331737624,-2.095615568417243,0.8734800380300942,0.9059059059059056,1.05931476351837,0.22322322322322294,0.6291390728476821,0.9270328267641744,0.9038225242108417,0.9573404116169498,0.16790765163607785,-0.24960566745682727
17,1.0,17.0,4,10.809700799296698,136.70960397485635,3,0.46793232775783233,12.76053686699599,1.057502554350476,8.929627264660388,8.44407157970887,0.6729146190147259,0.8480527956045147,129.7643847640934,0.9968807964113715,0.11161290322580646,0.22978494623655915,0.48572765559195136,0.2724731182795699,0.1629032258064516,1.6726072607260725,0.3260215053763441,0.1524731182795699,2.1382228490832156,0.09982714016085426,0.10903706325285867,0.12545842423927223,0.1532256990149885,0.13603206014212002,0.16747450002577385,0.19238820917153437,0.24008603970447862,-1.8979780442682397,-1.878559294161569,-1.8439355191070919,-1.7853893440059116,-1.1212128131909775,-1.0804084443606494,-1.0480767239001252,-0.9861769515963681,0.8659298477412519,1.1481481481481488,0.9571521538991856,0.24524524524524513,0.6125827814569537,0.9572189681340708,0.9223386212062068,0.9879439863866927,0.17187891343622264,-0.15036717050460902
17,1.0,18.0,4,4.954982850296993,38.690791857180855,4,0.35581371005328966,0.9180738016510634,0.6699991230905497,2.7492060462201025,4.1032979767774265,0.5891218184421938,0.8130138570592458,6.220537662060728,0.9740666106782743,0.11161290322580646,0.18978494623655914,0.5881019830028329,0.28569892473118275,0.15956989247311829,1.790431266846361,0.2068817204301075,0.10516129032258063,1.967280163599182,0.13218684390501023,0.11073147756485892,0.132975899250962,0.17740908703977804,0.12079381973632901,0.1146702365993841,0.14460498102812117,0.1909239613234544,-2.261316583490931,-2.3172242121885382,-2.2592604912012937,-2.1434780745618087,-1.8758078778761054,-1.8888726921903833,-1.8250061831938325,-1.726183506461604,0.8708194192040413,1.0160160160160154,0.9098272894455567,0.20120120120120072,0.5960264900662252,0.9048012560506826,0.8944821400147039,0.9647546062910485,0.17361248041752503,-0.2295388802762071
17,1.0,19.0,4,5.89974541669444,44.684704571005604,4,0.5265753640548103,6.26873803688008,0.10143676394591823,5.780538073556033,56.98661756045343,0.609799135000558,0.877716395932859,9.081379889924222,0.9796363852076001,0.10838709677419356,0.19989247311827957,0.5422270037654654,0.2958064516129032,0.15258064516129033,1.938689217758985,0.2296774193548387,0.11548387096774193,1.9888268156424582,0.13496694549945715,0.14993185927052005,0.15898116815737465,0.17900887166602455,0.17538037664120876,0.18637343114532784,0.19173906908610452,0.20981267598924427,-2.5479040513727966,-2.503825776875239,-2.4771715690909444,-2.4181811448014985,-1.9709029107162246,-1.9446286837804396,-1.9318044056093089,-1.888607125986677,0.8835276808458227,1.2142142142142145,0.7814350607844542,0.20120120120120072,0.6059602649006622,0.909792448729331,0.8885160200752624,0.9635594020645724,0.18695668246508454,-0.17651240704937277
17,2.0,0.0,4,4.517807344668539,31.15237006177358,4,0.3149166266134614,22.611657197876017,0.1720625078607257,2.671184444962844,15.524500242231783,0.601406046688284,0.8407784761206614,2.2668124556529428,0.9766595103843075,0.10838709677419356,0.12301075268817205,0.8811188811188811,0.2725806451612903,0.1064516129032258,2.5606060606060606,0.2604301075268817,0.09817204301075268,2.652792990142388,0.036903366126503204,0.0464321745682039,0.05730707439250424,0.08527080256064373,0.04504623114913147,0.06102203286165874,0.07225963201596919,0.11314706299130599,-1.6655421118015197,-1.6490633586040218,-1.6302567269723154,-1.5818973357867325,-1.2073574831392038,-1.187159119222615,-1.1729513116050774,-1.1212569287305911,0.8707378253506277,0.8838838838838833,1.0069386314760271,0.17917917917917947,0.6655629139072847,0.9650524564918475,0.9199424761341363,0.9838801659601162,0.18237425619403852,-0.22887713687317912
17,2.0,1.0,4,2.866413425863282,10.817261911811139,3,0.21887647972538382,26.660951065077096,0.013809343260763565,1.3303415103846168,96.33633441240548,0.4741709264287144,0.7610426487616019,2.5254306750748494,0.9540382080789314,0.1309677419354839,0.18301075268817205,0.7156286721504115,0.3016129032258064,0.16602150537634408,1.8167098445595853,0.3561290322580645,0.1489247311827957,2.3913357400722024,0.20358310277602001,0.22123640610703835,0.22573286099092812,0.28794920092836324,0.3012494833170282,0.29100534473689643,0.2898213303682565,0.3621950106513824,-1.4179982537824243,-1.3865670355547235,-1.3785612220218972,-1.2677867498886102,-0.9140428361628778,-0.9274433006466523,-0.9289921221870021,-0.8343193564285367,0.8659255292031839,0.9499499499499499,0.822081575524054,0.17917917917917947,0.6291390728476821,0.9236441219705384,0.8937570859338024,0.9791984299755756,0.1961605932808717,-0.260904752541055
17,2.0,2.0,4,3.4294869908756467,13.840862784234012,4,0.5045739117109516,22.865084598511164,0.976525354239026,3.4405104799626383,3.52321674499042,0.7156649706468723,0.8532094856576786,2.999269449310676,0.9904695917170457,0.10193548387096774,0.15,0.6795698924731183,0.2564516129032258,0.1264516129032258,2.028061224489796,0.24473118279569891,0.08225806451612902,2.975163398692811,0.0351262842713062,0.050070685308456354,0.05672376315939731,0.09136867171111711,0.04914882025600819,0.06632103698868595,0.07041632114377436,0.11125298983905063,-1.854866430197402,-1.8261374189793045,-1.8133475890129236,-1.7467464610079886,-1.3471310731871533,-1.3228021064162196,-1.317000058044848,-1.259144163771606,0.8566261044897754,0.971971971971972,0.822081575524054,0.06906906906906941,0.6158940397350994,0.9290644710994688,0.923206458363912,0.9868332641383204,0.15700342931370487,-0.1920892447328632
17,2.0,3.0,4,6.898054762408044,76.10996792937404,2,0.12800200795666838,26.683289507309958,0.11941851362328,1.4783050149989514,12.379194566618386,0.30801844073018314,0.5985555841690652,5.359777875159096,0.968680846069296,0.127741935483871,0.1,1.2774193548387098,0.301505376344086,0.10268817204301076,2.936125654450261,0.34473118279569887,0.0489247311827957,7.046153846153844,0.040195959843246365,0.040731316718073826,0.05632251843959568,0.10109053761092497,0.05006016967405191,0.042178535405945294,0.05957431505451071,0.09893537096135757,-2.4461444320648393,-2.4447800283076795,-2.4050444888802027,-2.2909492816828725,-2.154171898619741,-2.1720450254363395,-2.1325967377898865,-2.0433379470458073,0.8740920827483958,0.9939939939939944,0.822081575524054,0.17917917917917947,0.6059602649006622,0.9372123999484329,0.8991237049294496,0.9678013864210544,0.19117770933462402,-0.24976659540042553
17,2.0,4.0,4,2.1305475869670247,5.799185819096886,3,0.4027279158103626,25.960746906846698,0.058014722618282916,2.095211673468178,36.11517178585781,0.609967975542755,0.7572760218219148,1.7579870597444878,0.9471322103238016,0.10838709677419356,0.14634408602150537,0.7406318883174138,0.22666666666666666,0.1293548387096774,1.752285951787199,0.2553763440860215,0.1850537634408602,1.380011621150494,0.11019419783366019,0.1671672208593277,0.18395541370986362,0.2545371598776057,0.12262203163812976,0.18751615016986262,0.1997221019687063,0.27202137040524954,-1.98463628410115,-1.8575627940919976,-1.820118155503956,-1.6626915641076325,-1.7397935264656834,-1.6111119645864824,-1.586908215814868,-1.4435426382303815,0.8637928808986345,0.8398398398398399,0.9098272894455567,0.047047047047047236,0.6357615894039735,0.9579698228976129,0.8977302855629734,0.9777911690142596,0.1915616058839023,-0.25997661257167776
17,2.0,5.0,4,4.010689012562859,23.821558158872598,4,0.5805984502627882,28.618047106369076,0.13746446217890998,2.9151754061777466,21.20675671348167,0.7205497740696698,0.8000068305469429,8.520808155486064,0.9664891220946985,0.12129032258064518,0.15634408602150537,0.7757909215955985,0.30591397849462365,0.09634408602150538,3.1752232142857144,0.170752688172043,0.1010752688172043,1.6893617021276595,0.09919380147462613,0.09890076920598122,0.11672231967795368,0.1500975899727321,0.07803959284895275,0.08815930991788201,0.10537473860547407,0.1396117631267104,-2.8083950518352503,-2.809308622783849,-2.7537473330819666,-2.649695047359513,-2.8387193322588846,-2.8075606878553474,-2.7545543224522993,-2.6491384036843986,0.8390701501910398,0.971971971971972,0.9571521538991856,0.17917917917917947,0.6026490066225165,0.9361223325025201,0.8936909768335233,0.9572148267751576,0.1877683740288371,-0.2369277777002216
17,2.0,6.0,4,1.7381790135196038,2.574706608736819,2,0.6095704241707807,27.337803535271924,0.3514448797879462,2.149150485439965,6.1151850803366745,0.6504542102322941,0.8052419063585721,3.383260795779772,0.9477140730873947,0.10193548387096774,0.17333333333333334,0.5880893300248139,0.2724731182795699,0.08978494623655914,3.0347305389221555,0.2224731182795699,0.05870967741935483,3.78937728937729,0.03787406180753981,0.04261751393295333,0.044296792226483986,0.059673370012304175,0.04354422936968782,0.04546770591891073,0.0463891212997394,0.059792631826492776,-2.346890617706139,-2.335320029234545,-2.3312238061569204,-2.2937160904770306,-2.0788693301793923,-2.074688628333803,-2.072685919756596,-2.043553211474182,0.8814360192746703,0.8838838838838833,0.7814350607844542,0.09109109109109068,0.6490066225165563,0.9249956288890377,0.8965045383365978,0.9721677586903538,0.17543199458785588,-0.26451444259975143
17,2.0,7.0,4,2.224025640838436,5.700848769096048,2,0.24053021947949926,23.726987611890557,0.4840813583584281,1.3639718580638158,2.817650038599278,0.3798948022762326,0.7793502774436617,4.253189318040819,0.9641243460437029,0.11161290322580646,0.21655913978494623,0.5153922542204569,0.2886021505376344,0.12333333333333334,2.34001743679163,0.20408602150537636,0.0553763440860215,3.685436893203884,0.03841023798460957,0.05772871621342956,0.06710749563794594,0.08583240666155316,0.04683119942315174,0.06997336377681333,0.0815416717940842,0.10607654110029946,-2.0479865527836774,-2.006842204959148,-1.9868673519587616,-1.9469871790479725,-1.5891961978462386,-1.5506118048420672,-1.5313242336317683,-1.4904178160145585,0.8744860655154378,0.7957957957957954,0.6711611767496287,0.047047047047047236,0.6390728476821192,0.9205906904022606,0.9147099577874415,0.9811263519247174,0.1530638676399568,-0.25652864846286333
17,2.0,8.0,4,5.4427705944495415,45.552435755163444,3,0.5428835556937104,26.32939251203517,0.08986729605244212,3.362070347855822,37.41150001769146,0.7573670233328,0.8186140151276914,1.7975067969024676,0.9708451109852259,0.10838709677419356,0.14978494623655914,0.7236180904522614,0.2730107526881721,0.13946236559139785,1.9575944487278338,0.19483870967741937,0.11172043010752689,1.7439846005774784,0.09896345646974794,0.13459142001920277,0.2012137039618163,0.2216448597619599,0.11077817877170915,0.1402002826244211,0.17664131886876397,0.22407547123046195,-2.1207826701833463,-2.0369246200164044,-1.880114792215247,-1.8320256869909528,-1.8667263765582987,-1.8049611161873496,-1.7284611451762157,-1.6288835355748719,0.8619597821357957,0.8398398398398399,0.8648423275731727,0.20120120120120072,0.609271523178808,0.9602011053078165,0.9042974281847096,0.9744257793134803,0.18861077617934113,-0.2562185332832355
17,2.0,9.0,4,6.837653130106784,70.82510536925047,4,0.039609703519508876,22.016530164304886,0.16447457226795284,1.121967275287957,6.821524201686995,0.4576959391267361,0.7574387926542182,3.8660735715372367,0.9874764652132693,0.11483870967741935,0.11311827956989247,1.0152091254752853,0.26602150537634406,0.09946236559139784,2.6745945945945944,0.3412903225806452,0.0982795698924731,3.4726477024070026,0.03718444776434719,0.054290073721275985,0.05795656133640214,0.10296056557834285,0.04999888424589783,0.06873471366240447,0.07210706398887363,0.12081100965850647,-1.953805576689483,-1.9190937699370805,-1.9116535038002669,-1.8203285618037546,-1.4583977517331228,-1.4296353734108629,-1.4244582972447206,-1.3496902536211697,0.8879165892755414,0.8178178178178177,0.822081575524054,0.09109109109109068,0.6158940397350994,0.9736236618137308,0.9374509578456556,0.9918324107715084,0.1649977225760514,-0.22116100483496492
17,2.0,10.0,4,4.304262449625637,26.74435414145166,3,0.02362975810412893,23.43473108899173,0.050297428060657755,0.9433219727665205,18.754874933741977,0.39697768112010057,0.7889535631800342,1.6366020418124017,0.9848991434944898,0.10838709677419356,0.13989247311827957,0.7747886241352806,0.2886021505376344,0.09301075268817204,3.1028901734104046,0.17591397849462367,0.07559139784946237,2.3271692745376957,0.026394568660155538,0.03139236025313246,0.038882563855522315,0.0637736051192127,0.03734640766067357,0.04808474203883467,0.05608050448532446,0.08445172906428718,-1.4857393958262601,-1.4781126759839145,-1.4666824905960663,-1.4286983140311216,-0.9761008389272845,-0.9652125014415921,-0.957105046699834,-0.928337506295582,0.8408529777717324,0.9059059059059056,0.7427982482564911,0.15715715715715728,0.6258278145695364,0.9886828046357501,0.9418356200724147,0.9928818545773437,0.18389439520094833,-0.19859733403887114
17,2.0,11.0,4,2.5378966450162244,8.020524117832817,3,0.3420620552678688,27.436547829797703,0.18053899922792166,2.5255097634833126,13.988721408026528,0.5510186511034841,0.8491339942448859,1.9306137621965664,0.9604084730659617,0.11161290322580646,0.16655913978494624,0.6701097482246611,0.26924731182795697,0.1561290322580645,1.7245179063360883,0.25688172043010754,0.07827956989247312,3.281593406593407,0.0726223195547963,0.07420568693965733,0.08239765597020439,0.09547389332801388,0.07895083769691172,0.08487456021366083,0.09400698146310439,0.10843485571933954,-1.7724202916606209,-1.7693941324794618,-1.7537374993249668,-1.728745967913055,-1.4497063900564302,-1.4403826115471714,-1.4260084282963008,-1.403299345697611,0.8735849232656445,0.8838838838838833,0.6545689288051284,0.15715715715715728,0.6258278145695364,0.9596626088408611,0.9217456523465478,0.9786397554739865,0.17518016104154882,-0.22286205517339616
17,2.0,12.0,4,5.346818768562342,42.99922953647958,4,0.3048418608032645,26.054120316245257,0.019457699811939577,2.702809818886426,138.90695431676542,0.5426478130566064,0.8960060095202254,7.51590232921008,0.977986079264966,0.1503225806451613,0.14956989247311828,1.0050323508267434,0.32086021505376344,0.11258064516129032,2.8500477554918815,0.3631182795698925,0.08505376344086021,4.269279393173199,0.062403803017275224,0.06197457814388627,0.07993257395801047,0.11624796820905157,0.08326793680266313,0.07360822406886672,0.0844932910554776,0.12669813442669212,-2.1294816288570355,-2.130456490407745,-2.089670038521173,-2.007190005911018,-1.6527642798739965,-1.6701796499708816,-1.6505551046737967,-1.5744645430342998,0.8142926383921425,1.0160160160160154,1.1723818032865998,0.24524524524524513,0.5629139072847682,0.9777918681577479,0.9290775800786494,0.9889598516578063,0.18165304706526933,-0.24173294845729404
17,2.0,13.0,4,3.7276113104704813,21.410739518053933,3,0.5228887178482272,27.923919926102283,0.5974635579014258,2.157098285762954,3.610426539385435,0.6752988727611642,0.7353835157047668,2.7843362273496837,0.9600731552667179,0.10516129032258063,0.1827956989247312,0.5752941176470587,0.2696774193548387,0.24870967741935482,1.0843060959792477,0.2458064516129032,0.19215053763440865,1.2792389479574702,0.2374868695854447,0.27843249573422907,0.2997159724479756,0.3770849455544842,0.25583024049902536,0.31011437430670147,0.31001030112009625,0.36382782196629493,-1.9613565921454486,-1.856035161519356,-1.8012892355920402,-1.6022787013767492,-1.654584355654377,-1.5338892085972595,-1.5341206045444902,-1.414462923060717,0.8667802410845402,0.8398398398398399,0.6379766808606282,0.22322322322322294,0.5827814569536424,0.9713753250232575,0.8939860065098506,0.9663244645837212,0.21113350878123197,-0.2615953482327922
17,2.0,14.0,4,3.3515716598097924,16.2405405073516,4,0.5446520272447563,27.559532042777384,0.09056808156169786,2.735025654910591,30.198560108037668,0.7135484403303847,0.8038955710129363,4.596740661030427,0.9661520498571651,0.10193548387096774,0.11978494623655914,0.8509874326750448,0.26623655913978495,0.09279569892473119,2.869061413673233,0.26032258064516134,0.10526881720430106,2.472931562819204,0.047622743552625794,0.048215727103807324,0.07172020825882541,0.11524697908183981,0.06397501536983831,0.0623359321970912,0.08452509653638343,0.1363326462331289,-2.081669420149479,-2.080373299608181,-2.0289981125952137,-1.9338589782167663,-1.5892777076759836,-1.5920607085469518,-1.5543857054055243,-1.466421617721598,0.8217202928091858,0.9059059059059056,0.7060717714137765,0.11311311311311288,0.5562913907284768,0.9201981549759799,0.9097527247594477,0.9749503299165884,0.16617014404068983,-0.25200710339380467
17,2.0,15.0,4,4.312569515538015,25.645393994101408,6,0.4777382015517594,24.10966583083724,0.7753304941090173,2.6989062919937448,3.4809752905375317,0.6701793993992943,0.7858815933541408,7.843895415661463,0.9548300703742654,0.10516129032258063,0.12311827956989248,0.8541484716157204,0.27279569892473116,0.09634408602150538,2.831473214285714,0.2286021505376344,0.07204301075268818,3.1731343283582087,0.04761263005269522,0.04887112733710485,0.06480102040540135,0.10735877854820104,0.051386405271522176,0.05520019734005125,0.07017818916319553,0.11706936976257198,-2.285311125517949,-2.282291285129206,-2.244066542754364,-2.1419466268148826,-1.9674531155040276,-1.9595431960923626,-1.9284783907383198,-1.831224672393379,0.8673523287620775,0.8838838838838833,0.7060717714137765,0.09109109109109068,0.6456953642384106,0.9015397793012007,0.8820351011831397,0.9643983077928572,0.18792441388373132,-0.2267239955025765
17,2.0,16.0,4,2.940055423593066,10.922473285930344,4,0.6479576006447185,28.82134673774936,0.21022402985297842,2.4281812239337977,11.550445615717491,0.7578856222424141,0.8264730423414587,6.27345197098184,0.9777970434564573,0.11161290322580646,0.11655913978494623,0.9575645756457566,0.26924731182795697,0.15978494623655914,1.6850605652759083,0.24193548387096775,0.11580645161290323,2.0891364902506964,0.05636727538989781,0.06435739802678143,0.08015996304293047,0.1392424727016039,0.09468420494035648,0.09965025945738261,0.12267111485977009,0.21296206616493102,-1.8047809455190165,-1.7894991301354242,-1.7592753285570555,-1.6462748095368238,-1.069030949179461,-1.0631668451806306,-1.0359829530669225,-0.9293640009810223,0.8713370603272154,0.8398398398398399,0.9098272894455567,0.17917917917917947,0.6059602649006622,0.9161347705931043,0.9131077784946591,0.9711952278557106,0.16398130198878383,-0.22199564980372777
17,2.0,17.0,4,2.3009753262153345,6.233834383861252,3,0.577626523093467,27.593928884345637,0.2620864141160224,2.0728174921710596,7.90890859094073,0.7451470128167821,0.8333650025264122,2.090283423165434,0.9584761319667039,0.10193548387096774,0.13655913978494624,0.7464566929133858,0.293010752688172,0.12655913978494623,2.3152081563296516,0.1521505376344086,0.08516129032258064,1.7866161616161618,0.08353713555537114,0.1069921045630894,0.13147184374787446,0.18986900694830572,0.08261857853014097,0.10852525508264867,0.1332435277046758,0.18844748896925576,-2.197903520527481,-2.141652731809307,-2.0829442919769536,-1.9428935211638605,-1.9894208804153835,-1.9332400137992398,-1.8796363037924786,-1.759921743794704,0.8584270156544633,0.7737737737737733,0.9098272894455567,0.11311311311311288,0.609271523178808,0.9087999474667475,0.8939402105388393,0.971033310188493,0.18233174379563402,-0.26360348544447776
17,2.0,18.0,4,4.851517868501098,41.46523534597336,2,0.2913617916245438,22.485837234164173,0.9316623871478947,2.2062477304492067,2.368076420046547,0.5619671994914989,0.80565209095061,1.575484093058257,0.9617143035094202,0.10516129032258063,0.19978494623655912,0.5263724434876211,0.2758064516129032,0.1695698924731183,1.6265060240963851,0.23580645161290326,0.12526881720430108,1.882403433476395,0.17929110272821833,0.19669358208019,0.1952220477578364,0.23566346885449388,0.19517245325324561,0.19745063751808847,0.20130014063435367,0.23762320583588048,-2.06188495088001,-2.0181643205772195,-2.0218612885082976,-1.920259419893748,-1.7822374193743575,-1.7771925308619736,-1.768668060585654,-1.688233032920149,0.8562872083687242,0.9499499499499499,0.822081575524054,0.20120120120120072,0.6192052980132451,0.97162127504134,0.9185548175399972,0.9803511488299139,0.18582619517686083,-0.25857319553325486
17,2.0,19.0,4,4.42252672468607,26.997179642691545,4,0.32265996519184914,23.52481815232315,0.6879126925135319,2.3716368972420363,3.447584152832569,0.5716660090781936,0.8590058431694966,2.9508208107924316,0.9853470566523802,0.10193548387096774,0.20978494623655916,0.48590466427473084,0.26602150537634406,0.13612903225806453,1.9541864139020533,0.32978494623655913,0.06548387096774193,5.036124794745485,0.04546116672195952,0.04143538521529777,0.04727609611987066,0.06472500898147981,0.05841201422399803,0.05706767776832724,0.06399824353496356,0.08751096302702834,-1.4374989906937599,-1.4435616637363078,-1.4347657764056432,-1.4084883807117161,-0.9824491669913028,-0.9838518423131861,-0.9766205175011997,-0.9520874393102736,0.842132608112755,0.9059059059059056,0.7060717714137765,0.15715715715715728,0.6192052980132451,0.9301112420566574,0.9211037995533036,0.9834593417311983,0.16354759495311139,-0.2169902890666711
17,3.0,0.0,4,2.237922636242254,6.090392146185968,2,0.44641456163023385,288.6948995955719,0.4051657002451762,1.4943444513136466,3.6882303966238514,0.5271301646636553,0.8184426579992091,7.473917413890842,0.9555719495602929,0.10838709677419356,0.12666666666666665,0.8556876061120545,0.2595698924731183,0.07989247311827956,3.248990578734859,0.23516129032258065,0.05548387096774193,4.238372093023256,0.027043832179289982,0.032656731438713,0.0383980273668531,0.0671283794448807,0.03693687782057527,0.03987025405922169,0.05087110016637389,0.0843209583006622,-2.4568960009170375,-2.44272238220725,-2.4282245379338296,-2.3556750342048476,-1.8246304794088852,-1.8190728710140216,-1.798230541322306,-1.734856054979598,0.8740585157872005,0.9059059059059056,0.6379766808606282,0.1351351351351351,0.5629139072847682,0.9221169996655991,0.9054592723614371,0.9758262022151387,0.16880538796486055,-0.25570654252111735
17,3.0,1.0,4,5.9705498089901115,60.58938421149996,3,0.4982246847535593,289.4749805414523,0.5945170396495841,3.086102051513583,5.190939612651928,0.7946794520358694,0.7706427453052813,28.409945647813124,0.9706149691164103,0.10516129032258063,0.13666666666666666,0.7694728560188827,0.2627956989247312,0.10978494623655913,2.3937316356513225,0.23559139784946237,0.09193548387096775,2.5625730994152045,0.039804654029630286,0.057055040563516325,0.06758524945042836,0.10138025460688854,0.04678774192463287,0.06557072793148763,0.07736524227600512,0.11192339140603726,-2.4474158776533956,-2.4034468352331526,-2.376606671371714,-2.2904674992205387,-2.0170844977357985,-1.9773379779290634,-1.9523797046367284,-1.8792514939049711,0.8807522140802958,0.9279279279279278,0.9098272894455567,0.17917917917917947,0.6225165562913907,0.9016833905936046,0.8953237848826775,0.9664021951438749,0.17817922971077838,-0.22375378001739055
17,3.0,2.0,4,3.1081727471509963,11.566654551810153,3,0.6885631578098008,291.7203864412198,0.693166892255925,1.7880621251325557,2.57955500343254,0.734496553770897,0.8626685985200849,72.23114649151441,0.9647436341971327,0.10193548387096774,0.14655913978494625,0.6955245781364636,0.2595698924731183,0.11301075268817204,2.2968601332064704,0.26784946236559143,0.09559139784946236,2.8020247469066373,0.03180315344736761,0.033202538783503675,0.03954344320027335,0.06799920585298984,0.03609469018024871,0.043962526742098,0.053583659789637375,0.08464226993614798,-2.4763506183459225,-2.472771419802999,-2.4565533308583283,-2.3837722164687674,-1.726821405042485,-1.7127262979318936,-1.6954901873741464,-1.6398491692518442,0.8625169800110689,0.8838838838838833,1.1723818032865998,0.17917917917917947,0.6225165562913907,0.8977566606127582,0.8971226608093072,0.9753416054819042,0.1829057837693981,-0.19147249027007668
17,3.0,3.0,4,2.153013831139639,5.185481692404361,3,0.41893912813128875,286.29857271919474,0.47831039043742646,2.4612200016906978,5.14565447645796,0.593990947495354,0.858804709776734,10.508366811811756,0.9561568893143881,0.10516129032258063,0.11634408602150537,0.9038817005545287,0.28548387096774197,0.07623655913978494,3.7447108603667143,0.22956989247311826,0.09150537634408602,2.508813160987074,0.03986909354304912,0.06124836105473782,0.07116047427466797,0.1143165998062462,0.04413127568591712,0.06984494664776927,0.07708041913832091,0.1258547268215977,-3.0354913957628464,-2.9679000057315403,-2.9365624722862775,-2.8001226942887336,-2.60291762043697,-2.532896951771666,-2.5131941009943706,-2.380377217604325,0.8657020897690817,0.8398398398398399,0.9571521538991856,0.17917917917917947,0.5993377483443708,0.8988723850651646,0.8958740880353064,0.9549933250822928,0.165722164732219,-0.27320830273346036
17,3.0,4.0,4,3.352475422190857,16.09567785231245,3,0.5376713992118684,288.1079690595199,0.17954172180585523,1.6473868189005043,9.175509749660758,0.72629318215755,0.8910501353590936,7.749877094299991,0.9520543823083679,0.10516129032258063,0.22946236559139782,0.45829428303655106,0.25989247311827957,0.2556989247311828,1.0164003364171574,0.171505376344086,0.14172043010752688,1.2101669195751137,0.2285201002671096,0.23008185753926144,0.23641185328888853,0.28498741849816506,0.25808995073877083,0.2539699772303085,0.2547617016882724,0.30566842605753397,-2.3089212120660005,-2.3042471116843597,-2.285302403645094,-2.1399231747907503,-1.9308893851663176,-1.9416119965160061,-1.9395514605340751,-1.8070620114208382,0.8506443170702986,0.9059059059059056,1.2333634979137746,0.2892892892892895,0.6291390728476821,0.9284785310613864,0.8794137524003918,0.9643827610947922,0.2047931923361559,-0.2121816038990364
17,3.0,5.0,4,2.5282235611464947,14.607621936815953,3,0.4523279687994629,290.4140221985332,0.15671395042179773,2.128709395280721,13.583407153934099,0.5961206548601901,0.6525372802403869,8.516652401238387,0.8044267145640465,0.10129032258064516,0.09301075268817204,1.0890173410404624,0.15623655913978496,0.2350537634408602,0.6646843549862764,0.3419354838709678,0.29086021505376347,1.1756007393715342,0.2071126726142983,0.30076084733784497,0.29456129000134385,0.45817226388388016,0.24879483701820576,0.31083667700791145,0.3054412088849976,0.45482891798347563,-2.7917375149385624,-2.4620045080518627,-2.483833002712496,-1.9077626357543942,-2.3693209952560093,-2.173639387466679,-2.190656836936956,-1.7194840428159988,0.8832411562784234,1.2362362362362358,1.5892828656229763,0.44344344344344305,0.5960264900662252,0.8895804892175362,0.8436420445144716,0.9148742005177575,0.22412542076142336,-0.34362587427116736
17,3.0,6.0,4,1.8004752632802155,3.759221517839787,2,0.6148154978382698,288.02568675798534,0.10465338080474328,1.6208034231065311,15.487348909736038,0.7145651427955549,0.8426037341360928,6.125848637217083,0.9428560627439863,0.10193548387096774,0.13655913978494624,0.7464566929133858,0.2758064516129032,0.09301075268817204,2.965317919075144,0.22924731182795705,0.08172043010752687,2.805263157894738,0.05308097378231683,0.0537748441602436,0.06371515782886744,0.09322887778341757,0.060409382117714655,0.06147257957530491,0.0745133346741155,0.1033017386859606,-2.9217749734041334,-2.919633995085099,-2.8889625660604006,-2.7978962278121298,-2.4168463582310924,-2.414111566232797,-2.3805677005648107,-2.3065172065825155,0.876658192117941,0.8398398398398399,0.9098272894455567,0.15715715715715728,0.5960264900662252,0.9319345125851136,0.907100311632459,0.9787771436326436,0.17449954951124952,-0.25408504045773134
17,3.0,7.0,4,1.9615876611697882,4.739678671789505,3,0.7169326798742373,288.52096641951283,0.4947316348140551,1.6968162565769476,3.4297710863278352,0.7862967007968278,0.7894116014249708,69.1539553037927,0.936411508480556,0.10193548387096774,0.12989247311827956,0.7847682119205298,0.17397849462365592,0.10268817204301076,1.6942408376963352,0.14139784946236558,0.101505376344086,1.3930084745762714,0.057834245820545464,0.08484889773462952,0.09951052199343623,0.16732297040032976,0.06284326525677165,0.0788302796411094,0.09921907246030479,0.14729538481300528,-2.8135447322723257,-2.7328721635126625,-2.6890888530739936,-2.4865837671574833,-2.6119402484900585,-2.5673829991254875,-2.510557596705291,-2.3765645829674087,0.8707387609934207,0.9279279279279278,1.5892828656229763,0.3773773773773774,0.6026490066225165,0.9209531030381626,0.8746283310735784,0.9628739190565765,0.19983373928990528,-0.25047252808732035
17,3.0,8.0,4,4.675146070627955,32.696641753208105,3,0.4455716520401233,292.53140208878693,0.0645230586329452,2.9156917240419027,45.18836809377729,0.7294792449963403,0.7007424245361447,9.241987508994516,0.9392172941343395,0.10193548387096774,0.1696774193548387,0.6007604562737642,0.25311827956989247,0.14935483870967742,1.6947444204463642,0.11806451612903227,0.10193548387096776,1.1582278481012656,0.14240177092057696,0.15937309963265325,0.2286957580423342,0.2812527060813328,0.15856435699412175,0.17761640422786037,0.22979434995828713,0.29548016635727953,-2.9498181516194113,-2.8914431086278687,-2.6529990107256434,-2.4722227053855836,-2.6198716344124495,-2.560551686963053,-2.398091823160846,-2.193574212577832,0.869436746529968,1.0160160160160154,0.8648423275731727,0.17917917917917947,0.6490066225165563,0.8733556306458895,0.8525972766082377,0.9311185584048296,0.21663891339863628,-0.23254804475440233
17,3.0,9.0,4,8.963638857646469,116.40801590116041,2,0.3015795407603572,288.23381658957294,0.14356210276528455,2.8522884604155485,19.867976335501783,0.5998678951734353,0.717920008420334,29.84095277588905,0.9469500850977639,0.12129032258064518,0.2293548387096774,0.5288326300984529,0.29225806451612907,0.19913978494623655,1.467602591792657,0.40752688172043,0.2012903225806452,2.0245726495726486,0.42183089544852975,0.36758736673549663,0.4678626104864465,0.4517140042783804,0.4282021023842541,0.45293866658534176,0.4785348859799935,0.4761580434695272,-1.6297176043571946,-1.782616873740786,-1.4999654336419426,-1.5454844134973844,-1.328638132101156,-1.271159882195418,-1.2116841246468737,-1.2172069913915267,0.8477034032503121,1.06006006006006,1.3312624876018004,0.3333333333333329,0.5993377483443708,0.9512135671243842,0.8762122778192637,0.9645478146900843,0.2172283034981359,-0.2434389295454477
17,3.0,10.0,4,2.3547948532586305,5.8554144070885545,2,0.674066048769111,284.7952916275559,0.2954519419176465,2.184827377026702,7.394865516354248,0.7511541445498725,0.8224015218428434,133.54294378560758,0.9604441579625225,0.10516129032258063,0.16655913978494624,0.6313750806972239,0.2627956989247312,0.11301075268817204,2.3254043767840153,0.2751612903225807,0.11860215053763441,2.320036264732548,0.028247675456285412,0.038006422364775756,0.046275381299274394,0.06747600729545566,0.045973419584357036,0.06059760360135653,0.07213122174283362,0.10179978618356138,-1.9593308262156233,-1.9396543992495034,-1.9229818112537074,-1.8802352810934726,-1.180904532880824,-1.1628025579989145,-1.1485261193509968,-1.1118020458803621,0.8480148274483855,0.861861861861862,0.822081575524054,0.1351351351351351,0.6788079470198676,0.9248626313395761,0.9052424675258139,0.9787549338257344,0.16873945276344532,-0.23318573067764115
17,3.0,11.0,4,2.839988174094897,11.927838130995479,2,0.45933955673796223,287.5076806048749,0.5389779994115615,1.9209178407024192,3.5640004653243995,0.6390432825910723,0.7498861905193142,7.535626760522225,0.9497937340034132,0.10516129032258063,0.11989247311827958,0.8771300448430491,0.2724731182795699,0.10279569892473117,2.6506276150627617,0.3456989247311828,0.09150537634408602,3.7779083431257345,0.03443988207688447,0.044928599264965875,0.04916835816714042,0.07747671751360442,0.035387627632229614,0.05126341452324834,0.05556776829926914,0.08650842543391458,-2.391530476284583,-2.365551682891188,-2.3550505111480353,-2.2849354526923227,-1.9150766743076915,-1.8835579523503516,-1.8750123772047709,-1.8135848727857002,0.8604079447096884,0.8838838838838833,1.2654403332856807,0.2892892892892895,0.6026490066225165,0.9405227621299388,0.9063347618727937,0.9747909970490366,0.17265915449563218,-0.22592099550919076
17,3.0,12.0,4,1.9525133592267285,4.713344109609652,3,0.584090469870824,289.94199075146986,0.02075971532533375,3.3273053086807116,160.2770200138676,0.6507207994861242,0.728075531098549,12.83397790788952,0.90464939090984,0.10193548387096774,0.10333333333333332,0.9864724245577524,0.2595698924731183,0.11978494623655914,2.1669658886894076,0.22451612903225807,0.1450537634408602,1.547813194959229,0.0715245986415372,0.08218231951085811,0.09783306709711027,0.15158347777680217,0.09095744422594061,0.11029562847384941,0.13287974809216893,0.19554168626796353,-2.526044983193694,-2.4970491882648926,-2.4544691776737237,-2.308233795407935,-1.7626418109771627,-1.7251448952527728,-1.6813540812248609,-1.559852011289893,0.8636547152954384,1.1921921921921912,1.9466563433422632,0.44344344344344305,0.609271523178808,0.9218748460173425,0.8921539600068048,0.9757771949006661,0.1857832432204094,-0.2741817060360049
17,3.0,13.0,4,3.7264336478195297,21.404631713553208,4,0.4498204211747787,288.16856188177127,0.5097653794791505,1.384781828040827,2.71650818942573,0.6189902242605951,0.73796059518633,2.4036543311862877,0.9562541458926299,0.10193548387096774,0.12999999999999998,0.7841191066997519,0.2563440860215054,0.08645161290322581,2.9651741293532337,0.2749462365591398,0.12870967741935485,2.136173767752715,0.025427205711830957,0.027198423001055468,0.030248606523140893,0.04484329106790826,0.034468874621595987,0.037185809311209905,0.041650439818232514,0.06060652186557878,-2.3405845742471474,-2.3363307269315894,-2.329005247970697,-2.2939538965357986,-1.603758447050378,-1.5992455868804434,-1.5918297835982962,-1.5603435104918781,0.8404698554876919,1.1701701701701699,1.2333634979137746,0.3333333333333329,0.5960264900662252,0.9186372751908264,0.9062336814779921,0.9760837949014027,0.16746652448214772,-0.2536883345658647
17,3.0,14.0,4,10.088180030563509,132.66498769977346,3,0.39664601003771405,292.24091560210763,0.5049401132145773,6.076056062773802,12.033221175659984,0.6417526545360419,0.5671247120026088,22.792997588342335,0.9575028499395088,0.1618279569892473,0.21602150537634407,0.7491289198606271,0.2063440860215054,0.2224731182795699,0.9275012083131948,0.21000000000000002,0.18118279569892476,1.1590504451038575,0.3259690359807441,0.4347103615788517,0.48964903626202394,0.5378472104616326,0.3629933047282596,0.4440895884805782,0.5009643869375291,0.5645880326985447,-2.568718635405978,-2.1543076002853003,-1.9449374007003157,-1.7612551147696927,-2.2334922389115652,-1.9491499836263104,-1.7497338363767594,-1.5266546755559025,0.8408098815470123,1.4784784784784788,1.4360089846512607,0.3333333333333329,0.6291390728476821,0.9183262982970168,0.8510986900772798,0.9210703142282716,0.22489578159258658,-0.1718693165290051
17,3.0,15.0,4,1.8742250575704593,3.990844632452971,3,0.7799652949253449,289.05359717826457,0.030164526999770954,2.0769513139146603,68.85409852209621,0.7872743787813837,0.8490997306344283,67.67178975781452,0.9378850746581324,0.10193548387096774,0.20967741935483875,0.48615384615384605,0.27978494623655914,0.15602150537634407,1.7932460372157135,0.18623655913978493,0.11806451612903224,1.5774134790528234,0.15980759206878184,0.1476082019002552,0.15332409588680454,0.2024775719778574,0.22433845934616056,0.15713769180972062,0.169279055826022,0.2074732345213457,-2.713754109688968,-2.753157161767306,-2.7346952824999864,-2.5759334959277456,-2.189024933389498,-2.3786748618314544,-2.3444102410348138,-2.2366209475190875,0.8419590593067168,0.9059059059059056,1.2028726506001872,0.22322322322322294,0.6490066225165563,0.8702593655914546,0.8810014581881297,0.9573400975087738,0.17735241749598224,-0.24856396193481034
17,3.0,16.0,4,1.9130783334138066,5.245412146892475,4,0.5350735182312794,288.42675112472847,0.3736117407218851,2.3166902895624633,6.200796273388521,0.6375452935461732,0.6747662653560227,1.3374631123747087,0.8488253721556749,0.10516129032258063,0.07989247311827956,1.31628532974428,0.26978494623655913,0.0996774193548387,2.7065803667745416,0.2125806451612903,0.16473118279569893,1.2904699738903394,0.045661409783082904,0.05591599447516138,0.07098523134117846,0.13786764784317185,0.05704004511557753,0.06901250914214281,0.08576778457475914,0.1577605704527186,-2.6363944370049275,-2.60806578057928,-2.566436475581306,-2.381671411476308,-2.0369441915663136,-2.0110817560182017,-1.9748876835193914,-1.8193717612692668,0.8479403157082708,1.0820820820820811,1.4360089846512607,0.44344344344344305,0.6026490066225165,0.8863982169319501,0.867763027317539,0.9400534374554296,0.18759847444260302,-0.30554986265319917
17,3.0,17.0,4,2.8920274721479493,11.052580298189959,2,0.5620667119374242,290.37618904686906,0.5392132295924644,2.033671835595179,3.771554042047932,0.6990647837335291,0.8065589317540924,33.70615662371887,0.9680629662561024,0.10516129032258063,0.16333333333333333,0.6438446346280448,0.2664516129032258,0.12645161290322582,2.1071428571428568,0.1881720430107527,0.0489247311827957,3.846153846153846,0.09603008411055483,0.104499496577493,0.0972877061824345,0.11980803641823837,0.13706640607548617,0.14711535239776932,0.1335224970709461,0.15211780162038036,-3.184763084452893,-3.154924622245696,-3.1803323746711687,-3.100991331209444,-2.187825397525605,-2.1623479562287886,-2.196810392641383,-2.1496650736337486,0.8511769657182944,0.8838838838838833,0.7814350607844542,0.24524524524524513,0.5927152317880795,0.899580406178497,0.8870218837809937,0.9571504229551211,0.19665600489617846,-0.22094010856327428
17,3.0,18.0,4,3.337671073889172,16.155485420337858,3,0.4928240127556752,287.3017350357983,0.403744594679882,1.4832248642241583,3.6736711370716097,0.603112906533202,0.8031878848439021,12.672229973962283,0.9691391863481901,0.10516129032258063,0.15634408602150537,0.6726272352132049,0.2855913978494623,0.14301075268817204,1.996992481203007,0.2072043010752688,0.07860215053763439,2.636114911080712,0.045554628250480865,0.053901503323914954,0.07837666429192201,0.12002921647424203,0.05179639869688752,0.07109256574706996,0.09941000360081989,0.15163121175223856,-2.4385957050891065,-2.4172695461412337,-2.3547358232226108,-2.248314085672961,-1.782636821851407,-1.7463597418477266,-1.6931225390473896,-1.5949458938581598,0.8674442422393485,0.7957957957957954,0.822081575524054,0.09109109109109068,0.6158940397350994,0.9258960822652063,0.9085553602419048,0.9801863759051743,0.170290518311793,-0.24204878937559382
17,3.0,19.0,4,5.7067782979734565,57.85761559096651,3,0.5676541992680519,285.9770536407868,0.2891897716022143,2.7909329563374388,9.650870225716062,0.6906241541229158,0.7830696617805506,20.17610261304045,0.9686399155685683,0.10193548387096774,0.11333333333333333,0.8994307400379506,0.3198924731182796,0.08290322580645162,3.8586251621271077,0.1353763440860215,0.10462365591397849,1.2939362795477904,0.06249027781619916,0.08134972368205204,0.09580929607918577,0.13348105388690512,0.06244753063241758,0.07741858791911632,0.09425235912201216,0.13710564084268909,-2.8373094319881593,-2.7802326013472887,-2.7364716886078044,-2.6224606749423267,-2.607944499112901,-2.566300230901345,-2.5194745412015136,-2.400271633648232,0.8590350976207046,1.0820820820820811,0.822081575524054,0.09109109109109068,0.6589403973509934,0.9304373154876703,0.9017459162284599,0.9744162913383083,0.18065927115679264,-0.20574767521990525
17,4.0,0.0,4,4.604349531572599,30.42147014935302,4,0.5789729595258147,64.737581768158,0.23608143237996512,4.191944473145471,17.756349709021915,0.7771087677629986,0.8576631296110254,4.6084684266345155,0.9887293801306467,0.11483870967741935,0.11978494623655914,0.9587073608617595,0.29838709677419356,0.11935483870967742,2.5,0.3197849462365591,0.08516129032258064,3.7550505050505047,0.02838758321134997,0.044487993938397086,0.06279674284487856,0.09664718883557191,0.033058297236244205,0.04700382616910817,0.07632050782578109,0.11479254945744481,-2.90859876969345,-2.860400914228584,-2.805592223413343,-2.704258230700977,-2.227542665072701,-2.1954163635633432,-2.127879552396819,-2.0392515473143638,0.8415708552160099,1.0160160160160154,0.7814350607844542,0.2672672672672673,0.5993377483443708,0.9286681171945609,0.9042226169192706,0.9733203713078156,0.17421642185799588,-0.18587348923362673
17,4.0,1.0,4,6.041527311122009,50.845395301035445,5,0.6013280990796529,69.80583589695067,0.042622624815634905,6.773674810907469,158.92204762628177,0.7998719254668563,0.9025149225237233,10.090956078078282,0.993533641888603,0.10193548387096774,0.19978494623655915,0.5102260495156081,0.2596774193548387,0.17892473118279567,1.4513221153846154,0.24505376344086022,0.09849462365591397,2.487991266375546,0.08863372775536146,0.08898454702188467,0.1028213979538739,0.14326389400764517,0.11521620979458908,0.11359983965665062,0.1214602050459957,0.15665885616378836,-2.2200739074024862,-2.219219317186081,-2.1855129659085986,-2.0869956815043054,-1.677863567440103,-1.680928777942338,-1.6660227400384482,-1.5992736257493312,0.8682464902980573,1.2362362362362358,0.7427982482564911,0.22322322322322294,0.5695364238410596,0.8979657634128441,0.9060924262141076,0.9694528714534473,0.17919997259127224,-0.16472211254873997
17,4.0,2.0,4,3.8194586836021927,17.216393191138913,5,0.7126461084344731,78.49703735914143,1.2710841503832024,4.998966411603955,3.9328367127360386,0.8158150426150848,0.8723666401494687,66.1272759916928,0.9778641093121838,0.10516129032258063,0.13333333333333336,0.7887096774193546,0.1981720430107527,0.10301075268817203,1.923799582463466,0.09483870967741934,0.08139784946236558,1.165125495376486,0.0950072266007154,0.09038913601466993,0.10407892303675678,0.1415015279290585,0.11646211733234223,0.10194219281319729,0.11445249600851742,0.1509552984366825,-3.3691239712518244,-3.3863162849941943,-3.335351690609422,-3.1960341193367148,-2.9072062476546576,-2.954982824194965,-2.913818735678831,-2.7937093692805797,0.8412003356164268,1.2142142142142145,0.9571521538991856,0.20120120120120072,0.6357615894039735,0.9257617700332424,0.9045887376028798,0.9755584223776889,0.17630410768464025,-0.16998236772355305
17,4.0,3.0,4,3.176154424177429,11.3728969760911,5,0.44047252523950975,62.26517232348053,0.10420667063462874,2.7724860511866565,26.60564850889053,0.6312249457799644,0.8472535752142093,4.7451028522766645,0.966151931835769,0.11161290322580646,0.21311827956989243,0.5237134207870838,0.29516129032258065,0.17258064516129032,1.7102803738317758,0.34892473118279577,0.1443010752688172,2.4180327868852465,0.12009236148777662,0.1291849977197884,0.1626925017741994,0.20891698053602928,0.12670212374854348,0.14178098174923043,0.1840055492404378,0.21008365009395644,-2.716567907802946,-2.6884959117159766,-2.5850470879977294,-2.442336728338133,-2.4002886058943695,-2.358843857162922,-2.24278821224025,-2.1711116743208545,0.8758745675354196,1.0380380380380387,1.2333634979137746,0.24524524524524513,0.6556291390728477,0.9347117489520114,0.9029085494759851,0.9661670371029887,0.1786646261254415,-0.26181699833551
17,4.0,4.0,4,7.2351559517716195,65.89618255532591,4,0.5753291066381578,77.51895179935539,0.0799018660213505,5.235476008257899,65.52382652563999,0.8486425347946152,0.924111271288659,27.36148884625414,0.9871226709225711,0.1309677419354839,0.08645161290322581,1.5149253731343288,0.2886021505376344,0.10634408602150539,2.713852376137512,0.3170967741935484,0.15881720430107527,1.9966147596479353,0.0687979994932214,0.06909124622161368,0.08985704793637539,0.15205040796693178,0.10877259989007262,0.1010434485276958,0.129812938430542,0.22027245186948094,-1.8788086206415895,-1.8782169611724535,-1.8363195347762522,-1.7108371787369785,-1.1439623563428327,-1.1538833464335148,-1.116955382306759,-1.0008432900007205,0.8493330184988511,1.2142142142142145,2.154434690031882,0.3993993993993996,0.652317880794702,0.9531039637699108,0.9069650173646538,0.9818116601746474,0.1938985886303048,-0.16717705936270452
17,4.0,5.0,4,3.754298297119817,21.493612792779277,4,0.5512666857722661,63.87576562435172,0.25560582647997143,2.836333474852021,11.096513385129224,0.7624724688799772,0.8000205191671518,13.425258436445588,0.9664233850555288,0.10193548387096774,0.13655913978494624,0.7464566929133858,0.2862365591397849,0.07978494623655914,3.5876010781671153,0.16193548387096773,0.09440860215053762,1.7152619589977223,0.035492130089623763,0.050344067084880685,0.05896874639883967,0.09302186108876524,0.03778814293995522,0.04921515300673852,0.058263274210928154,0.09239916271060626,-3.2359454898160824,-3.1861169088017043,-3.157180916677857,-3.0429319547639495,-3.0482051304659525,-3.0120053367761503,-2.9833416601925355,-2.875202075656903,0.8495545242816092,1.1481481481481488,1.1723818032865998,0.20120120120120072,0.6125827814569537,0.8940544529100699,0.8744360576498306,0.9577940224139045,0.1701382731911118,-0.24052962117686794
17,4.0,6.0,4,4.6284676471908135,25.866399449073967,6,0.6908234028053526,69.62611944719512,0.2784628167743664,3.7228771480256824,13.36938694778149,0.8272664412131888,0.9165648722629242,6.947220663925918,0.9880874751818804,0.10838709677419356,0.21645161290322582,0.5007451564828614,0.2890322580645161,0.1795698924731183,1.609580838323353,0.30946236559139784,0.13516129032258065,2.2895783611774063,0.1429922469275012,0.13405587648045367,0.17928614944734653,0.21343456467264926,0.1902344034339474,0.16248687182006308,0.18637162430463028,0.24274044940253997,-2.134432139403779,-2.1566887365272156,-2.0440398743104753,-1.9589910813383242,-1.5564150363715794,-1.609747353290433,-1.5638395151893345,-1.4554954618768277,0.8752441711066364,0.9059059059059056,0.7814350607844542,0.20120120120120072,0.6158940397350994,0.9456017213098237,0.8993733850388993,0.9669251939099507,0.19666258875287085,-0.18441481191792308
17,4.0,7.0,4,4.872710456419613,31.913948997179766,4,0.553500492008189,70.33192860148935,0.8959202502628212,3.0948783501055965,3.454412766312296,0.817887477789616,0.9064623549105933,5.221493148397359,0.982621514728664,0.10193548387096774,0.16666666666666666,0.6116129032258064,0.2629032258064516,0.1163440860215054,2.2597042513863212,0.23849462365591395,0.05559139784946236,4.290135396518375,0.045660581294326374,0.05453080803071654,0.055168491316478156,0.07214560371801552,0.04824668619555571,0.053220374234865996,0.05778129531189035,0.07479482203094778,-2.7360739315054485,-2.710643151151751,-2.70881492465232,-2.6601418490529873,-2.4700063014925115,-2.457098502149374,-2.445261922609841,-2.4011081302382626,0.8526721533328743,1.0380380380380387,0.9098272894455567,0.06906906906906941,0.6192052980132451,0.9410246141180663,0.9194780275455972,0.9826929046854833,0.16578340330002395,-0.2077648721063585
17,4.0,8.0,4,8.209466394497507,84.31687057649394,4,0.5562016883411941,80.85356210088534,0.20987267159032902,6.8518328398398465,32.64757049080982,0.8129449450082861,0.8686332007617398,43.07696603566322,0.9941843358914748,0.10838709677419356,0.10978494623655913,0.9872673849167485,0.2725806451612903,0.09655913978494624,2.8229398663697105,0.2078494623655914,0.06548387096774193,3.1740558292282435,0.03242364384760517,0.032210128777959625,0.041246297134052076,0.07395075606629317,0.0427061322205483,0.04092510080055114,0.051399692015831555,0.09023762291191116,-2.5390752490031328,-2.5396355467255596,-2.515923194441534,-2.430101458845285,-1.9002386468357155,-1.9037740134033065,-1.8829818369285405,-1.805888125440494,0.8422654517862158,1.39039039039039,0.7060717714137765,0.17917917917917947,0.5894039735099338,0.8943335450697664,0.9120017934621216,0.966688336333825,0.169363674482684,-0.15387939235273093
17,4.0,9.0,4,5.415967560218611,39.36148767356459,4,0.6804587326256778,65.21161146226109,1.0442844486365754,4.371694483472743,4.186306220666655,0.8893038352062678,0.8709089163094371,2.6745647032052777,0.9858108282200633,0.11161290322580646,0.1564516129032258,0.7134020618556702,0.2661290322580645,0.11623655913978492,2.2895467160037004,0.19752688172043015,0.055698924731182785,3.5463320463320476,0.024650294683829233,0.03533659900156504,0.052648210727569394,0.08282823829483266,0.03364035653658825,0.04153953838602145,0.06136659754718178,0.09927217440003447,-2.4944125116866465,-2.4670827744154282,-2.4228091147716717,-2.345625066879407,-1.8367439635383582,-1.821730117837146,-1.7840451508837862,-1.7119986411398675,0.8440553650383982,0.971971971971972,0.9098272894455567,0.2672672672672673,0.5860927152317881,0.8815814978348834,0.880729075967984,0.9738029167854702,0.17792357587755794,-0.19134576988699123
17,4.0,10.0,4,4.965036465658612,35.02087162534647,3,0.702991265723038,74.0961763293018,1.30740890456335,4.525464980624184,3.461399845777863,0.8712456859852025,0.8931017811371806,5445.104379784298,0.9834197828787565,0.10193548387096774,0.17,0.5996204933586337,0.27279569892473116,0.12634408602150538,2.1591489361702125,0.22913978494623657,0.07172043010752689,3.194902548725637,0.07491672626788784,0.06810167936327977,0.07439196192202238,0.10717215812458641,0.08226368946909761,0.07727623037486864,0.08619451993894099,0.12350738933780507,-2.8646895602657163,-2.8857935995178687,-2.8663145890451642,-2.7648047158138596,-2.2918763755608564,-2.3043316304537647,-2.282059854860093,-2.1888778777514686,0.8370335964264143,1.1921921921921912,1.3650078065460138,0.2672672672672673,0.5960264900662252,0.9158972717546122,0.9057329857373557,0.9689097931893735,0.16908818787266877,-0.16470464922249378
17,4.0,11.0,4,6.5980837497274925,55.78097340384651,4,0.5070957562205602,65.9840519393309,0.3059077376904604,3.887644474948354,12.70855227232648,0.7732819518484763,0.911371256070415,10.337793231773505,0.9917134984333194,0.10516129032258063,0.1,1.0516129032258064,0.28215053763440856,0.13956989247311827,2.021571648690293,0.3267741935483871,0.11236559139784945,2.9081339712918663,0.048246115228183284,0.052932769059769486,0.06505006707504356,0.11071474425034558,0.057860283799088946,0.07547284857641336,0.09138391031890772,0.15065864547056831,-2.0714013901216544,-2.061201335866983,-2.0348291945445713,-1.935444387932455,-1.3957195300377525,-1.3696276455634495,-1.3460564286454482,-1.2582447123295366,0.8654453164044058,0.8178178178178177,0.6711611767496287,0.15715715715715728,0.6324503311258278,0.9425113962312859,0.9175913551963479,0.985209312774135,0.16024351135756554,-0.1737258902500708
17,4.0,12.0,4,10.329476071006754,130.89072525946807,4,0.4918143806432618,95.81039166170439,1.5135853595478774,8.769360404767804,5.793766667634323,0.8861820036357307,0.8116208000701839,16.193295748001148,0.9936045816236734,0.10193548387096774,0.14311827956989248,0.7122464312546957,0.2832258064516129,0.13268817204301075,2.13452188006483,0.23752688172043007,0.14827956989247312,1.6018854242204492,0.07383464604301868,0.11041382468361217,0.11252086769838462,0.18157664533113946,0.10758085691838215,0.13302657280930003,0.13881538299845506,0.2206073137146442,-2.940524940343267,-2.824388025233686,-2.817698277545713,-2.598449915969292,-2.1120637316758546,-2.051842058848269,-2.0381418416971093,-1.8445671388810265,0.8767662745431499,1.0820820820820811,1.0069386314760271,0.22322322322322294,0.6125827814569537,0.9451836941627635,0.9114144079218052,0.9745695107392702,0.17002680267290707,-0.12333149709649369
17,4.0,13.0,4,4.36953216034769,26.202964904587898,5,0.41735093410069113,65.21865207825786,0.2944885995089378,2.4129675245430557,8.193755305185665,0.6389317347388077,0.7771215609974571,3.7981862233891683,0.9748060179226079,0.11483870967741935,0.12333333333333334,0.9311246730601569,0.2950537634408602,0.07967741935483871,3.7031039136302293,0.3851612903225806,0.10526881720430106,3.6588355464759963,0.0717797099867516,0.07094635599338922,0.08341264541437032,0.12167152266085089,0.08956085804695071,0.08795360271347229,0.0984606039911146,0.14216408024259966,-3.031859744308904,-3.0345817408569418,-2.9938629142346134,-2.8688973742285824,-2.449633020976604,-2.453957511825694,-2.425687311111407,-2.3080984755441576,0.8425363093562704,1.1481481481481488,0.6379766808606282,0.20120120120120072,0.6026490066225165,0.9278103100209399,0.8955562922603859,0.9606700113039125,0.1889063971441865,-0.23557673793034895
17,4.0,14.0,4,3.9731983801291375,18.026134252093485,4,0.3360745490535305,62.72247085878594,0.028585336702211646,4.2640734268159415,149.1699563044164,0.6599011126565577,0.8139826389537778,3.6717295822820892,0.965520369497958,0.11483870967741935,0.22946236559139782,0.5004686035613871,0.2796774193548387,0.17591397849462367,1.589853300733496,0.20602150537634406,0.1350537634408602,1.5254777070063694,0.17425373163944985,0.2158758517309722,0.22863588618628944,0.27407091423205454,0.19327365123279916,0.23439182706840098,0.24174856207282122,0.2781538492349516,-2.7834067221073084,-2.6431078272892745,-2.600096593647534,-2.446945235503584,-2.5350774576644937,-2.40586665300885,-2.3827486612633013,-2.2683477581992664,0.8633089447330204,1.0380380380380387,0.8648423275731727,0.20120120120120072,0.6258278145695364,0.9215950864721848,0.8678993432405844,0.9281965014222682,0.20801932683132804,-0.21125010458703125
17,4.0,15.0,4,9.190289270444504,103.99227848724436,5,0.5291635989682892,81.45021787930281,0.4422868087147502,5.4883226196885095,12.408967465335746,0.8320679178875338,0.7813951504514243,15.086560311112267,0.9954322030163708,0.11161290322580646,0.12978494623655915,0.859983429991715,0.28537634408602147,0.15236559139784944,1.872971065631616,0.3382795698924731,0.09870967741935484,3.4270152505446623,0.0599702315918291,0.0702993251827617,0.08937040364920631,0.15269820397555423,0.0755960343204957,0.08336719534683702,0.1036399364873935,0.17882731141161276,-2.512200766675269,-2.4845965803928043,-2.4336297072629702,-2.2643881003709745,-1.977142206614058,-1.960521020390263,-1.917161089406743,-1.7563481354533097,0.8763182230373141,1.2582582582582587,0.7427982482564911,0.2892892892892895,0.5695364238410596,0.9033104523240224,0.8923565771214151,0.9623594264396944,0.19044142620004084,-0.14247406463591467
17,4.0,16.0,4,4.901428750052835,33.10364262460227,3,0.6800610737871282,82.83106537096322,0.9667373961523653,6.22369706473281,6.43783626194999,0.867013507013387,0.8730776986904841,14.089826044740395,0.9752099587605495,0.10193548387096774,0.1664516129032258,0.6124031007751938,0.2639784946236559,0.08946236559139784,2.950721153846154,0.15838709677419355,0.11107526881720428,1.4259438528557602,0.11569292945533942,0.14147311778024899,0.1870284148856747,0.2233500834230892,0.10470305723670677,0.1371355071493533,0.1779474849183844,0.219413223695705,-3.9726288099108467,-3.8568148327576575,-3.6521638786342248,-3.4889937404978273,-3.8525030644587432,-3.712944771887415,-3.5373289935775545,-3.3589000522068604,0.8550884419534368,1.28028028028028,1.05931476351837,0.24524524524524513,0.6390728476821192,0.9048826179936804,0.8621089529445758,0.9193884384630414,0.20851971586714596,-0.19457882700729742
17,4.0,17.0,4,5.5766054509289456,38.80920700745221,3,0.5972040141479251,77.14584053868067,1.6755877151632712,4.078843124157578,2.4342760974230053,0.7992154794063057,0.7910240740042204,4.595601400186429,0.9883717955388113,0.11483870967741935,0.12000000000000002,0.9569892473118278,0.32924731182795697,0.10279569892473117,3.202928870292887,0.12559139784946236,0.08870967741935483,1.4157575757575758,0.11863888338054845,0.1281111069778107,0.15063461941404319,0.19788295467506947,0.12688644644214978,0.1439325047718735,0.16247851085423745,0.21198888713197725,-2.9119240838606566,-2.880628857079634,-2.80621354980154,-2.6501100381142755,-2.4009608950363486,-2.354086213848086,-2.303086850499053,-2.1669390643869315,0.8502926936064906,1.3463463463463456,1.0069386314760271,0.15715715715715728,0.6357615894039735,0.9256145891479073,0.8848145770145485,0.9649173453662843,0.19160190187865958,-0.15481334839110555
17,4.0,18.0,4,3.7996987966340936,20.954320374469187,5,0.4072324787420535,70.65923836563348,0.33212462526007946,3.9493788292255867,11.891255657820961,0.5881977894472894,0.6430885093768142,6.831109590041965,0.7642240759620953,0.10516129032258063,0.43559139784946244,0.2414218711429276,0.2563440860215054,0.4940860215053764,0.5188248095756256,0.4327956989247312,0.3343010752688172,1.2946284979092957,0.5972060905077363,0.5050877879324143,0.5210233829597114,0.6004881912606733,0.7145543786265339,0.6176353652044223,0.6398759296866328,0.6507123155245005,-1.0281270583026811,-1.2632580203422679,-1.2225825879397019,-1.019749531948264,-0.5864012453797867,-0.7855054737026581,-0.7398158791397269,-0.7175543004888931,0.8709895618078671,1.6326326326326315,3.7633583622865325,0.7737737737737733,0.6324503311258278,0.9208767465986094,0.8612698180094117,0.9466602760307301,0.21843445039419535,-0.3752796039260706
17,4.0,19.0,4,3.657621777024325,17.278401119554353,5,0.5616223335266691,67.841379056916,0.3926890091120474,4.4931130400176205,11.441911883853066,0.6286871830974323,0.8928569210250042,9.186246853317225,0.985462689724543,0.10193548387096774,0.12311827956989248,0.827947598253275,0.29827956989247306,0.11623655913978495,2.5661424606845507,0.3239784946236559,0.07548387096774194,4.292022792022792,0.04338351345245256,0.05144685827283704,0.06446502679013096,0.1099352540886612,0.05132795784225536,0.06358350202530105,0.07932248817124588,0.12394303061466129,-2.6184458269486606,-2.596374880134454,-2.560741614862553,-2.4362807378083233,-2.0361817824119886,-2.009877101036216,-1.9760957356750994,-1.8803244558153351,0.8665038054716829,0.9059059059059056,0.8648423275731727,0.09109109109109068,0.6192052980132451,0.9362773653829775,0.9142112145937203,0.9736325127228393,0.16015154010663543,-0.18860923602489035
17,5.0,0.0,4,2.257347673022191,6.078993634831793,3,0.6509879155311153,-136.05478588138482,0.11854421799744212,2.727862325919924,23.01134860899571,0.747878289794641,0.8260775617687879,7.781716396507608,0.9373458798692342,0.10516129032258063,0.21989247311827956,0.478239608801956,0.2664516129032258,0.17978494623655913,1.4820574162679425,0.2881720430107527,0.0886021505376344,3.25242718446602,0.06704360425429143,0.05831786424922699,0.07242872650606655,0.09657735556273368,0.08471499394773195,0.07655975948669208,0.0870622773155202,0.1036640399101343,-2.432146246640298,-2.4548935860650025,-2.4181076431942223,-2.3551540070012504,-1.8153677297236255,-1.8315427455613222,-1.8107121498220395,-1.777784368998026,0.8735378881426075,0.9939939939939944,1.0069386314760271,0.3553553553553552,0.652317880794702,0.9316052607125482,0.8932507009262669,0.9778464979162207,0.19382402667243556,-0.24661939308528832
17,5.0,1.0,4,3.1015096758707874,12.128986277886806,4,0.5667676017042838,-134.13148680273022,0.7202302834445533,2.182999572208622,3.030974429134344,0.7293654955023962,0.8175254247764476,5.0838019518892015,0.9751107610099196,0.10193548387096774,0.13333333333333333,0.7645161290322581,0.2627956989247312,0.08311827956989247,3.161707632600259,0.2544086021505376,0.058924731182795696,4.317518248175182,0.021167273379829033,0.029756354853888823,0.03915893401469754,0.061205150694763746,0.02695488092683444,0.039570105252489156,0.05091146277205123,0.0761276058970709,-1.9772072055786416,-1.959857567261529,-1.9408646926240338,-1.8963321210312476,-1.4449198354845343,-1.4261869036811379,-1.4093455957909693,-1.3719009751237767,0.8631225627408601,0.8178178178178177,0.9571521538991856,0.09109109109109068,0.6324503311258278,0.9240382504178705,0.9185482558597051,0.970873223689411,0.15721546120781202,-0.22626366683701116
17,5.0,2.0,4,2.6619653801681875,9.658607528185485,4,0.5602761181743356,-136.0973781777405,0.47664713489361393,2.2344449914664675,4.687838922949129,0.6843923056828098,0.8619441940041036,3.649379196523138,0.9664504720224554,0.10193548387096774,0.13999999999999999,0.7281105990783411,0.29516129032258065,0.05989247311827957,4.928186714542191,0.23655913978494625,0.07193548387096775,3.2884902840059786,0.03732365949605018,0.04839241115464448,0.051121141141312054,0.07306137424626587,0.04667283341973196,0.05454737652058974,0.06049217780864308,0.08270876453070072,-2.1897518629345054,-2.164574325536964,-2.158367419518455,-2.1084610654372486,-1.8219605067643834,-1.8069109969617392,-1.7955495320343855,-1.7530900857690546,0.8655955203982308,0.8398398398398399,0.822081575524054,0.1351351351351351,0.5927152317880795,0.9754113634370729,0.9293855266435439,0.9881494200597015,0.1712070524206082,-0.2421765507223509
17,5.0,3.0,4,1.8995966750106223,4.158140171169221,3,0.3979248892649937,-137.09721755222975,0.20555438924084007,2.1329730618248233,10.376684583104192,0.49525471711749525,0.7548988202047617,2.03028791918436,0.9437548168033367,0.10516129032258063,0.2096774193548387,0.5015384615384615,0.2790322580645161,0.10634408602150539,2.62386248736097,0.1572043010752688,0.07849462365591398,2.0027397260273974,0.05681579789219014,0.08865946030790305,0.10678821798799724,0.13837048740833097,0.06256801733496252,0.07952622848706024,0.10396028740615035,0.14059790175580347,-2.3901129419856457,-2.3094182595578356,-2.2634783697076,-2.1834460804579243,-2.113751165376575,-2.0755132566554075,-2.0204185708860174,-1.9378069238969382,0.8731384943052054,0.8398398398398399,1.1144152514667882,0.22322322322322294,0.6490066225165563,0.934506951663539,0.8942190261273971,0.9643301615425249,0.19342316197737877,-0.2644692303383579
17,5.0,4.0,4,2.515220874238775,7.355613284688918,3,0.31843307896199113,-136.34501695867192,0.5203354547137484,2.319524720537946,4.457748745593328,0.582906742745015,0.7857411181093621,2.3111229424685944,0.9522404207464502,0.11161290322580646,0.17279569892473118,0.6459240821406348,0.3259139784946236,0.22258064516129034,1.4642512077294683,0.27720430107526883,0.15161290322580645,1.8283687943262412,0.20977506017730124,0.24746870656831124,0.2379029131619962,0.30797620930281167,0.17477143150448937,0.24141513556535552,0.28636476623581264,0.3354366848734384,-1.8362043790169322,-1.7486176235548512,-1.7708451575850832,-1.6080195028357092,-1.577253787424448,-1.449878126121749,-1.3639662007171764,-1.2701753741726145,0.8442369548775397,0.971971971971972,1.1723818032865998,0.2672672672672673,0.6125827814569537,0.934883338121256,0.9000717719609264,0.97555543939721,0.1885333066850618,-0.2838428160799845
17,5.0,5.0,4,3.300667421239751,15.805201467285364,2,0.5950173264732089,-136.10610100854703,0.13524573601204296,1.8615308542523967,13.76406317228838,0.7158614502532832,0.86795778287536,5.896970718512566,0.9636014802034221,0.11161290322580646,0.21000000000000002,0.5314900153609831,0.2627956989247312,0.20279569892473118,1.2958642629904562,0.330752688172043,0.17817204301075268,1.8563669281834643,0.08388850799171045,0.09962386125821948,0.10835309103221721,0.15836395468087464,0.11291674495537737,0.12836973002919397,0.1421518244212057,0.1935909322860843,-2.0963358995245196,-2.06032872547197,-2.0403536483006164,-1.9259138997029013,-1.4480005578579702,-1.422776396675566,-1.4002796577791923,-1.3163147576861185,0.8551715943929552,1.0380380380380387,0.9098272894455567,0.3113113113113108,0.652317880794702,0.9092949058888092,0.8760736227599226,0.9638257263252662,0.2006526763609946,-0.24085783193740234
17,5.0,6.0,4,2.750951764060788,10.51927269646868,3,0.37522478081255106,-134.1696334575488,0.40260935726857777,2.3211554495661177,5.765279439388916,0.4814900226217548,0.7335399442169904,2.059274959415025,0.9567746895559868,0.10193548387096774,0.22655913978494624,0.4499288087327954,0.26924731182795697,0.16279569892473117,1.6538969616908852,0.28376344086021504,0.09548387096774194,2.9718468468468466,0.03879934780338537,0.07995064487665673,0.0935118881778512,0.12334397551864966,0.04702355673004774,0.09097368527903099,0.10887629886984257,0.13381619522970264,-2.4164152730408546,-2.3129627602631646,-2.2788704036261382,-2.2038738757812437,-1.920389507743939,-1.8318234510218463,-1.79574701750265,-1.7454894107885148,0.8443149283709409,0.8178178178178177,1.0069386314760271,0.22322322322322294,0.543046357615894,0.9237289867775349,0.9066449174804407,0.9775019627546011,0.18343292561577115,-0.2683882595897288
17,5.0,7.0,4,2.534330347077881,9.003727177490324,4,0.46399502792253466,-136.02518581611008,0.08530645330813111,1.7326997577163428,20.31147340586,0.5934884531219533,0.7707026363837242,3.2835601918194044,0.9647036132793997,0.10838709677419356,0.12655913978494623,0.8564146134239593,0.2887096774193548,0.05946236559139786,4.855334538878842,0.26903225806451614,0.13161290322580643,2.044117647058824,0.08011520624898295,0.0866212172526386,0.09638607851634028,0.14647627086862408,0.09759121680005667,0.10748113440598177,0.1165981300025952,0.1566420741361078,-2.171688557529519,-2.1563289932147467,-2.1332758482814866,-2.0150215861011826,-1.7043857649907241,-1.6857066086058565,-1.6684872754126996,-1.5928559987386994,0.8539438757705997,0.7737737737737733,0.7814350607844542,0.17917917917917947,0.6225165562913907,0.8996936315501217,0.8915276722187858,0.9714875274692021,0.19908900924037284,-0.2549049202924911
17,5.0,8.0,4,2.0154091646846095,4.896029018136847,2,0.28863128721172837,-136.30229755049842,0.30696886917346555,1.721506879035309,5.608082942321098,0.443969879003397,0.7752945989364606,3.104757671472191,0.9410297405474074,0.11806451612903228,0.11978494623655914,0.9856373429084383,0.28537634408602147,0.15935483870967743,1.7908232118758431,0.20731182795698927,0.06225806451612903,3.3298791018998277,0.05154332499615292,0.08089392998355568,0.09451102257352438,0.15387761157697072,0.05995123987294067,0.09696494734043148,0.11605988538776942,0.17726391367976135,-2.4800916444752166,-2.403343605152013,-2.3677366676455742,-2.2125007088203126,-1.9589103561412742,-1.881779745525447,-1.8419889671346001,-1.7144496203005684,0.876244665909166,0.8178178178178177,0.822081575524054,0.17917917917917947,0.6192052980132451,0.9436593152063959,0.9146037791569691,0.9737943873006008,0.1666180501443221,-0.27366926615216713
17,5.0,9.0,4,2.5651995176850955,8.343805624236843,3,0.4350582666360666,-138.59083200476192,0.27219944867316226,2.572242570554978,9.449844895327264,0.6188730191078347,0.6646670907412644,1.8498435080173479,0.9353027966219556,0.11161290322580646,0.05989247311827957,1.8635547576301617,0.2595698924731183,0.10946236559139785,2.3713163064833007,0.27655913978494623,0.10494623655913977,2.6352459016393444,0.05522593174657211,0.05973198932898865,0.07532548412705088,0.15298716606004079,0.07125580454155027,0.07879395457740916,0.0925523603532414,0.189692099245135,-2.0610261929084257,-2.051196220837661,-2.017178986138151,-1.8477598985195443,-1.5582416058414643,-1.5455941415833945,-1.5225103684467358,-1.3595298798879822,0.8588906123129423,0.9059059059059056,0.7814350607844542,0.11311311311311288,0.5728476821192053,0.9432030226053201,0.9068732237764523,0.9778225402932726,0.1751498722371306,-0.230815897699092
17,5.0,10.0,4,3.542343684247185,23.605390233683625,2,0.7354194495841577,-134.7256645491601,0.07850350201293906,2.431141895875429,30.968578898234693,0.8597573449726912,0.8792000159071887,6.751340345355259,0.962810396394452,0.11806451612903228,0.07655913978494625,1.5421348314606742,0.1806451612903226,0.059354838709677414,3.043478260869566,0.12774193548387097,0.11806451612903227,1.081967213114754,0.062045791209248885,0.06814242740401988,0.08198919265660423,0.1518699057318367,0.06757563944192403,0.0740547114171752,0.08949109661330112,0.15183370309473423,-2.53877897084124,-2.522277086613748,-2.4847977767412988,-2.2956502862134647,-2.255747414924807,-2.2400730605455013,-2.2027289203933678,-2.0519079215447342,0.8473626126681273,0.8398398398398399,0.7427982482564911,0.20120120120120072,0.5993377483443708,0.9342847071558615,0.8966647672459852,0.9644667090341548,0.17802460992916244,-0.22813781672930805
17,5.0,11.0,4,2.6393254166832922,9.799591778923174,4,0.6304370187451755,-134.04792255686294,0.12203052289417843,2.5224672616397465,20.67078958456289,0.7759235684655372,0.8612007573491849,3.8867044268685067,0.9531833402611314,0.10193548387096774,0.18645161290322582,0.546712802768166,0.2789247311827957,0.10978494623655913,2.5406464250734575,0.23870967741935484,0.1121505376344086,2.1284755512943434,0.0643483796485997,0.0938457137300929,0.12592541404583205,0.16864178489112105,0.07602981112741689,0.10607010178412703,0.14844784483869197,0.19086999072422983,-2.3599402074214453,-2.2855407801169587,-2.2046279991518487,-2.0968869565669364,-1.8983534620704954,-1.8366338411816945,-1.7495661671255338,-1.6624072647278982,0.8939306108685768,0.8398398398398399,1.1144152514667882,0.2672672672672673,0.6324503311258278,0.91731286430182,0.8991263422221848,0.9679030557721789,0.1793742387280303,-0.24608811763970673
17,5.0,12.0,4,3.0498366704302375,13.722677379803546,2,0.5001958784273475,-133.65841628117587,0.6555396472572425,2.2246353679565334,3.3935939302288407,0.6489143525041896,0.8315896728637526,1.925578019835955,0.9575819231396074,0.10516129032258063,0.18666666666666668,0.563364055299539,0.2595698924731183,0.14935483870967742,1.7379409647228223,0.3272043010752689,0.07559139784946237,4.328591749644382,0.10674814866214477,0.10602952534899467,0.11688891838914085,0.14907869421662667,0.14247598469614015,0.14465961408159092,0.15469738089203242,0.196888433369366,-1.9737031729152108,-1.9752910219761122,-1.9512964246325204,-1.8801708371613246,-1.3687040303263047,-1.3652187141284295,-1.3491973180581882,-1.2818556896736202,0.8710606094152322,0.861861861861862,0.9571521538991856,0.17917917917917947,0.6125827814569537,0.9210053608498384,0.9039014810159903,0.9757525464937349,0.17585245228978738,-0.22165534722413707
17,5.0,13.0,4,1.7943613918358468,2.774363633536738,2,0.45868463364913237,-136.54136517893332,0.4317679269588044,2.037322578656526,4.7185593265497685,0.4954849338950821,0.7971702707127531,1.3419366411258886,0.9627236657012191,0.10193548387096774,0.09333333333333332,1.0921658986175116,0.26602150537634406,0.10301075268817203,2.582463465553236,0.25451612903225806,0.08204301075268816,3.102228047182176,0.028910308365711707,0.036485756464609845,0.0411244774465273,0.06251682822810269,0.03720832210529098,0.04290627146188249,0.04810087823458387,0.07328157486871445,-2.4910208262315674,-2.4715884307021354,-2.459689271775232,-2.4048140200059818,-2.045399078094008,-2.0332940914924587,-2.022258429107863,-1.968763394965235,0.8814747360340891,0.861861861861862,0.6711611767496287,0.11311311311311288,0.6059602649006622,0.9384115757224428,0.9233458500031352,0.9791703814719213,0.16205068824951796,-0.2480637192279907
17,5.0,14.0,4,2.289050517678074,6.178479198936007,3,0.30885580179385796,-137.04862874740073,0.2495605828347697,1.7962521188890306,7.197659576225233,0.5610012091154775,0.8436679432155108,1.8960467050828977,0.9420004778622771,0.12129032258064518,0.1761290322580645,0.6886446886446888,0.328494623655914,0.14924731182795697,2.2010086455331415,0.17634408602150536,0.1278494623655914,1.3793103448275863,0.2311591287340344,0.16807081276227734,0.18806517009592502,0.25258910767318493,0.24999558750170012,0.16414989389959542,0.1679360305071167,0.25632008227595576,-2.2296968973008298,-2.412657803302795,-2.354672649057611,-2.1675483314068655,-1.916390047547352,-2.135740534160983,-2.1260663050599313,-1.9002298775014508,0.8734365230496961,0.9499499499499499,1.1144152514667882,0.22322322322322294,0.6059602649006622,0.9405145083765708,0.8963046610571659,0.9693768856095444,0.18620507124698238,-0.27530837094265453
17,5.0,15.0,4,3.584835681999259,21.231027570067628,2,0.39985531948726605,-132.9199184389702,0.2447812266138704,2.7334501666070565,11.166910977690833,0.6696262494012251,0.8121786593170719,3.6436855172889757,0.9711560014723154,0.11806451612903228,0.14989247311827958,0.787661406025825,0.2887096774193548,0.21634408602150534,1.3344930417495031,0.2835483870967742,0.09236559139784947,3.069848661233993,0.07278316491164565,0.07961012347351253,0.11714540205386355,0.16932995407427998,0.08655916048301823,0.09333060294134717,0.12590253514411504,0.19153524568206723,-2.6183539326823837,-2.5990753851816577,-2.4930800661085026,-2.345716880026031,-2.093311878223837,-2.0777939154642295,-2.0031495492096947,-1.8527405389865779,0.8617939153122709,0.8398398398398399,0.9098272894455567,0.11311311311311288,0.609271523178808,0.9651853754539402,0.9194028286597682,0.9818210230937722,0.1883147537670112,-0.22516849993962268
17,5.0,16.0,4,3.8785251638991802,21.763277486349466,3,0.6650829576329126,-133.2467242242362,0.4875389124069177,2.5315766993632742,5.192563372767933,0.7886000542762082,0.8660526171695886,16.149946769854942,0.9666502217324353,0.10516129032258063,0.14645161290322578,0.7180616740088106,0.2595698924731183,0.15956989247311829,1.6266846361185985,0.28838709677419355,0.13236559139784948,2.1787164906580014,0.05359282369928398,0.06610994047406997,0.07691846560043934,0.1164498042428119,0.08779593351820522,0.10150727571006891,0.12346322505957605,0.18247966050115327,-1.817295697671522,-1.7932602687021597,-1.7725056857888064,-1.696597415609806,-1.0518385479746915,-1.0360283594524045,-1.0107115309797348,-0.9426612294710759,0.8520413358832284,0.8178178178178177,1.0069386314760271,0.11311311311311288,0.6556291390728477,0.9313531171298414,0.9152761852992315,0.982223999568401,0.16991365006307516,-0.20616429331169617
17,5.0,17.0,4,4.188276834817451,24.812885096072268,4,0.5231655552951078,-133.03489422810708,0.019212729266846782,2.7865435539730306,145.03632020576333,0.6324063229501913,0.8402852405096028,5.186926989846787,0.9716532020338622,0.11483870967741935,0.12333333333333334,0.9311246730601569,0.292258064516129,0.10602150537634407,2.7565922920892496,0.30645161290322587,0.13161290322580646,2.3284313725490198,0.17273161674765136,0.14633696263344176,0.1510927620696934,0.19249561749650296,0.19283412964475702,0.17062613518434844,0.17545456744379082,0.23651743487884183,-1.851875175178883,-1.9109607219023914,-1.9003146642354714,-1.807632625735469,-1.3185377250285093,-1.3548153720013494,-1.346927934833054,-1.2471792991826214,0.8630068261629589,0.861861861861862,1.1144152514667882,0.1351351351351351,0.6490066225165563,0.9239918967436084,0.8877577739335205,0.9539052654847039,0.19227361956266215,-0.25417118512173414
17,5.0,18.0,4,2.241305225737482,6.122584882053081,3,0.31443870214803393,-136.1638348206604,0.3178481264970504,1.9819711079886189,6.235591601031543,0.4885713523601506,0.7762213764086713,5.383193333390456,0.9457870930427232,0.11483870967741935,0.1295698924731183,0.8863070539419087,0.282258064516129,0.1225806451612903,2.3026315789473686,0.3431182795698925,0.10516129032258063,3.26278118609407,0.05513221226304352,0.0624184236917677,0.08001275907919725,0.1434798708017656,0.06752483866420327,0.07390051840032205,0.09514825331853083,0.1651807981304092,-2.4875321651037985,-2.46834992021628,-2.42202970931706,-2.254941272304879,-1.9477607002101807,-1.9344431353655054,-1.8900607166607704,-1.7437762426326593,0.8625550735890255,0.8178178178178177,0.7060717714137765,0.15715715715715728,0.5960264900662252,0.9713916839701949,0.9364939570563817,0.9899862500912163,0.15565088711135727,-0.2749203529192579
17,5.0,19.0,4,1.9532541797199483,4.3107040890603745,2,0.4508111310090963,-140.06851506202227,0.25338241949636664,1.8389397079622065,7.257566296893679,0.7436582197359514,0.7567139324360196,2.561126105281918,0.9566855563561438,0.10193548387096774,0.18978494623655914,0.5371104815864022,0.2563440860215054,0.16634408602150536,1.541047188106012,0.18838709677419355,0.09870967741935484,1.9084967320261437,0.08534380919784954,0.08792594945853871,0.11050881259570655,0.13868895750460164,0.10064108537327313,0.09984094004258033,0.11743050482468233,0.14869651049375857,-2.114229944029287,-2.1082613207217196,-2.056060979274686,-1.9909225078002626,-1.7243323700180915,-1.7258664811187803,-1.6921421743542255,-1.6321961563857112,0.8715115269847559,0.861861861861862,0.8648423275731727,0.20120120120120072,0.6291390728476821,0.9133520610567866,0.8982313046144031,0.9636028300799337,0.18520925906063354,-0.2657383593331156
18,1.0,0.0,4,13.741767214195164,210.8747170566806,3,0.41991821305095334,146.2182383457516,9.343199758704696,44.039403299623054,4.713524749226651,0.8840400792842275,0.8658070888176079,14.546997893302144,0.9952203545168605,0.10838709677419356,0.15978494623655914,0.6783310901749664,0.3126881720430108,0.11978494623655914,2.610412926391383,0.15483870967741936,0.08838709677419354,1.7518248175182485,0.052834713793755414,0.07820081645484096,0.10688326637882009,0.14437267502517334,0.058874814931150356,0.07391824434933605,0.1085074050683269,0.14794669312714614,-2.843166652841334,-2.767023599196055,-2.6809256537442283,-2.568391296699767,-2.6014984877192195,-2.5599147967263387,-2.464301959316883,-2.3552821924787075,0.8671439707452169,1.6546546546546546,3.0724688427090037,0.7517517517517519,0.6324503311258278,0.9536060106749006,0.89198300695775,0.970311130760682,0.19661783185341639,-0.11359924999894475
18,1.0,1.0,4,9.931435521360244,123.45779569755203,5,0.4249821535874837,123.15760524560046,2.895914450942087,29.29200833942833,10.114942563271914,0.7762237268109413,0.8965436785959853,11.38557221876521,0.9932787917249648,0.10516129032258063,0.15655913978494623,0.6717032967032966,0.2789247311827957,0.10956989247311828,2.5456329735034346,0.22806451612903228,0.06903225806451611,3.3037383177570105,0.051326137788388945,0.05643583944439564,0.06864141008166384,0.10084150773957534,0.06022350499309608,0.0697556233234242,0.08076050653244228,0.11707444065968754,-2.3666098453673743,-2.3538629249264504,-2.323414290480946,-2.243086296662976,-1.8074107486291273,-1.7890782480622631,-1.7679132750021087,-1.6980730574447298,0.8737928277276632,1.588588588588589,4.609604486828429,0.8838838838838833,0.5860927152317881,0.9046687937272082,0.8816148583306297,0.9662513085596106,0.1868878387230686,-0.13391522097981845
18,1.0,2.0,4,3.2216397583770493,14.211236893855489,3,0.6638326935843126,66.8006981666093,0.6050781095363142,16.565551211911487,27.377541760031715,0.7053208916989588,0.8013026131450481,7.51131947742257,0.9595344787557278,0.10838709677419356,0.17978494623655913,0.6028708133971292,0.28924731182795693,0.14634408602150537,1.9764878765613516,0.28483870967741937,0.1053763440860215,2.703061224489796,0.08607028003124685,0.08415628134876575,0.09509982501390885,0.140939703516078,0.09870181308182276,0.09977844334487987,0.11392230062497267,0.15467292721367462,-2.6996502063863232,-2.7053039528673546,-2.6729779005805208,-2.5375718242102985,-2.1009215451415804,-2.0984119254079134,-2.065442665153702,-1.9704531593265968,0.8577494082740094,1.5005005005005003,4.609604486828429,0.9059059059059056,0.6059602649006622,0.8892072137685618,0.8920143070738166,0.9639154848528464,0.18411486646362618,-0.21254833712240226
18,1.0,3.0,4,6.855874132311565,62.44823166376426,5,0.5859306699765557,106.25785252440473,2.485549004492562,24.64927661293328,9.917035056794449,0.7258398946552103,0.8968953889998506,60.964049837013555,0.9794699119805331,0.10193548387096774,0.11978494623655914,0.8509874326750448,0.2629032258064516,0.1229032258064516,2.1391076115485563,0.2978494623655914,0.08849462365591398,3.3657351154313484,0.056163196822799695,0.054365254881167634,0.07881207538569758,0.13399371279649352,0.06058535510318401,0.06096046939299079,0.09681649557619994,0.14547081065870598,-2.81735432250474,-2.8227211819912723,-2.7497473848389653,-2.585030111514959,-2.260613715803436,-2.259711038255095,-2.1734268558397005,-2.0563447849926826,0.8694161849007003,1.6766766766766759,3.9591102664684588,0.7957957957957954,0.6291390728476821,0.9104884051062626,0.8898648032072208,0.9635358018518084,0.17381546447622406,-0.21135942875971958
18,1.0,4.0,4,6.410028550440412,49.8999298058343,5,0.5864933114880624,102.20677064706096,1.6294383503738654,29.843493206925963,18.315202413198723,0.7076041312808241,0.8231401236384818,5.720075698381669,0.9885974558146696,0.10193548387096774,0.15978494623655914,0.6379542395693135,0.2627956989247312,0.1860215053763441,1.4127167630057804,0.2806451612903226,0.09838709677419355,2.8524590163934427,0.022471927006162767,0.02865099416974026,0.03761369678692669,0.06234121334996458,0.030654743019474573,0.03561598252435297,0.045417600655740555,0.07815536798528964,-2.245332800562416,-2.2311397941797275,-2.2105529172152414,-2.153755055804064,-1.5869274718795925,-1.5788053634686117,-1.5627590095306725,-1.5091635934813965,0.8792032686960434,1.808808808808809,5.101615314749834,0.8838838838838833,0.6423841059602649,0.9138615840358935,0.9020681691902189,0.9731376553444266,0.17706591875774377,-0.17486545436943982
18,1.0,5.0,4,3.4995614822563,20.912099571548513,4,0.4532112475563014,63.42640440254823,0.466530369903431,10.619257042363643,22.76219883511928,0.6032870514821225,0.6768630635651149,9.743693177005422,0.8776451217491099,0.11483870967741935,0.25268817204301075,0.454468085106383,0.29591397849462364,0.2089247311827957,1.4163664436438497,0.3209677419354839,0.2397849462365591,1.3385650224215249,0.25684303169774064,0.3120246138966361,0.3018429799874987,0.38280598781699476,0.22859755408158947,0.2898675611591101,0.29856406191373247,0.35943498097434,-2.62789667545393,-2.4327676480856697,-2.468771188443551,-2.1824757916635966,-2.439144402394156,-2.245411033270782,-2.2179130375769787,-2.0254415691743857,0.8740585157872005,1.874874874874875,8.470868266557403,1.1261261261261257,0.6688741721854304,0.9112830430011176,0.8614269719371147,0.9202655152952712,0.2251468649456903,-0.33258158632260953
18,1.0,6.0,4,7.543380950327251,85.13928780619717,4,0.3754614338538629,60.34776089025732,0.17100400072925648,19.119473598981365,111.80717127929908,0.7824722485568884,0.8228467722774173,52.50285941561642,0.978678244395991,0.10193548387096774,0.13999999999999999,0.7281105990783411,0.26956989247311824,0.1329032258064516,2.0283171521035595,0.19419354838709676,0.11473118279569891,1.6925960637300845,0.034696973410793946,0.042552020867944094,0.05572944927621687,0.09006755597758348,0.04033142864486359,0.050772831004373555,0.0682553078532478,0.10133656159736276,-2.096013807996017,-2.078957725626913,-2.050344874390746,-1.9757847167987674,-1.645610577591792,-1.627705977315638,-1.5977275559275266,-1.5410008247348597,0.8539203665653516,1.6986986986986992,5.101615314749834,0.9279279279279278,0.5827814569536424,0.9616332558749142,0.9261100347690672,0.9872118282406183,0.1632803496651385,-0.21755862652498226
18,1.0,7.0,4,3.8256028434907545,19.546783173788672,5,0.5417160728168393,59.01495542614826,0.4737929105730646,13.893861027595836,29.32475500908373,0.7175741645894175,0.8239228626192295,45.06869306825694,0.977386614966343,0.10193548387096774,0.2798924731182796,0.3641951594314252,0.24989247311827958,0.2196774193548387,1.1375428291727852,0.2918279569892473,0.0689247311827957,4.234009360374415,0.07098844893184506,0.08684774129322292,0.10750306227961061,0.12145824200367475,0.10063076512217295,0.11404853549038403,0.14951504677183589,0.1650414219760665,-2.1374661218954714,-2.100977124422076,-2.0534534431562,-2.0213454205478123,-1.336376384019867,-1.316438864755363,-1.2637390321815427,-1.2406683284619697,0.8512013566036214,1.6326326326326315,3.2322839781813806,0.8178178178178177,0.6622516556291391,0.8991309824354347,0.8917708878660293,0.9761351294880364,0.1869159472067053,-0.18677945053929368
18,1.0,8.0,4,4.132340095390752,22.89385538197299,5,0.4421113108839181,75.77524943322695,0.8024342499241949,12.875673992283094,16.04576822773884,0.7467018843465321,0.8020406654611572,3.579686064143066,0.976395358703926,0.11806451612903227,0.10634408602150539,1.1102123356926188,0.2789247311827957,0.16580645161290325,1.6822308690012968,0.342258064516129,0.07978494623655914,4.289757412398921,0.09449309940353118,0.08780210904265191,0.11886702327419726,0.18338370614601796,0.12710556006013932,0.11548163522559425,0.15081418842162117,0.23932321000127235,-2.165922076439902,-2.1819265527462988,-2.107621007981819,-1.953300695636655,-1.4729041313149096,-1.4925181030937593,-1.432898679265241,-1.283550375990116,0.8549745991421167,1.6546546546546546,3.7633583622865325,0.7517517517517519,0.6589403973509934,0.9654202113590423,0.9243440926016633,0.9879772116912069,0.1865961975903269,-0.20455748927722361
18,1.0,9.0,4,12.922936177900553,197.10552777269513,3,0.35171406619336076,88.3816020562656,5.718759598216123,32.284927763664584,5.6454423742056505,0.6308747437668282,0.7914721568304035,9.564588361804413,0.9831529886866945,0.10193548387096774,0.17311827956989248,0.5888198757763975,0.29268817204301073,0.09311827956989246,3.143187066974596,0.27645161290322584,0.08806451612903225,3.1391941391941396,0.0946733484989908,0.08826441569092465,0.16215966219944483,0.1857795782320025,0.08993110154870917,0.08991228169047583,0.13990833239038594,0.17323531461211275,-3.1746263509228037,-3.1970999707373173,-2.9379782533053382,-2.855152449249731,-3.0728979043677604,-3.0729614506586227,-2.9041470238785596,-2.79161662755107,0.8484605689160729,1.8308308308308305,5.366976945540476,0.9059059059059056,0.5927152317880795,0.9295285950277596,0.8909853550365467,0.956668690936601,0.1963165980114182,-0.17079006073715447
18,1.0,10.0,4,6.429711092583816,53.21932646116375,5,0.36000858288938165,75.81192044183388,0.5971884216129957,22.08833999122918,36.98722076956709,0.7176866646748017,0.8268833490153347,4.930926557907979,0.9849433731336457,0.12451612903225809,0.15989247311827956,0.7787491593813048,0.32086021505376344,0.15268817204301074,2.1014084507042257,0.342258064516129,0.0656989247311828,5.209492635024549,0.051198839805154585,0.07994250058180062,0.07863520750128679,0.10969562851873808,0.0740162908203233,0.095619696784886,0.10533112831855768,0.14717258830577065,-2.3696674635479984,-2.2978790630029446,-2.3011440778534524,-2.223569479321088,-1.488497093383011,-1.453770125006956,-1.4381592266000451,-1.3709000610699709,0.8963672703768486,1.808808808808809,4.381689931514194,0.8178178178178177,0.6390728476821192,0.8666391727690504,0.8756728109293218,0.9650307445131123,0.18194174823752968,-0.16241195756395987
18,1.0,11.0,4,3.4046456622068053,14.848217977074736,4,0.5940235118662505,99.8432078931796,2.1286836132607414,14.195374274685912,6.668616315856013,0.6820770149291597,0.8960885817691808,8.609357618321722,0.9803737281006755,0.10193548387096774,0.15301075268817205,0.6661981728742093,0.3120430107526882,0.08956989247311828,3.483793517406963,0.23322580645161292,0.08838709677419354,2.6386861313868617,0.058862957174368874,0.0776946665909942,0.09186300295302059,0.12352804971906907,0.0618492105641697,0.07929208383224572,0.10315656550499112,0.139533343739647,-2.8782715539240975,-2.8206786943731643,-2.777347789667924,-2.6805068417367313,-2.430859668412634,-2.385663120473792,-2.323827425552366,-2.2295708901711055,0.8744328143085822,1.6986986986986992,4.381689931514194,0.9059059059059056,0.6192052980132451,0.9062269518164315,0.8838200951444817,0.9585390215204297,0.18502511209368908,-0.219171282778924
18,1.0,12.0,4,4.507348975433512,30.842574512164546,3,0.6061235828495046,91.32574948159137,2.247005340446497,19.517063989715066,8.68581112755027,0.777973177328632,0.8239412181707781,160.7395969193876,0.9372323484734834,0.10193548387096774,0.15623655913978496,0.6524432209222297,0.2865591397849462,0.12580645161290321,2.2777777777777777,0.18763440860215055,0.16021505376344086,1.1711409395973156,0.08904051973297464,0.20986752645788584,0.17616592892894528,0.24883638850788597,0.08995480096722588,0.12184546674749142,0.12732276581576024,0.17967523936833668,-4.2403631520115255,-3.677933759505528,-3.8348090271999293,-3.4965402614498253,-4.183411170896262,-4.036812114482057,-4.0116333715658925,-3.77097288248615,0.8747191365333209,1.7207207207207202,5.939826693920351,0.9499499499499499,0.6291390728476821,0.915802741935826,0.8810959769994742,0.9369060031899055,0.19191027960711127,-0.21791986200413438
18,1.0,13.0,4,3.4608676743263898,17.679439336732006,3,0.5558421794732904,61.88129044634871,0.9332030207793598,12.466944174108946,13.35930542069746,0.7728507705695384,0.7850732926521798,4.652447111548215,0.9401907645474316,0.11526881720430109,0.056559139784946234,2.038022813688213,0.2976344086021505,0.10870967741935482,2.7378832838773492,0.17623655913978495,0.15086021505376343,1.1682109764789737,0.07704208293816005,0.0993643536302242,0.11981287777443533,0.2593106530241845,0.0859500627312834,0.10679222256734149,0.12686825881870667,0.25094893195357854,-2.88725435467663,-2.817424439281241,-2.7534560943646786,-2.317070478496394,-2.660976028418984,-2.600300472912739,-2.5418552512324184,-2.180632430312385,0.8502267837434706,1.6326326326326315,4.165044248545185,0.7957957957957954,0.6192052980132451,0.9022567675305885,0.8773615851762807,0.9441702038696433,0.19399127105353017,-0.2787736036457502
18,1.0,14.0,4,4.553212630830433,29.129769591560944,5,0.49350055549362304,81.40447252107589,0.8446909063411001,15.505292631101696,18.356173263738683,0.8026559329693955,0.794144936477733,18.555998457281554,0.9362029025137005,0.1374193548387097,0.1695698924731183,0.8103994927076729,0.3176344086021505,0.15258064516129033,2.0817477096546857,0.338494623655914,0.13526881720430106,2.5023847376788555,0.08293155927433199,0.13896487411287764,0.13898791234418822,0.1952557967633541,0.10369884021525773,0.1551657477121227,0.16472170729845925,0.2195157752720454,-2.7445400273575005,-2.5768473355031998,-2.576778388252173,-2.408383692518311,-2.0452221284756047,-1.9277825190902114,-1.9059772812062308,-1.7809456006094,0.8740256944565887,1.742742742742743,4.381689931514194,0.9059059059059056,0.6754966887417219,0.8715866618559629,0.8820688975604362,0.9561183935165709,0.1802744418775594,-0.216718654465583
18,1.0,15.0,4,5.435519317154761,37.84476598218426,5,0.5644021217651495,90.3406059238411,2.2609409062692807,23.448096995676117,10.370946419102658,0.8125613607713503,0.900774595541467,29.482674697481404,0.984477029140643,0.11483870967741935,0.16301075268817206,0.704485488126649,0.29838709677419356,0.08978494623655914,3.3233532934131738,0.2574193548387097,0.07204301075268818,3.573134328358209,0.07229778154362436,0.08156861439637811,0.12142736055552814,0.18661435957727912,0.07696263203808672,0.08766319727908652,0.1064608991744158,0.17713565651683336,-2.8108299611933547,-2.7827404145378605,-2.6619730436177402,-2.464464008622115,-2.3430016534842943,-2.315839760669232,-2.2681244154934355,-2.08872639861952,0.843215112560819,1.5445445445445445,3.2322839781813806,0.7737737737737733,0.5993377483443708,0.8853138905354856,0.8864574198419722,0.9620557653058479,0.204933642770087,-0.17045650015237382
18,1.0,16.0,4,3.33694917718516,16.383488237915742,2,0.6191432716388607,69.6218850104633,1.3851047235642768,9.857179955162211,7.11655933841365,0.7103418910633483,0.7925574944195097,7.541872017349951,0.8987104614345919,0.10838709677419356,0.1925806451612903,0.5628140703517589,0.25989247311827957,0.29247311827956984,0.8886029411764708,0.37709677419354837,0.2787096774193548,1.3530092592592593,0.4114599683257714,0.4262566629243792,0.4850276738101864,0.5725488737397115,0.45872213211772817,0.465587408896287,0.5394060881182082,0.6363056148065296,-1.8200687263067157,-1.7743097300749275,-1.5925595122989202,-1.3218989109674892,-1.428144191701644,-1.4100303804089651,-1.21526217682004,-0.9595959018252831,0.8399718301033794,1.8308308308308305,4.8493740673352335,1.0160160160160154,0.5927152317880795,0.8857216573274709,0.8533540600889149,0.9368786525823372,0.2259558109051304,-0.2997607074077885
18,1.0,17.0,4,8.945932307265108,113.67201344655233,3,0.3949610972724287,72.85976692109028,0.831725327195354,13.547557574329794,16.288499497800878,0.7112514787364836,0.8400696364812564,22.70303982678202,0.9720344313755793,0.10516129032258063,0.1327956989247312,0.791902834008097,0.30301075268817207,0.09612903225806452,3.1521252796420582,0.16892473118279566,0.08849462365591398,1.9088699878493312,0.0880577963361446,0.08501004189311245,0.12172123026347255,0.1656592362341604,0.10729415488471257,0.08758245737548387,0.12444202018531754,0.16657785256308294,-2.6601821521970526,-2.6690726081284266,-2.5619841899190057,-2.433814774338986,-2.357008052045569,-2.4090527765233603,-2.3117326045842623,-2.2004815169640066,0.8377631394790198,1.6986986986986992,3.2322839781813806,0.861861861861862,0.6390728476821192,0.8995622045509579,0.8833231098048339,0.9628699877622013,0.18370138871695907,-0.19422294200033194
18,1.0,18.0,4,2.704009014148549,9.316524012391334,4,0.47381688359113305,43.06808179413127,2.36283160827219,10.966675590870562,4.641327614069754,0.6808448804667409,0.775437802021001,2.3570027029602607,0.9398852895308616,0.10193548387096774,0.08645161290322581,1.1791044776119401,0.28634408602150535,0.1064516129032258,2.68989898989899,0.22064516129032255,0.08161290322580644,2.7035573122529644,0.09066205450443554,0.09754256689180084,0.0978863429235666,0.14745922866451058,0.095436405236676,0.08494194508593919,0.10042194650594544,0.15553587428624047,-2.810806409424048,-2.789538421637628,-2.7884757937353393,-2.635243669567954,-2.4391255058761567,-2.4674234669838673,-2.425682160443208,-2.2770692959014873,0.8637801478962905,1.7207207207207202,5.101615314749834,0.8838838838838833,0.6390728476821192,0.9040521485730102,0.8796613958272974,0.9507653356333627,0.19499175092935953,-0.2548441778631291
18,1.0,19.0,4,6.175551304673435,55.876875499402104,4,0.6150538709098204,74.85803532731165,2.6129222978360827,21.824535673338996,8.35253910589427,0.7365105714649309,0.876516628838903,14.751917262042102,0.9721969200558321,0.10193548387096774,0.18655913978494626,0.5463976945244956,0.2789247311827957,0.09311827956989246,2.9953810623556585,0.21086021505376343,0.06559139784946237,3.2147540983606553,0.03185732122041913,0.05774398281844781,0.0562497969098539,0.0827570762761251,0.042490081241153485,0.05610533051243559,0.06329667761892542,0.09566636346035388,-2.2248721172291916,-2.165382423344191,-2.168816186402936,-2.1079002614486053,-1.7447121697524646,-1.71990334988289,-1.7067997458702333,-1.64781781397358,0.8600243264307122,1.6986986986986992,3.4004119327037095,0.8398398398398399,0.6258278145695364,0.9090749299583324,0.9032709235635804,0.9677412440526894,0.1662943731850632,-0.20189221339282784
18,2.0,0.0,4,5.27446780951027,39.3782368057496,3,0.4412579164930195,36.793803518266465,0.9610199781044765,15.143019445725358,15.757236884495962,0.7336982576767179,0.8494353236316816,10.932427094942538,0.986355092611723,0.10838709677419356,0.12989247311827956,0.8344370860927154,0.2595698924731183,0.14301075268817204,1.8150375939849626,0.26483870967741935,0.0821505376344086,3.223821989528796,0.014557546853157091,0.028263899319572097,0.03253563072496089,0.07165487968288793,0.0214959313341165,0.03837580085353109,0.045998294385780236,0.09059892072771526,-1.679117184607257,-1.6557626275845223,-1.6484839299924814,-1.5818277767443356,-1.1013516812501314,-1.0823526057533508,-1.073773135993448,-1.0235730638839147,0.8960867890285176,1.4564564564564557,3.4004119327037095,0.7957957957957954,0.5794701986754967,0.9540277778510643,0.9230671754046931,0.9858471294090588,0.16498102954723004,-0.16633490672553083
18,2.0,1.0,4,2.454145536378043,6.32593137779401,3,0.28552138663043014,44.4608687605448,0.0597051066128683,7.899524005935938,132.30901767175382,0.4646179880722977,0.8284656108562609,5.307705575584411,0.9716797798398629,0.10516129032258063,0.13978494623655915,0.7523076923076921,0.2724731182795699,0.14978494623655914,1.8190954773869346,0.2811827956989247,0.1118279569892473,2.5144230769230766,0.06760496956301949,0.089684691132332,0.08442165511024681,0.13455136593692144,0.07429309436631264,0.0787486421240997,0.09117691210133479,0.15454959873588914,-1.7594280957425057,-1.7177636925581454,-1.7276950340431185,-1.6331003410420601,-1.3695498891832365,-1.3629580674081243,-1.344570891438631,-1.2508132934025822,0.8425759560228254,1.3683683683683687,3.9591102664684588,0.7957957957957954,0.5993377483443708,0.8763255226178901,0.8936721421923803,0.9761179321512259,0.16796337683214904,-0.2205131740599439
18,2.0,2.0,4,5.191861796489514,32.928291177860245,4,0.5175192727213176,27.85979130848191,1.6010520801833867,19.870708509896673,12.411031943208652,0.7624053837941612,0.9106754675665871,9.378565886425195,0.9904817424830084,0.1309677419354839,0.12333333333333334,1.0619006102877073,0.2886021505376344,0.1129032258064516,2.5561904761904763,0.3196774193548387,0.0586021505376344,5.4550458715596335,0.04865742737957811,0.044334687043812465,0.04523594617161051,0.08118648268587386,0.06886388189072176,0.06412118392588805,0.06130524941289867,0.09837791559223276,-1.7929368271053645,-1.8010836299133792,-1.79938508227397,-1.7316313175148934,-1.2503607214097763,-1.2567293748573296,-1.260510705900801,-1.2107282898532947,0.8586030334870671,1.5445445445445445,2.3843904700937206,0.8178178178178177,0.5894039735099338,0.9083728188809073,0.9074899681368707,0.9798895972137982,0.1728718131121048,-0.17421181372939398
18,2.0,3.0,4,2.2734415146141247,6.2128006397152085,3,0.48866709685502563,64.33734790873801,2.7882001018301277,10.562428738484783,3.7882606530111604,0.5609552330503946,0.6982458649257957,12.458084694653618,0.9614725977067741,0.10193548387096774,0.13989247311827957,0.7286702536510377,0.27311827956989243,0.15924731182795698,1.715057393652937,0.284731182795699,0.11784946236559139,2.4160583941605847,0.16281155707535877,0.12741429157761047,0.1342021243565627,0.17692927426601374,0.1916347945044719,0.13582768979156842,0.15317534882406775,0.19082937627089985,-2.849312021011157,-2.9697841261220685,-2.9466822143635674,-2.801263362861931,-2.234125811411179,-2.3883631440568798,-2.340418412457121,-2.2363517925053324,0.864693563098925,1.5665665665665658,3.7633583622865325,0.9279279279279278,0.6059602649006622,0.9271977607514531,0.9051034453786063,0.9668680871920408,0.1826546268501347,-0.26026808657477574
18,2.0,4.0,4,4.53598358676071,36.05011217197468,3,0.40108567510519144,54.44441860237207,1.2424030154126595,10.86383213150091,8.744209404460056,0.6253574168778882,0.7562961766966834,4.628302528282084,0.9763374554356765,0.10193548387096774,0.14989247311827958,0.6800573888091821,0.28537634408602147,0.19602150537634408,1.4558420186505758,0.2878494623655914,0.09225806451612903,3.12004662004662,0.060343043102611835,0.05586917521157557,0.05601200391517537,0.09240328860608195,0.07309327190277369,0.055963397641395,0.060959787514279856,0.10065493787723896,-2.117817878351107,-2.12790117240376,-2.127579262179178,-2.0455598477866728,-1.6056531681101105,-1.6353267437174133,-1.6266716450053997,-1.5579089076049146,0.8610589880249235,1.4784784784784788,3.5772850993678698,0.6856856856856854,0.5993377483443708,0.9258956427354276,0.9090994074434431,0.9767603417894856,0.17774837280720218,-0.20933835345942686
18,2.0,5.0,4,3.406162175641181,14.501794108465916,4,0.6023646858116756,73.6457212390205,0.46684820546122063,13.767827719070345,29.49101561923855,0.7298433741803747,0.8476944274558585,4.201854362666248,0.9570444652459759,0.10838709677419356,0.1996774193548387,0.5428109854604201,0.29924731182795694,0.21591397849462365,1.3859561752988045,0.20806451612903226,0.11204301075268816,1.8570057581573898,0.09937369026303934,0.11232993206401996,0.14628829382047667,0.19987023563519754,0.0872921924441086,0.1333687938717174,0.17105367711633895,0.2315052119557869,-2.340429462723041,-2.306760481804601,-2.2185139476967635,-2.0792722289758094,-1.9376151128035353,-1.8397976968313456,-1.759795314147067,-1.6314609156381432,0.8464293043018758,1.5665665665665658,3.2322839781813806,0.9059059059059056,0.6125827814569537,0.928851529059767,0.8937231393177961,0.9741958940265929,0.1809907877482645,-0.23108815762832446
18,2.0,6.0,4,2.581680344819999,7.12333808653786,3,0.4525635843854967,48.60055974841495,3.7056862413101332,9.03286180631702,2.4375678938008205,0.5279190150183282,0.8509647852508121,1.8083377790019708,0.9668936273985974,0.11161290322580646,0.2530107526881721,0.4411389715257118,0.2724731182795699,0.24935483870967742,1.0927123760241482,0.2704301075268817,0.1221505376344086,2.213908450704225,0.0870920507566962,0.14177969439201335,0.17536335746940743,0.2302659434330116,0.11777266917659399,0.15995504315268946,0.24479686542993878,0.3103329669691001,-1.7380906777982175,-1.6339705595846745,-1.5700304309336774,-1.4655010827891546,-1.1949608803368263,-1.1378256216794838,-1.0229089158649185,-0.9341414578039806,0.8629565545113338,1.588588588588589,4.8493740673352335,0.9059059059059056,0.6258278145695364,0.9707541084303258,0.9294404271859379,0.9862617251670567,0.18083537508856737,-0.2577804344236064
18,2.0,7.0,4,3.250991772258223,14.798758437921489,4,0.4803518056764502,45.82520191845455,2.8922744910545077,6.2294927279570835,2.1538386993434515,0.6917562660184997,0.687381731616197,7.045319030822567,0.9699706418684249,0.10193548387096774,0.2563440860215054,0.39765100671140935,0.2532258064516129,0.1695698924731183,1.4933417882054534,0.23193548387096774,0.07526881720430108,3.0814285714285714,0.15809281881154966,0.13630068565006287,0.1276780224010259,0.1412681935943392,0.22083742317172272,0.14749245962663715,0.13929257174335702,0.14428468552451473,-1.8045583574258575,-1.8512679911020853,-1.869749956070425,-1.8406205489888476,-1.3015070171858152,-1.4240218652650822,-1.437718893250781,-1.4293801058012925,0.8723071632466863,1.5665665665665658,2.5084150592775414,0.7517517517517519,0.5960264900662252,0.9459801133181648,0.9080464559441125,0.9758676297044707,0.1928055901012711,-0.27178291684158606
18,2.0,8.0,4,3.841247889674937,19.024983460197824,4,0.263082762365795,53.73798782242643,2.9243793865027197,8.57154324914059,2.9310640365959295,0.6962974546633188,0.86275214131714,4.088279169884706,0.9656390933147334,0.11806451612903228,0.08989247311827957,1.3133971291866031,0.2918279569892473,0.08290322580645161,3.5201037613488975,0.2746236559139785,0.1379569892473118,1.9906469212782545,0.03918296181361774,0.05276341256636771,0.07065682926332738,0.13291209772953744,0.042486812487504855,0.05937382047621648,0.07516223036285122,0.13520082278571835,-2.196193734691237,-2.165152131896838,-2.124252139411006,-1.981951758461174,-1.7950333877585039,-1.763375606378144,-1.7337773478311767,-1.6212240385310217,0.8712203296676502,1.4564564564564557,4.165044248545185,0.8178178178178177,0.6225165562913907,0.97452468706014,0.9300690144644885,0.9899664717134418,0.17101806448260928,-0.21138614124099775
18,2.0,9.0,4,5.825795505613719,45.35876226719541,5,0.38547021580675567,21.646458085401115,0.025090468492076037,20.78563349028744,828.4274762287467,0.6527071798219752,0.8163097328952438,6.749962429604764,0.9874046634674869,0.10193548387096774,0.19655913978494624,0.5185995623632385,0.26602150537634406,0.12655913978494623,2.101954120645709,0.23075268817204297,0.06258064516129032,3.6872852233676974,0.07641591387497654,0.08566547710960094,0.09651334680304936,0.11024057485028425,0.08647384507662102,0.10143697853760729,0.1164194241021977,0.13684033342844729,-1.9189332540522437,-1.8997154104979566,-1.8771767611176706,-1.8486556607852513,-1.4090578022686824,-1.3859780909369812,-1.3628685918754875,-1.3313705975810748,0.8453551457849393,1.742742742742743,3.0724688427090037,0.7957957957957954,0.6059602649006622,0.9413401320821798,0.9167784353192501,0.9841229521013062,0.17265465999118082,-0.19767547849636868
18,2.0,10.0,4,2.6096868303111793,9.533537776489768,3,0.3633856522413621,44.998720137428286,2.0235085173949283,6.621818080920792,3.2724438884229374,0.46849112247522195,0.8019672039200837,8.715392796573662,0.9306858895990155,0.11806451612903228,0.12623655913978496,0.9352640545144805,0.2789247311827957,0.13225806451612904,2.1089430894308943,0.30870967741935484,0.1417204301075269,2.1783004552352043,0.15949477841602772,0.12141947041328763,0.11980918183949797,0.1741705899743163,0.11449361589349223,0.09013913717638897,0.11583956649986474,0.17649562550148398,-1.709705331888485,-1.7871558407418404,-1.7904313932188363,-1.6798526758589234,-1.4525802942463732,-1.4925312607171604,-1.450372403526513,-1.350872504244251,0.8561693759872365,1.4784784784784788,4.381689931514194,0.861861861861862,0.6291390728476821,0.9633497384540156,0.9104261542996851,0.9827299113790431,0.17924270600392017,-0.2832877354229776
18,2.0,11.0,4,2.031049214329653,4.500745036777487,3,0.394271738547456,52.97640777912863,0.5188244142142839,8.615340178266287,16.60550263678994,0.514729281108786,0.7981520302400754,2.188663882719092,0.9182830899471529,0.10516129032258063,0.19322580645161289,0.5442404006677796,0.2596774193548387,0.11301075268817204,2.297811607992388,0.26462365591397846,0.09860215053763441,2.6837513631406757,0.05920497791131453,0.10640368643914529,0.10329614725339155,0.14188257091309428,0.07066607137628644,0.10713885252747339,0.11034669143238537,0.13585481180375122,-2.583955086512581,-2.45432074522265,-2.462855804929639,-2.3568756675512983,-2.1850990264088304,-2.0993422966379645,-2.0917998563459372,-2.031823816224885,0.8588249847749803,1.6986986986986992,4.381689931514194,0.8178178178178177,0.6357615894039735,0.9081583353820106,0.88626854853033,0.9606170894001558,0.1991438061689727,-0.2737683477781442
18,2.0,12.0,4,4.398577923205616,23.16526829771428,5,0.6094163605925282,27.78256532854688,0.8462333456625264,22.32412968010143,26.380583788769982,0.7455710098038361,0.879680857887053,5.468235659680235,0.9893668558285217,0.10838709677419356,0.09666666666666665,1.1212458286985543,0.2724731182795699,0.06301075268817205,4.324232081911262,0.3096774193548387,0.1150537634408602,2.6915887850467293,0.04484708051865281,0.04938588171657216,0.06041985145069458,0.0976131688916206,0.04284932738567622,0.06250589341408919,0.08357359896423454,0.13431276307989862,-1.7419731864347467,-1.7336954857398394,-1.7135721326884654,-1.645740311861461,-1.1651609175084476,-1.1412325401233339,-1.1155863510426138,-1.0538204319390492,0.8479707366019594,1.6326326326326315,3.0724688427090037,0.7517517517517519,0.609271523178808,0.9483426924697924,0.9153356066572054,0.9805292079481265,0.166015656172191,-0.20524475623644978
18,2.0,13.0,4,0.8379663869004442,0.4092363166592867,2,0.5355543177375788,49.274019356969994,1.351912399048096,7.974893372558354,5.898971988254275,0.5671844103333823,0.6566320279846201,6.681238721494988,0.80561639820493,0.1086021505376344,0.0764516129032258,1.4205344585091422,0.24763440860215055,0.10182795698924729,2.431890179514256,0.1989247311827957,0.14763440860215055,1.3474144209759649,0.17107980898856642,0.19104727945619235,0.2022733527784363,0.3301179396929197,0.16826110207455738,0.19069748336622902,0.19765659598654267,0.30020099162985536,-3.289888814305849,-3.2106402226395385,-3.166085229949153,-2.6586847817271,-3.2484217659165235,-3.1607947118998654,-3.1336153495258365,-2.7331201368919884,0.8321895514795042,1.8528528528528534,4.8493740673352335,0.9499499499499499,0.6125827814569537,0.9164431919556134,0.8693019292311749,0.9034813864340447,0.20251161066925055,-0.3303443139947292
18,2.0,14.0,4,3.690484423102611,22.958338178443412,3,0.5234682287627395,50.9283144908905,1.842339265170947,13.244686182345857,7.189059275201904,0.6276767170628987,0.6956661752362334,52.713680245030275,0.9170788428980013,0.10526881720430108,0.11311827956989248,0.9306083650190113,0.1578494623655914,0.10236559139784944,1.5420168067226894,0.15387096774193548,0.1282795698924731,1.1994970662196145,0.1706402453953883,0.19666280638325473,0.2147304079973348,0.2934902836457111,0.16670427308156216,0.21555195080551384,0.2301848918250044,0.30785391059689815,-2.855099915162739,-2.7655163402951652,-2.7033179908465037,-2.4321843687561597,-2.559603747781064,-2.409560137891215,-2.3646126727061287,-2.126039612611131,0.8396831210820503,1.6326326326326315,4.381689931514194,0.971971971971972,0.6158940397350994,0.9103675214271907,0.8846340463346635,0.9565457324245679,0.18402337405958985,-0.2648821986537356
18,2.0,15.0,4,5.441133364196481,44.55307981252283,4,0.4265897643390205,26.673158784992502,5.059734862522109,10.48278064619078,2.071804339756543,0.7213115511187544,0.8104637502088964,2.663925333215875,0.9786637836571481,0.11483870967741935,0.16,0.717741935483871,0.29827956989247306,0.11989247311827958,2.487892376681614,0.32989247311827957,0.0689247311827957,4.786271450858035,0.028316141142278206,0.027128790515672685,0.03256594141020887,0.04821528327711634,0.037234958595733794,0.03609163771528155,0.04477439767931644,0.06835579902411172,-1.7936566266942668,-1.7958483882432588,-1.785811809325723,-1.7569242802316611,-1.1931617034251616,-1.1945786292903677,-1.1838180218486922,-1.154593420011603,0.8613952975218506,1.4784784784784788,3.0724688427090037,0.7517517517517519,0.6225165562913907,0.9376223262659249,0.9104660225884177,0.9791256297455453,0.1829973356995423,-0.2167004221989799
18,2.0,16.0,4,2.717659143821034,10.293166290116405,4,0.5589369369615386,55.42678104404517,0.6438106894335902,11.838488401728458,18.388151355709375,0.7625775430244284,0.8188368128875135,15.025915913804898,0.9578703664181297,0.10516129032258063,0.2595698924731183,0.4051367025683512,0.25311827956989247,0.27903225806451615,0.9071290944123314,0.21903225806451615,0.13505376344086023,1.6218152866242037,0.1379756095629255,0.16035994762868283,0.17171253087341706,0.19989095163530038,0.19418070819559327,0.18070820628855044,0.19971395308002815,0.23753777953610533,-1.452571073944087,-1.4148519068945113,-1.3957220142617959,-1.3482394147411678,-0.9351314172001883,-0.9507658900028364,-0.9287102366909566,-0.8848167126744199,0.8749150290305083,1.6106106106106102,5.646141419303673,0.9279279279279278,0.6158940397350994,0.9491832940762515,0.9015624532905392,0.9790156754739922,0.19528219955837503,-0.21635597309525215
18,2.0,17.0,4,2.272913562334929,6.45016529500392,3,0.444787428751258,51.95266430424324,1.4426440878541538,8.921158743791283,6.183894433075984,0.5528501973377172,0.8272123894606336,11.325719357328659,0.9531057411499615,0.10193548387096774,0.22655913978494624,0.4499288087327954,0.27301075268817204,0.1827956989247312,1.4935294117647058,0.22236559139784945,0.06526881720430108,3.406919275123558,0.10187891771072344,0.11195733395698225,0.126172962312059,0.15613849838116975,0.12814849132791403,0.12007134669102223,0.14042625710160356,0.1633311496378868,-2.60448498052217,-2.575258315812414,-2.5340340407457282,-2.4471361934907003,-2.202012558946092,-2.2224127919604837,-2.1710029269611213,-2.113152638781857,0.8518521960172587,1.5445445445445445,5.101615314749834,0.8178178178178177,0.6324503311258278,0.9612439567522648,0.9109290762342084,0.975119523239241,0.18337656951320874,-0.243873465175877
18,2.0,18.0,4,5.806543625685282,49.53516813317564,3,0.2411474422639417,49.68325230847888,0.5315054191035936,11.00821441239508,20.71138697129542,0.5829681506810421,0.846467435564462,9.755435438215127,0.9763285644005982,0.11806451612903228,0.09666666666666668,1.221357063403782,0.2825806451612903,0.17591397849462365,1.6063569682151588,0.22064516129032258,0.1450537634408602,1.5211267605633803,0.06428839405835876,0.08248182054857127,0.09711660303370472,0.18543479512120586,0.0760209253480107,0.0923106717329832,0.10826502247427228,0.19854263726260854,-1.8550221524049015,-1.818954191985055,-1.7899411440190314,-1.6148527922850635,-1.4991950816840105,-1.4727642800217229,-1.446877671959943,-1.3003984282305179,0.8637205243608423,1.5225225225225214,3.2322839781813806,0.8398398398398399,0.6192052980132451,0.9542719738678697,0.9105578816278113,0.9828408360547236,0.1857569569598944,-0.212469477568843
18,2.0,19.0,4,3.701354931845715,23.07511286354423,4,0.3514612825589414,48.53367854338158,0.5455421243435531,13.522978388966422,24.788147029413217,0.6309771002627809,0.8070327960708742,83.50389520345888,0.9599456500097112,0.10516129032258063,0.12645161290322582,0.8316326530612244,0.2661290322580645,0.16946236559139788,1.570431472081218,0.26698924731182794,0.08247311827956989,3.23728813559322,0.059906252154016466,0.05786407579313987,0.07765967666406691,0.11777188061989359,0.09008455389598787,0.07588762399713038,0.09302308867812392,0.13926161298424983,-1.5419231441160997,-1.5452726813323798,-1.512804328889334,-1.4470130864917434,-1.1073429844380762,-1.1246202718952472,-1.103766865481685,-1.0474958067581637,0.8431852903083488,1.5445445445445445,3.9591102664684588,0.8398398398398399,0.5894039735099338,0.9227684739614432,0.896426985718297,0.9728492353019056,0.1797472704939087,-0.23260674150500513
18,3.0,0.0,4,2.045278798879364,5.571166873521447,4,0.6235035820944652,333.25715135701734,0.41033372639238,7.827926143913719,19.07697476572592,0.6785408155445054,0.7407838510295548,11.459864200708228,0.9321473490718986,0.10193548387096774,0.11322580645161291,0.9002849002849002,0.2693548387096774,0.1229032258064516,2.1916010498687664,0.22913978494623657,0.08838709677419354,2.5924574209245748,0.024001346983234598,0.03660420474431238,0.04786291869885734,0.09272082109620965,0.027154623914623807,0.038089907878287844,0.0543854573966953,0.09914899193042703,-2.799397568616598,-2.7632495583043584,-2.730956873911113,-2.6022936810714077,-2.2316320078534453,-2.2065473126817663,-2.1691665831385265,-2.066482499001643,0.8666480094278793,1.4564564564564557,4.165044248545185,0.8178178178178177,0.5728476821192053,0.8998018546966109,0.8906178570307997,0.9611745570991959,0.16750151508150504,-0.24683483127857997
18,3.0,1.0,4,3.352205362032737,17.508437868844517,3,0.6942920647051531,340.8691570622757,4.998536430522895,11.557709368557143,2.312218692251903,0.8133494561493113,0.8271745744360383,39.142995408920825,0.9571094019281192,0.10193548387096774,0.14978494623655914,0.6805455850681981,0.28311827956989244,0.08946236559139785,3.1646634615384612,0.15279569892473116,0.048817204301075265,3.1299559471365637,0.04722806824981897,0.0675259566056949,0.07452268069657957,0.1211444455449784,0.05687343777972238,0.0674676874125456,0.07514785044983376,0.10765243172443392,-2.785684300426527,-2.7263379794020324,-2.7058811798208455,-2.569569945129252,-2.575332546675079,-2.546403538650133,-2.525431831748849,-2.436673748342254,0.8582078087156135,1.6546546546546546,4.381689931514194,0.7957957957957954,0.6125827814569537,0.8761718616561749,0.8775971446182013,0.9444956269041109,0.19556631556517573,-0.23953734253291914
18,3.0,2.0,4,3.276893603914975,14.85954475086627,4,0.5756350393198684,341.22082196388055,2.30532993120133,10.666198765142237,4.62675585857855,0.7001241330852199,0.7876157220702281,12.750498201158832,0.9457341802588876,0.10193548387096774,0.1032258064516129,0.9874999999999999,0.29634408602150536,0.08311827956989247,3.5653298835705045,0.15580645161290324,0.12150537634408602,1.2823008849557522,0.05552883673032915,0.06370404363764962,0.07337256196325401,0.12847100316616789,0.06402894715785643,0.070972145134485,0.08197327910488111,0.1401559576414799,-2.813804307164469,-2.789448420714592,-2.760643604255928,-2.596492238704346,-2.426600866654016,-2.40859991440632,-2.3800783472641767,-2.2292337909796194,0.8774279580676199,1.6546546546546546,4.165044248545185,0.9059059059059056,0.6490066225165563,0.9182996126963071,0.8976657296060842,0.9789233182905785,0.17512104025271763,-0.2367493456711538
18,3.0,3.0,4,7.4562258202572975,70.95142138043673,4,0.25908643474979,330.52421272462794,5.414282748747121,10.709503017723936,1.978009556335443,0.6000040759333022,0.6417733741545815,4.815710839678654,0.9693898132432992,0.1309677419354839,0.08655913978494624,1.51304347826087,0.3336559139784946,0.13634408602150536,2.447160883280757,0.3184946236559139,0.10569892473118278,3.0132248219735502,0.1344357783356975,0.12559558276128335,0.14776389783591856,0.2175663322493764,0.15837713672685985,0.14571700107256655,0.16391281080480566,0.24985893166897188,-2.4142740574383135,-2.438931563263764,-2.377098614717321,-2.1824022509669607,-1.9771309563076243,-2.0068720044723696,-1.9641266130784358,-1.762222953434209,0.8639967238317925,1.6986986986986992,4.609604486828429,0.9059059059059056,0.6225165562913907,0.9350737410727447,0.9086380992837205,0.9794067267611256,0.18220640389818918,-0.1794926369444178
18,3.0,4.0,4,3.9715350011770116,26.66847425952215,3,0.40997691273200965,360.6533676768429,0.8028241464601747,9.773472883009791,12.173865131116381,0.5082149831079172,0.759734446290293,64.68747027900072,0.921755896916215,0.10193548387096774,0.07967741935483871,1.2793522267206476,0.2886021505376344,0.11591397849462366,2.4897959183673466,0.34161290322580645,0.1447311827956989,2.360326894502229,0.10083694932370775,0.1068958446489555,0.11820413052424043,0.20388544483040374,0.09523203505525947,0.11202625413415801,0.13354454432578455,0.2152361734413275,-2.8857196336313438,-2.8662745806067185,-2.8299824503323685,-2.5550020107528435,-2.4852369582986737,-2.439106220299796,-2.37999929771231,-2.155606896867332,0.8593947824741462,1.6106106106106102,3.9591102664684588,0.9939939939939944,0.5960264900662252,0.9320876062289717,0.8937639941772542,0.9674107498021237,0.18907166990446048,-0.2701107132184202
18,3.0,5.0,4,5.752372687914308,58.73212637546062,2,0.3678130169679875,347.0175941456711,2.129016242445053,8.675793089437011,4.075024378148172,0.5979531673329197,0.6511821159447333,48.40627041744437,0.9092585089964235,0.10849462365591397,0.10655913978494622,1.0181634712411707,0.2935483870967742,0.10602150537634407,2.7687626774847875,0.2890322580645161,0.1608602150537634,1.7967914438502675,0.06099873900756764,0.15474610197463348,0.16240066582097526,0.3021614748323392,0.06402194963796445,0.11411637374218593,0.15406355602899052,0.2559223256651802,-3.9402939835046378,-3.5469056190650163,-3.5147850744789366,-2.928312299889493,-3.7075695199481915,-3.5091369179696197,-3.3508992804554887,-2.947419231434588,0.8808093991282773,1.5225225225225214,4.609604486828429,0.971971971971972,0.6192052980132451,0.9095490531881809,0.8814703051155062,0.9195946589063483,0.18909979883395078,-0.257227057680649
18,3.0,6.0,4,4.7320914764179784,31.935145505275116,4,0.5076522146774195,331.9573953337249,2.154501565681799,10.813428171870227,5.018992951368909,0.684925422275763,0.8507272509050725,22.04214223157762,0.9700964968800274,0.10193548387096774,0.18989247311827956,0.5368063420158551,0.2563440860215054,0.1396774193548387,1.8352578906851424,0.24268817204301074,0.06225806451612903,3.8981001727115716,0.03951086967421981,0.03249956388135943,0.032683570586420824,0.05091890857869088,0.03490775014992607,0.03578623210293503,0.041242288407659866,0.059921121053135115,-2.1507683417586323,-2.166468357570949,-2.1660563218868143,-2.1252229731098846,-1.5120895119009043,-1.5107131218742043,-1.5021646691060913,-1.472899003629902,0.8605237926623799,1.6106106106106102,3.7633583622865325,0.861861861861862,0.5794701986754967,0.9330391585990501,0.899388232415051,0.9804500371653052,0.16726327806293667,-0.19887507145883784
18,3.0,7.0,4,2.696944008449353,10.300876076866535,3,0.6760270481174315,351.37186371571346,0.2971377831773535,13.061558877651265,43.95791991843452,0.7309973988707237,0.8657767576081075,6.82954182318157,0.9566312033890103,0.10193548387096774,0.13989247311827957,0.7286702536510377,0.2665591397849462,0.08956989247311828,2.9759903961584633,0.20193548387096777,0.07892473118279568,2.558583106267031,0.06599210839583199,0.06712648398599666,0.06973331067632155,0.09853290052232656,0.07510073096673751,0.07122669370643164,0.07835195649781894,0.1020633662893789,-3.08477809346228,-3.0810315544857323,-3.0724219036037086,-2.977304566099128,-2.582854506584198,-2.5936730626491356,-2.5737752016306406,-2.507559210670232,0.8630321752095316,1.5005005005005003,3.4004119327037095,0.7297297297297298,0.6324503311258278,0.8976725631649376,0.8940610516327504,0.9660453011277684,0.18166310677201067,-0.2250984751323814
18,3.0,8.0,4,4.478125506118212,26.748686618975512,6,0.48127375051536025,343.8862738189873,1.3507033326036524,14.990572853124059,11.098345944129585,0.6847699780339727,0.8560652521220324,8.98983022614866,0.9670549752621129,0.10838709677419356,0.16655913978494624,0.6507424144609426,0.2627956989247312,0.15268817204301074,1.7211267605633804,0.31354838709677424,0.10225806451612902,3.066246056782335,0.0873468614206214,0.08806073332734422,0.10280512763334854,0.17406967043729102,0.10305804056300547,0.11131121470975613,0.1190535979779932,0.16634696538394272,-2.3023954022045228,-2.300594482088957,-2.2633980662509785,-2.0836154645635427,-1.7941106270440115,-1.7776021927047099,-1.7621154692282979,-1.6675167806966893,0.8482811359300853,1.6106106106106102,3.7633583622865325,0.971971971971972,0.6026490066225165,0.9116335946386377,0.8821292359206904,0.968837073681913,0.2059123509881906,-0.241125158468917
18,3.0,9.0,4,4.258015384145752,29.245921206239032,4,0.47034991941010396,348.27495020138423,0.9365182244428125,15.02146759109938,16.039695970718025,0.6327398511971103,0.6887990782635959,9.602555489131579,0.9408182505437753,0.10193548387096774,0.16978494623655913,0.6003799873337555,0.26956989247311824,0.14268817204301074,1.8892238131122834,0.280752688172043,0.08838709677419354,3.1763990267639906,0.1080624086864189,0.10665164757282057,0.10928233700197944,0.1700757059994789,0.10938985504506575,0.10117425228924583,0.10704931229893862,0.15449047327445778,-3.5699682426336254,-3.575614795063456,-3.5650854959176512,-3.321760852133825,-3.257075942304082,-3.2871214591209403,-3.2656356084088634,-3.0921371759424807,0.882580816923036,1.6326326326326315,4.8493740673352335,0.9059059059059056,0.5993377483443708,0.8539850347192365,0.8537465928790338,0.9389552770017393,0.2122574602264971,-0.2592701293846089
18,3.0,10.0,4,2.1617288496806957,5.406372435228844,3,0.7352577999763146,350.1009278816464,4.182800841987726,11.364209695402753,2.716889979873467,0.8147239032587946,0.8535986939924436,5.193340066105295,0.947631569345954,0.10193548387096774,0.11333333333333333,0.8994307400379506,0.29000000000000004,0.08946236559139785,3.2415865384615388,0.1652688172043011,0.12483870967741936,1.3238587424633936,0.05189686941625533,0.06797153508976522,0.07396810346615759,0.13733727023179232,0.06250377897553402,0.08029865314101416,0.08344906988168507,0.1273488790692555,-2.416973129016359,-2.3759944277152947,-2.360707541548042,-2.1991622746461235,-1.9777680449635158,-1.9402274845864569,-1.9335812780009967,-1.8409690222456674,0.884508754518684,1.5005005005005003,5.101615314749834,0.9499499499499499,0.5993377483443708,0.8874836823385474,0.8836671942845316,0.9575855255094292,0.18318338727394146,-0.26625577669813577
18,3.0,11.0,4,2.578805998297705,9.258123554896061,2,0.6518148100967298,347.93848416408514,0.5959156811896302,8.594953258881954,14.423103016392847,0.7169931991413632,0.819754277834168,61.513951329987414,0.9381471362656487,0.10193548387096774,0.15301075268817205,0.6661981728742093,0.2693548387096774,0.109247311827957,2.465551181102362,0.23290322580645156,0.07806451612903227,2.983471074380164,0.049681066039081186,0.08200186899835937,0.08181916152153734,0.10382012002228849,0.047834448711161395,0.08144797834416125,0.07975365214155736,0.10081355020724092,-3.2054863041520565,-3.0964661767792983,-3.097082460737967,-3.0228718261477106,-2.896791952426336,-2.7945288512232755,-2.7996835330974985,-2.735612591701841,0.8703210900085514,1.5665665665665658,4.165044248545185,0.8838838838838833,0.5960264900662252,0.8863719243606454,0.8795795906302476,0.9458126542604318,0.17672368416671638,-0.23958699177053394
18,3.0,12.0,4,4.755885481733681,32.33350797339625,5,0.5437953465916796,347.36949772679907,2.0955241390535364,14.500938961560422,6.919957967227193,0.7075285761656773,0.8182798364306243,14.1780978346389,0.9689314223941736,0.10193548387096774,0.14311827956989248,0.7122464312546957,0.27913978494623654,0.15559139784946235,1.7940566689702833,0.29623655913978497,0.1086021505376344,2.727722772277228,0.07772235577820898,0.08911062734389066,0.11621255576250494,0.18618931420644413,0.09646546926480114,0.12170377516101928,0.14844651492627117,0.23795002973375215,-2.905301242916918,-2.869426623444418,-2.784051826805511,-2.5636154272503435,-2.0208104818753703,-1.9643634603560545,-1.904551680071672,-1.7043715710276128,0.861381932776331,1.6986986986986992,3.9591102664684588,0.8178178178178177,0.6324503311258278,0.8964869871528792,0.8838075515726157,0.9598593791264461,0.18173055786791112,-0.19268382362812309
18,3.0,13.0,4,3.2527869889357977,13.303435527381133,4,0.6498484988004272,344.7383303915911,1.1047148683433883,17.591021438506157,15.923585300237114,0.7399015009701002,0.8133525253507419,9.572232887116504,0.9727131695896493,0.10193548387096774,0.1696774193548387,0.6007604562737642,0.26924731182795697,0.1295698924731183,2.0780082987551864,0.22526881720430106,0.079247311827957,2.8426051560379912,0.09516669916833247,0.08930285446501439,0.08818566058429134,0.12376876387484198,0.11263213418460771,0.11178562619023666,0.11204811856402377,0.15069844181298045,-2.3037875487407398,-2.3187174285349923,-2.321561905356937,-2.230964101064169,-1.6221992328068597,-1.623746736014869,-1.6232668731036919,-1.552610128434916,0.876443670019058,1.6106106106106102,5.646141419303673,0.9059059059059056,0.6059602649006622,0.9222491376175109,0.8876379336170096,0.9617786806685938,0.2018298498039214,-0.22463067418211216
18,3.0,14.0,4,6.748577212294705,63.72932780935173,4,0.5857220690835301,364.407320475662,0.7501731459807734,21.97955117820721,29.29930416193615,0.7834323356371392,0.7622649638099308,18.433260585213855,0.9729214114005379,0.11161290322580646,0.12333333333333334,0.904969485614647,0.2724731182795699,0.06655913978494624,4.093699515347335,0.22763440860215053,0.07526881720430106,3.024285714285715,0.02811502540800699,0.03108219403583005,0.04162206670934533,0.07416315846454255,0.03726072424719313,0.03925260784795732,0.052224577693072205,0.08975238948964209,-2.7375747591585045,-2.729216932713965,-2.699528553790448,-2.6078678390418872,-2.0560103663536458,-2.051756532075888,-2.024053803886339,-1.943910018311596,0.8210536853472123,1.8528528528528534,2.154434690031882,0.7957957957957954,0.5794701986754967,0.8910383822448651,0.8913388314043477,0.9688746818105219,0.1747310976506085,-0.17516791353979683
18,3.0,15.0,4,2.5178728851538668,6.646728657624141,3,0.6126889961820166,350.3287651406637,0.37290503690028887,16.682574760268736,44.73679116522497,0.6699143968927717,0.8154456462183375,8.80138081132982,0.9480858529454732,0.10516129032258063,0.19311827956989247,0.544543429844098,0.26602150537634406,0.1429032258064516,1.8615500376222724,0.2643010752688172,0.06258064516129032,4.223367697594502,0.10460108570221797,0.13416806149952107,0.1405211615926862,0.17108950083397356,0.11603928869118103,0.13886609351331108,0.15348597991642243,0.17693114431661858,-2.6383099120267786,-2.55119025611804,-2.5324707259954904,-2.442400533674859,-2.121191196861791,-2.06641498698987,-2.0313324613293315,-1.975072408480332,0.8796919853962857,1.5225225225225214,4.8493740673352335,0.861861861861862,0.6291390728476821,0.8992470048304205,0.8967445407640365,0.9669688057245246,0.19551315878106845,-0.24393419408859784
18,3.0,16.0,4,2.0193382117910317,5.421757907878629,2,0.6941125458701758,344.4554242392711,2.0414235839956594,7.821564092205118,3.8314263406794016,0.7660175153224348,0.802602733824852,4.901740603182033,0.9044541432637886,0.15526881720430108,0.11301075268817203,1.3739295908658422,0.10881720430107526,0.10935483870967744,0.9950835791543754,0.1774193548387097,0.17763440860215055,0.9987893462469734,0.23507150592072015,0.23403601695869167,0.25106999839595784,0.36350845552061967,0.18555915264140782,0.24786592966585647,0.2646828447594546,0.3501897771625922,-2.716150354888324,-2.719827226299791,-2.659342023978126,-2.2600893388106766,-2.6161466985432797,-2.4160048840234905,-2.361985593310744,-2.087320245134096,0.8648339534082885,1.6766766766766759,4.609604486828429,0.9279279279279278,0.6390728476821192,0.9379431102552331,0.8684217330159207,0.9376863781175414,0.2068013710704608,-0.27378808100913965
18,3.0,17.0,4,1.9241675698172411,4.153641892294197,3,0.591341159624339,337.58254683122874,1.5698597077891236,9.566854460618558,6.094082428608745,0.7156259807159915,0.8203875577585402,4.174710617957555,0.9349173184318479,0.10193548387096774,0.1432258064516129,0.7117117117117117,0.29000000000000004,0.10268817204301076,2.824083769633508,0.1089247311827957,0.08483870967741935,1.2839036755386566,0.07102441361472751,0.07284714755341981,0.09096665505435356,0.12473670192668107,0.07174105022800566,0.07284389082779075,0.08674763111554291,0.11506053057061853,-3.169476296103393,-3.1632574975714878,-3.1014374127781514,-2.9862208617204224,-2.9390839551707213,-2.9355921050649556,-2.891569626201024,-2.8019243946272114,0.8500514539104156,1.6326326326326315,5.101615314749834,0.9939939939939944,0.6291390728476821,0.9186587049462076,0.8988315199612398,0.9665643789198761,0.17881416777754433,-0.23875195521657347
18,3.0,18.0,4,2.5004233801944986,9.553257546993718,3,0.5229863925847422,339.50547013024493,3.4003277047107434,7.4385053004713555,2.1875848290052176,0.5944029657538369,0.7442500641414478,16.345611965089713,0.9077438454456175,0.10193548387096774,0.11000000000000001,0.9266862170087975,0.27935483870967737,0.09591397849462366,2.9125560538116586,0.27763440860215055,0.15397849462365593,1.803072625698324,0.10984663026829515,0.10110206371908942,0.11087203322139354,0.18084885532406622,0.10211295825496038,0.10199372596528926,0.11117409634966806,0.17441853008435715,-3.456991841343894,-3.490952163513774,-3.45300959540349,-3.1812482211079294,-3.2933001110551863,-3.293737435233573,-3.2600653658075087,-3.02809531728417,0.8864221990111981,1.5445445445445445,4.609604486828429,0.8398398398398399,0.6357615894039735,0.9063893828103137,0.8777423392539218,0.941533807741253,0.20231860017903086,-0.3018123104002932
18,3.0,19.0,4,3.5144201776173514,14.185994947423996,4,0.5547121046367399,350.94402026184946,2.64410347134267,10.439531309557308,3.9482310063517057,0.6100014459588265,0.8824370761200913,6.73249668073353,0.9814206365438269,0.10516129032258063,0.18645161290322582,0.5640138408304497,0.26602150537634406,0.1464516129032258,1.8164464023494857,0.32989247311827957,0.0956989247311828,3.447191011235955,0.057459295689322,0.071355184420338,0.08223465478231122,0.11022107635147232,0.08042760669789854,0.11293417968889591,0.12178714994145966,0.15645172319853087,-1.8182444533972653,-1.79143805395516,-1.7704505925637446,-1.7164623079667627,-1.116220212998139,-1.0767622061113116,-1.0660160545163317,-1.0239385654286552,0.8597664979726762,1.4564564564564557,3.9591102664684588,0.9059059059059056,0.5827814569536424,0.940465170988905,0.9236199071940545,0.9845029498751562,0.1553921068161291,-0.23023765730869294
18,4.0,0.0,4,6.650029767200596,59.29296397943148,4,0.4520627553184724,166.52599543803115,2.5292800477146025,37.68470892953292,14.899381728640103,0.7299847309812939,0.7633964992172125,13.442698043154797,0.9855863404730449,0.10193548387096774,0.17311827956989245,0.5888198757763975,0.2693548387096774,0.10989247311827957,2.4510763209393347,0.26473118279569896,0.06860215053763441,3.858934169278997,0.015116046980641938,0.027665649558269025,0.039535470311500565,0.05243801701060258,0.019095863100089407,0.033990166014040694,0.04548915612039982,0.06648929519352087,-2.752464360985188,-2.7173918697200494,-2.6842191710539867,-2.6481603035637096,-2.0550154947801453,-2.0238116063259137,-1.9997209720284843,-1.9557252240604999,0.8654706979449811,2.0070070070070063,4.8493740673352335,0.8398398398398399,0.609271523178808,0.8715017976035999,0.8695861401369478,0.9534221506676139,0.17745369712701745,-0.17090012238350324
18,4.0,1.0,4,3.1178135518897085,10.615067316489435,3,0.6438875697713553,153.3809679157295,3.0287717182692737,13.738316598482841,4.535936635836426,0.7605325327117528,0.8650243332140257,36.88011614643263,0.9686549251099189,0.10193548387096774,0.13655913978494624,0.7464566929133858,0.2595698924731183,0.17913978494623656,1.4489795918367347,0.22548387096774195,0.1053763440860215,2.139795918367347,0.03456837797871601,0.05687770153429446,0.07193135249690445,0.11834475635090834,0.04017581057735087,0.07454568166824334,0.0935735953016281,0.14456580627336063,-2.402923455066627,-2.347396377212958,-2.3099283989974646,-2.194407160407035,-1.7017199006614618,-1.6407838518901527,-1.6070483202638082,-1.516641700858309,0.8481991876286038,1.6106106106106102,3.7633583622865325,0.861861861861862,0.5794701986754967,0.907331556692771,0.893255440571114,0.9604163507696835,0.19270240584716916,-0.22583103770629356
18,4.0,2.0,4,3.733762170495663,16.772413498349945,3,0.6923152928596638,206.17629032359633,4.654632178996344,21.257356910045328,4.566925181750655,0.8383388453921796,0.8787915916035594,13.370349968492592,0.9777849717995198,0.10516129032258063,0.16666666666666669,0.6309677419354838,0.2596774193548387,0.0996774193548387,2.605177993527508,0.2320430107526882,0.08182795698924732,2.8357424441524315,0.040672178211143,0.037985724533888106,0.05335149658343763,0.07383214828265189,0.04825741130195402,0.04475366469961549,0.05875641508735249,0.07783511604277998,-3.1740900319988135,-3.1829785950579987,-3.132138472642394,-3.0643749501729878,-2.6844101532929825,-2.6942925448824457,-2.654797490483032,-2.600985609871016,0.8095456400437483,1.984984984984985,3.7633583622865325,0.8838838838838833,0.5860927152317881,0.8915362747452893,0.9020244938916012,0.970737258519885,0.16719012135719033,-0.1856586469846357
18,4.0,3.0,4,3.7290109532682045,15.907781522148735,5,0.6663724682856295,220.27182202655678,4.224898442424127,22.12400481350491,5.236576716578016,0.7196622220665996,0.868964805653691,12.437036984980239,0.9845006660048342,0.10193548387096774,0.15666666666666668,0.6506520247083046,0.2563440860215054,0.1329032258064516,1.9288025889967637,0.24827956989247307,0.0853763440860215,2.9080604534005032,0.04117067215752284,0.047105649640472085,0.06280168631501086,0.08570507429171433,0.05743369559457931,0.06346466247962909,0.07496481202398589,0.10437303315790225,-2.6103109117407746,-2.59415356649192,-2.5514227752938403,-2.489070736390371,-1.8257052536027225,-1.814023563015146,-1.791748330660438,-1.7347860314859833,0.8689769367235519,1.8308308308308305,4.8493740673352335,0.861861861861862,0.6291390728476821,0.9387534985349825,0.910115192280743,0.9815855543843973,0.17093381999341314,-0.18145833664687785
18,4.0,4.0,4,10.490073011064467,124.54867851429582,4,0.4116773056332873,238.86128342266386,2.8516826913042905,24.824059842251046,8.705056813630664,0.8055060144321778,0.8967594968145901,36.02282191438229,0.9915011974588245,0.10193548387096774,0.1564516129032258,0.6515463917525773,0.2565591397849462,0.12946236559139784,1.9817275747508305,0.18892473118279568,0.06903225806451611,2.7367601246105924,0.05494615313275052,0.07995388371884625,0.10569464210007574,0.1285654696506277,0.06593536115131332,0.08902907695411579,0.11107604781220491,0.14925358278789053,-2.645204202769627,-2.5752076049383468,-2.503159263483291,-2.439143853823742,-2.049402515678993,-1.998733303619991,-1.9503607224725437,-1.8665965663665682,0.8785155651407646,1.9629629629629635,3.4004119327037095,0.8838838838838833,0.6390728476821192,0.9253193768801854,0.892988284761826,0.962996729216992,0.1975890707697433,-0.15388459493106368
18,4.0,5.0,4,3.2120828440361033,12.281784849641323,3,0.6998353507793402,157.56586136366622,0.2800089737151732,11.889190164788689,42.460032644819606,0.7494505783794013,0.8512581913523967,7.650488731086745,0.9640568556998014,0.10838709677419353,0.08333333333333333,1.3006451612903225,0.2627956989247312,0.13946236559139785,1.884348496530455,0.28010752688172047,0.12526881720430105,2.2360515021459233,0.07101154443658593,0.08470587479944616,0.10581419149883622,0.20545530874696147,0.08716784472691558,0.10367955704223844,0.12785441390438054,0.22501749014717926,-2.6742810140056243,-2.634859116489463,-2.574094560968091,-2.2872574679179287,-2.049113196067217,-2.0120479290303956,-1.957780539430791,-1.7396701885305847,0.8558745277448192,1.6766766766766759,4.609604486828429,0.8838838838838833,0.6490066225165563,0.9159766146450553,0.8808472581704138,0.9648279833402837,0.19241508111728492,-0.20618280445683052
18,4.0,6.0,4,4.855416045012028,29.713526241721304,5,0.3540495699752929,166.70469178750568,5.54532407436242,19.90470657938802,3.5894577688278004,0.5598376103455784,0.8399602319767312,9.98637515635899,0.9747291805501402,0.10193548387096774,0.18,0.5663082437275986,0.2756989247311828,0.08666666666666667,3.1811414392059554,0.3481720430107527,0.13806451612903226,2.5218068535825546,0.05107141973304088,0.04702543464533106,0.048707020629082706,0.05520427864024055,0.05819999200350665,0.054271192049856885,0.05609752605630207,0.061461566205299904,-2.2637777329401945,-2.2734298934292263,-2.269418277607759,-2.253918325012076,-1.8763898113495996,-1.8842173332664252,-1.8805786472473995,-1.8698916328093118,0.8660521119161695,1.742742742742743,6.915758828738525,1.0820820820820811,0.5993377483443708,0.9220511218544364,0.899083670830442,0.9758179654949957,0.18302455044995833,-0.2181243006838527
18,4.0,7.0,4,5.1706147537853315,36.194134032145975,5,0.5982079990768141,177.95682806241265,6.479196727615987,19.13371321206663,2.95309959188519,0.841525997430074,0.8438259214157435,5.43957266779514,0.9844211806425812,0.10193548387096774,0.1631182795698925,0.6249176005273565,0.2764516129032258,0.13268817204301075,2.0834683954619124,0.21440860215053764,0.10849462365591397,1.9762140733399407,0.18960622139208302,0.19457503140355306,0.1701506002760104,0.20899588230753846,0.23954014703374962,0.23516325410150712,0.1957064744823032,0.23387583005576726,-2.372932373213001,-2.358383088107659,-2.4299008179444006,-2.3161570680385917,-1.8402807432230817,-1.850872639359264,-1.9463563804661606,-1.8539881512044931,0.8428418179244705,1.808808808808809,3.9591102664684588,0.8838838838838833,0.6423841059602649,0.923839542575552,0.8787779462491936,0.9576256848620058,0.20904374774993373,-0.20164473203932073
18,4.0,8.0,4,4.215055714230588,22.93399789406605,4,0.709248615830447,175.7765849534081,0.7551992980202644,18.043280943436248,23.89207854236126,0.8305890841227869,0.8363503418097205,30.18658591300478,0.9793345221092926,0.10193548387096774,0.1664516129032258,0.6124031007751938,0.26645161290322583,0.12967741935483873,2.054726368159204,0.20440860215053766,0.1281720430107527,1.594798657718121,0.06317722194131464,0.08010386915426214,0.07613425283275056,0.11657411174191172,0.06943529247761485,0.08671634543867031,0.08696925038986739,0.1252320942937365,-2.4045554035282106,-2.3611095544596696,-2.3712984211262174,-2.2675009008957145,-1.921046203176163,-1.8853714124718066,-1.8848493186374562,-1.8058599797875496,0.8490535061024882,1.742742742742743,5.939826693920351,1.0820820820820811,0.5827814569536424,0.9808094188631721,0.9187336554024194,0.9858359729762018,0.18481135927719772,-0.20666657544275024
18,4.0,9.0,4,3.8086907391667126,18.303361814487687,5,0.5302703404021234,164.932560802065,3.485062313471881,14.743919826443712,4.230604362352293,0.798534458880747,0.8791410538250466,18.062014325113026,0.9753689836058107,0.11161290322580646,0.17989247311827955,0.6204423191870891,0.2824731182795699,0.10301075268817203,2.7421711899791235,0.20043010752688173,0.07193548387096775,2.7862481315396113,0.07758103991894529,0.09456325648410956,0.13069818658236254,0.14232986385022722,0.07836472713293652,0.09238417638510558,0.10340811001504836,0.1282638522380176,-2.8901685681282525,-2.8369590498314126,-2.7237393051155134,-2.68729436036802,-2.6785093924565118,-2.6377652634018736,-2.6057268739880626,-2.5334896875861226,0.8520350788304397,1.6766766766766759,4.381689931514194,0.9499499499499499,0.5894039735099338,0.9075763387029497,0.8847936976876388,0.9437732399388697,0.20226869912192177,-0.19635963777074866
18,4.0,10.0,4,3.9809065501902516,19.136741841051865,6,0.7250649819541274,181.4836719671165,1.57484239474433,20.224741339946267,12.842390709979382,0.8223009276011692,0.8908439175231558,158.11763550214886,0.9843402254304374,0.10193548387096774,0.14645161290322578,0.696035242290749,0.27322580645161293,0.12268817204301077,2.226993865030675,0.1817204301075269,0.06881720430107527,2.640625,0.09579003007675935,0.09072584811851368,0.08817516637446425,0.13156616266322832,0.09337399038484095,0.10964636557709628,0.10790427296787712,0.1534748311197652,-2.517477227906787,-2.5315767879447533,-2.5386783278744964,-2.4178702758880486,-1.975612803801942,-1.9401539570038728,-1.9439501203917322,-1.844648118015376,0.8527646958285056,1.742742742742743,5.101615314749834,0.8838838838838833,0.6456953642384106,0.9046352929230764,0.8857743088217288,0.9620756295054322,0.1954072933544683,-0.18234522021318447
18,4.0,11.0,4,7.001409684595984,59.85230750986164,5,0.5470752227029347,176.45355857012632,0.029685503788874506,24.050143276715577,810.1645654310593,0.8491001909922009,0.9367600781393559,13.419361504819255,0.9926816183721775,0.1438709677419355,0.11322580645161291,1.2706552706552707,0.34021505376344086,0.11645161290322581,2.9215143120960296,0.5981720430107527,0.15473118279569892,3.865879082696317,0.16434088123992963,0.13606610239579514,0.17646644274469733,0.2147619900663121,0.22461515717342553,0.14261002372718426,0.21017574752927398,0.2700893481461339,-2.0487343639481725,-2.1180539103404437,-2.01900686624092,-1.925120014505958,-1.4140255645030402,-1.5635736968740053,-1.4403579007126721,-1.3310968496134135,0.824080204882019,1.6106106106106102,2.920555512182745,0.7957957957957954,0.5894039735099338,0.9229833258534154,0.8917291298136006,0.96442111517362,0.190338031118844,-0.1596007597057885
18,4.0,12.0,4,7.822816524587866,69.84091829719127,6,0.6082597646742467,242.65256723458293,13.309340788686182,34.64351868789378,2.602947752103775,0.8917988943526579,0.8891283427536112,10.276634548591502,0.9972054385510999,0.10193548387096774,0.19645161290322583,0.5188834154351395,0.26623655913978495,0.14978494623655914,1.7774587221823404,0.30634408602150537,0.0886021505376344,3.4575242718446604,0.08747630193299366,0.09723526881702158,0.10491827035710304,0.13708772665608376,0.12354434477465606,0.12707434799381975,0.1371547104632365,0.1707012615680712,-2.3276454861216638,-2.302752526886812,-2.283154894636254,-2.2010977492668498,-1.568844250013051,-1.5625255900558754,-1.544481872037848,-1.4844339808583933,0.8642635503266531,1.6766766766766759,5.101615314749834,0.9059059059059056,0.6059602649006622,0.9584523525475704,0.9071312916402363,0.979362997727967,0.2019683148270765,-0.12647149977829858
18,4.0,13.0,4,5.521530353736137,40.30392992721211,4,0.5226037372856883,154.123956650134,3.2799409363107648,14.230069857257508,4.338514056677894,0.7615147146719445,0.7982023306948107,13.122908717807887,0.9891782915759815,0.10516129032258063,0.12333333333333334,0.8526591107236268,0.28236559139784945,0.08301075268817204,3.401554404145078,0.20774193548387093,0.0886021505376344,2.344660194174757,0.04765193525374382,0.05099175241312305,0.051422942970548086,0.07472871730811709,0.05464604515991604,0.05981755576570458,0.0621808289562558,0.08611955526974,-2.43828103762355,-2.4297301588531774,-2.428626188783104,-2.3689567992626155,-1.91899710123148,-1.9084993254400042,-1.9037020594224805,-1.8551082537187527,0.850913860647413,1.7647647647647646,4.381689931514194,0.7737737737737733,0.6423841059602649,0.9203763550131926,0.9110640966608983,0.9762343737545145,0.16841944346928953,-0.18210512582721272
18,4.0,14.0,4,4.099258497029518,20.740436573993968,4,0.4781577574078816,180.079734326317,0.8136026845110661,15.524268285551248,19.080896094732708,0.7173324584391485,0.7796660881177693,51.31325178880241,0.963318186913489,0.1309677419354839,0.07655913978494625,1.710674157303371,0.27225806451612905,0.13623655913978494,1.9984214680347279,0.22731182795698923,0.12559139784946236,1.8099315068493151,0.11869738614371543,0.12320370123778134,0.1259621791199918,0.23534887462463697,0.13650757738525907,0.14480127774248222,0.15007752962568743,0.2570401051653337,-2.6957096716391225,-2.68192585097238,-2.6734882775564337,-2.338898582275442,-2.1125248344902805,-2.0922343866350457,-2.0793260937023232,-1.8176433142468735,0.8612272956850292,1.8308308308308305,4.165044248545185,0.8178178178178177,0.6258278145695364,0.8747618915232448,0.8633822804778072,0.9430296100112967,0.2085286445944852,-0.1955673317836726
18,4.0,15.0,4,15.097936061216812,245.36357522512466,3,0.3555228687404566,228.41969038462963,16.125827243041293,34.430249681480845,2.1350997479114366,0.7804075638492751,0.6507098406024483,26.355823387326176,0.9962197538401988,0.10193548387096774,0.11666666666666667,0.8737327188940092,0.24989247311827958,0.1193548387096774,2.093693693693694,0.2849462365591398,0.09225806451612903,3.088578088578089,0.04075721640934506,0.05769179232002734,0.07476739715223653,0.12130687182698624,0.055065360960127395,0.07469195060803732,0.09296479818334037,0.14107641369238103,-2.3806404337177325,-2.3386123498681735,-2.296234261662414,-2.180732996424883,-1.7156697782378434,-1.6800347773418989,-1.6468576970952182,-1.559503883084409,0.8674292338213998,1.786786786786786,3.9591102664684588,0.7297297297297298,0.6059602649006622,0.93792079230438,0.9089979655317724,0.9783432582076721,0.17254250320184436,-0.10309009186434989
18,4.0,16.0,4,6.197412933711804,57.01470898207473,3,0.7099043871541817,193.51964879403482,1.103677984049654,19.387283932610508,17.56606928179722,0.8728217547865742,0.8764897059626559,5.221722047887641,0.9844233022073707,0.13526881720430106,0.1129032258064516,1.198095238095238,0.2204301075268817,0.24516129032258066,0.8991228070175437,0.2681720430107527,0.24172043010752686,1.1094306049822065,0.19518001279277797,0.22024835708644777,0.303219771526977,0.4510739938198221,0.19613835301940222,0.23822092116842566,0.3011036305045327,0.4292986403302381,-2.6908959991323242,-2.607080601357742,-2.3296677006976543,-1.83532071435697,-2.313360656930274,-2.1922550439629127,-2.0112905877959384,-1.6423697750422797,0.8485041636714172,1.896896896896896,3.7633583622865325,0.8178178178178177,0.6125827814569537,0.9436348684253065,0.8891613332598577,0.9684603051164644,0.1988673124530834,-0.17910042266839876
18,4.0,17.0,4,3.961245173153708,17.950393027659754,4,0.7601307303104099,206.29592504411224,2.4051254926632732,20.88867797568615,8.68506780182827,0.8158639393628891,0.8430392520617807,4.096626336434384,0.9752286769510091,0.10193548387096774,0.16333333333333333,0.6240947992100065,0.25311827956989247,0.11301075268817203,2.23977164605138,0.2520430107526882,0.07526881720430108,3.3485714285714288,0.05063666624982158,0.05855011838851533,0.06248769319951996,0.0877174063322353,0.06892720389839149,0.07784466922992886,0.08176109469130799,0.11575502708486946,-2.4817889579575,-2.4611019170333943,-2.450808461051183,-2.3848539194766025,-1.7007078341685675,-1.6844190936814947,-1.6772653077562771,-1.6151716160728855,0.8318252272339843,1.786786786786786,3.9591102664684588,0.9059059059059056,0.5728476821192053,0.9189743225859719,0.9106206928597057,0.9804424971958472,0.15900710514477842,-0.17973382834864685
18,4.0,18.0,4,4.88513641016191,31.111589474827888,4,0.6874823903481141,161.96004916625873,10.864620279184898,16.31597246279244,1.5017526653970206,0.7941633361328209,0.7953025613696058,9.760860037889799,0.9780038643331873,0.10193548387096774,0.15,0.6795698924731183,0.2627956989247312,0.10978494623655913,2.3937316356513225,0.2705376344086022,0.06548387096774193,4.13136288998358,0.17242786189825055,0.12993046398322555,0.13289331658828843,0.16348116221520614,0.18486119155708225,0.14915497339130437,0.15209456069699365,0.18500630936341417,-2.5666064199212983,-2.6984065244642603,-2.689217625796311,-2.594353435300864,-2.0054356041586603,-2.093281404723954,-2.086049319852884,-2.0050785797934836,0.8754454194439577,1.7647647647647646,3.7633583622865325,0.8178178178178177,0.6324503311258278,0.87512040718371,0.8781335600289979,0.9671822693213359,0.18825616714585916,-0.18690263624704045
18,4.0,19.0,4,13.829288321593646,215.11705038815867,3,0.3469453936295044,260.45016002338116,0.9598642086401591,51.09273862675233,53.22913196142137,0.7400727886608623,0.7405714217724757,11.233986242217046,0.9986276993724776,0.11806451612903228,0.13999999999999999,0.8433179723502306,0.301505376344086,0.0764516129032258,3.943741209563994,0.28225806451612906,0.1510752688172043,1.8683274021352316,0.0919907740554447,0.10288683604214816,0.1288332061279058,0.16946549595272217,0.09678166567029708,0.11805560472349473,0.15195745170637798,0.19893624451873007,-2.409617544223533,-2.3807022629951997,-2.3118474245407548,-2.2040200196793074,-1.8984211629448746,-1.853706729476513,-1.7824504436716115,-1.683708499343435,0.8518083666688256,1.6546546546546546,3.4004119327037095,0.7957957957957954,0.6390728476821192,0.9359525445818797,0.9003858423042909,0.9754457185955717,0.1849661260325657,-0.10927909831246614
18,5.0,0.0,4,1.9812159855799842,4.057389374776941,2,0.3198496638198165,-113.70051538498026,0.9213142525513699,8.08754372442266,8.778268329211288,0.5288197051695558,0.756892649070047,13.846506563704567,0.9544886091992375,0.11483870967741935,0.14989247311827958,0.7661406025824964,0.301505376344086,0.14634408602150537,2.0602498163115355,0.27,0.0889247311827957,3.03627569528416,0.052843216447744826,0.06400007219394478,0.07619888251980621,0.10610847784340208,0.040127025964358215,0.06797998307307242,0.08890357583292861,0.1238895039956966,-2.325869982562321,-2.298472833188019,-2.268517025181786,-2.195070019193152,-1.9007772258185491,-1.845621733398175,-1.804188033652442,-1.7349075587617677,0.8641772009523906,1.39039039039039,4.8493740673352335,0.7957957957957954,0.6192052980132451,0.9360209301236129,0.9060641873213013,0.9816575630741189,0.1798862095456221,-0.22746691572277394
18,5.0,1.0,4,2.390830071696157,7.575201500897158,3,0.43442009143924487,-94.91563066524688,2.6465118882894365,7.7262592918541975,2.9194122747160747,0.5623292900333656,0.7458663313664513,2.7808475606197436,0.9404185556169931,0.10193548387096774,0.16333333333333333,0.6240947992100065,0.27301075268817204,0.18268817204301074,1.4944084755738671,0.2637634408602151,0.10139784946236559,2.6012725344644756,0.09442503289972932,0.1268089000611863,0.1447578530580036,0.21112156155281517,0.10124128770496899,0.12977165702392088,0.14534542300457692,0.18659233530920943,-2.789755827400498,-2.6899925991647127,-2.634698230351772,-2.430255142559562,-2.5093322050251317,-2.4296754811748644,-2.3861935632872564,-2.271032281412655,0.862503323552683,1.5445445445445445,4.8493740673352335,0.8398398398398399,0.6688741721854304,0.9301075688849695,0.8912027025769332,0.9521800806970274,0.21428857310771826,-0.28345715239792363
18,5.0,2.0,4,2.6614964844708906,8.804700987143569,3,0.5845800218156072,-114.40065558964852,2.6699300517006157,11.648740294596116,4.362938380043491,0.6753912194627154,0.7916723145882137,72.14282070455924,0.9606253446114087,0.10838709677419356,0.17978494623655913,0.6028708133971292,0.2960215053763441,0.10655913978494622,2.778002018163472,0.23150537634408602,0.09204301075268817,2.5151869158878504,0.1486702397668683,0.12226086465088128,0.1237117309409347,0.16906887698174086,0.16499675262804164,0.126309801200856,0.13902868232659663,0.17829790986814284,-2.7181941144100485,-2.802516090874098,-2.797883648318185,-2.6530637052437243,-2.2257324219815215,-2.328853939616476,-2.294951285726222,-2.1902776893055185,0.8905799450683287,1.6546546546546546,3.9591102664684588,0.8178178178178177,0.6225165562913907,0.946163309897841,0.9051323778981343,0.9678257361097374,0.1961763397131044,-0.25048296193394526
18,5.0,3.0,4,2.1645985966590113,4.902836836913529,2,0.18706777538265063,-99.1422254158756,1.6456510547369316,4.936728315567588,2.999863367970652,0.42922994901122224,0.7421539059123716,2.819907868191256,0.9404954190374828,0.1438709677419355,0.1396774193548387,1.0300230946882218,0.3336559139784946,0.1395698924731183,2.3906009244992292,0.375268817204301,0.18451612903225806,2.0337995337995336,0.2410668061895502,0.20466668700052132,0.23195948048953358,0.32064092067282207,0.2181636487085727,0.20647159529210812,0.23339058893525644,0.324974271638011,-2.0878998135083804,-2.1880401192510726,-2.112954961689676,-1.8689836030372735,-1.8211484107606442,-1.8483829649774588,-1.7856799678457458,-1.5723521046295736,0.8704551125316626,1.5445445445445445,3.9591102664684588,0.8838838838838833,0.5894039735099338,0.9376614205833287,0.8940461717054804,0.9595643979000739,0.19564695344972052,-0.27945077819871955
18,5.0,4.0,4,2.1867058697804063,5.88141756227,3,0.3755731432994307,-91.86532148477046,2.363663582433285,6.087850861449254,2.575599550923438,0.5276572900024723,0.7106771854221468,4.286430228759034,0.9093957807949977,0.10838709677419356,0.14623655913978495,0.7411764705882353,0.2886021505376344,0.10634408602150539,2.713852376137512,0.28258064516129033,0.13172043010752688,2.1453061224489796,0.048384198791998206,0.08475065073856182,0.09294372471867561,0.1596044096275396,0.053930788636870376,0.08918181005578152,0.10938901480965747,0.18366186818610733,-2.299242433747593,-2.2113757869619484,-2.1915801264296224,-2.0305181986951575,-1.7836157395371088,-1.7171573072338968,-1.67906084661752,-1.5390349069595808,0.8613287552478103,1.5005005005005003,4.165044248545185,0.8178178178178177,0.6390728476821192,0.8986992107525403,0.889356734850629,0.9651393823983496,0.18470162503443943,-0.2663305313627352
18,5.0,5.0,4,2.412449343274563,6.528411840693494,3,0.6315443527990355,-90.15585453962672,0.6304968484109812,11.792177751049204,18.702992379372887,0.7191054259369558,0.834367029335823,9.52351217381249,0.9503096562048522,0.10838709677419356,0.1532258064516129,0.7073684210526316,0.2894623655913978,0.08634408602150537,3.352428393524284,0.21483870967741936,0.11451612903225805,1.8760563380281692,0.06044666579009127,0.07336687307226081,0.08472023587001618,0.11130089584253289,0.07309183984739681,0.08057211960229828,0.092323701308328,0.1162388340951584,-2.820770865160392,-2.781981215923477,-2.747895620316033,-2.668093922533479,-2.4852826262585435,-2.4652260444809597,-2.4337169877042397,-2.3695942767659846,0.8686581259611492,1.5665665665665658,4.381689931514194,0.8178178178178177,0.6291390728476821,0.8917672759592947,0.889340371684958,0.938686343467894,0.18665604546263803,-0.2640281755418322
18,5.0,6.0,4,2.5340991228351326,6.352491607020703,3,0.6308877720915068,-81.2652152999718,0.9148301256501292,12.848384473028002,14.044557686485483,0.7366881917392983,0.8247016442776779,3.4537052210852828,0.976001764155624,0.10193548387096774,0.23989247311827958,0.42492155983863733,0.25311827956989247,0.1696774193548387,1.491761723700887,0.30483870967741933,0.08236559139784946,3.7010443864229763,0.04458493151153665,0.06572771481853153,0.07286379778063684,0.09210615501020722,0.0783048433974933,0.11699244336478702,0.11887123970329576,0.15018193897402587,-1.940449982154868,-1.897508945485152,-1.8830155462148428,-1.8439342788429454,-1.0329661011709848,-0.9896079702145555,-0.9875023576215183,-0.9524116980699984,0.8426372366229402,1.588588588588589,3.5772850993678698,0.861861861861862,0.6125827814569537,0.9018039522590481,0.900451074150733,0.9665832255410166,0.19552099311458201,-0.20645059299395874
18,5.0,7.0,4,1.95247086460776,3.8826746362046602,2,0.4934003133074739,-99.35740036280231,3.34098224831691,7.5517632454831665,2.2603422239934154,0.5743372394756703,0.7832757734422844,2.602535398942351,0.9378406537905374,0.10193548387096774,0.1932258064516129,0.5275459098497495,0.2664516129032258,0.18301075268817205,1.4559341950646296,0.2689247311827957,0.06215053763440861,4.326989619377162,0.1516099386975409,0.1407663535625929,0.13617301791324332,0.15263794429959673,0.17721343347209298,0.16254972503548232,0.15703699075141525,0.17451847462174283,-2.2128278547065636,-2.2411108206746677,-2.2530914667648556,-2.210146541552646,-1.7568442563397444,-1.7881547480170854,-1.7999257418053778,-1.7625986319821292,0.8624318245496825,1.4564564564564557,4.381689931514194,0.8398398398398399,0.5794701986754967,0.8951859048205237,0.8882399429994632,0.9640013513271313,0.18789238754169565,-0.24374644742474708
18,5.0,8.0,4,1.991039581736685,4.319389743109901,4,0.6050291448561864,-100.56686759488784,1.7863342768379158,8.016607205380375,4.487741913328223,0.7459255179524873,0.8253047491236493,6.464320491998605,0.9550585482608522,0.12129032258064518,0.08655913978494624,1.4012422360248449,0.22591397849462366,0.16634408602150536,1.3581124757595349,0.25688172043010754,0.12193548387096773,2.106701940035274,0.1063828080398266,0.11359194430488877,0.12981295067522147,0.21135727658607853,0.11729794351949382,0.12450613780751588,0.13910425015950056,0.21370534503756144,-2.5616503192524176,-2.540984550530553,-2.4944852815807117,-2.2607296529042213,-2.0753311346451135,-2.058383864702015,-2.0240620719196163,-1.8486665647466103,0.8812820607300564,1.5445445445445445,4.165044248545185,0.8178178178178177,0.6589403973509934,0.8960254060445896,0.879298786181882,0.9543753407590267,0.20189991402562352,-0.2120748955174086
18,5.0,9.0,4,3.618403284255652,19.52810754111407,4,0.45572103668107045,-80.39148942873861,1.9595265715806849,8.554290354543221,4.365488316722727,0.6040777557484442,0.7498574074991624,4.286916895547533,0.9590103973411741,0.10516129032258063,0.18655913978494626,0.5636887608069163,0.2563440860215054,0.12623655913978493,2.030664395229983,0.30387096774193545,0.11849462365591398,2.564428312159709,0.051887737352028035,0.05320992569542572,0.06737069906380966,0.09405143269926867,0.07147012796062659,0.0761092122533835,0.08763848274879077,0.12892467677334518,-2.2392704982802702,-2.2361477274152763,-2.202702529746286,-2.1396874395970507,-1.404789176888806,-1.3977706246576036,-1.3803277885172875,-1.3178651793249299,0.8671693190209524,1.6986986986986992,4.8493740673352335,0.861861861861862,0.5827814569536424,0.926788935264258,0.9042042097189295,0.9724089791573381,0.19610661685714104,-0.2196772252401402
18,5.0,10.0,4,4.295392912281696,30.268702170581328,3,0.5491341616520544,-96.02314944693762,5.070304078322332,13.64657699829131,2.6914711203685253,0.7231044553331538,0.8304744941585822,6.850545422022752,0.9496920886770823,0.10193548387096774,0.12,0.8494623655913979,0.24989247311827958,0.11279569892473118,2.2154432793136323,0.3110752688172043,0.10903225806451614,2.853057199211045,0.03198124885025736,0.03150609665530184,0.03566872815683732,0.05604051527869824,0.0490430397624681,0.04973431158891106,0.0579270325849957,0.08565317644957196,-1.798329202627177,-1.7992119128710293,-1.7914788170192228,-1.753633290114466,-1.0566644354864563,-1.0558963225383438,-1.0467929064339352,-1.0159847506709647,0.8465327411502555,1.742742742742743,4.8493740673352335,1.1041041041041042,0.6258278145695364,0.9126811591304316,0.8937325039820213,0.9746469777775677,0.17019249163013303,-0.2317230188679658
18,5.0,11.0,4,2.9641781910089064,12.753896106808483,2,0.5671523091016706,-97.24696885102338,0.07140743964053303,7.446482348124636,104.28160406829356,0.6531685859757166,0.7744305980398747,3.0917742751497825,0.9593795855142914,0.10516129032258063,0.2129032258064516,0.4939393939393939,0.2629032258064516,0.19268817204301075,1.3643973214285714,0.306989247311828,0.09204301075268817,3.335280373831776,0.04497083082470006,0.16979678524943517,0.2386719972446815,0.22025377969015597,0.06641052295968455,0.1828797175452446,0.28692232742107404,0.2567010495049259,-2.288092089368905,-1.989029727625759,-1.8240160999728818,-1.86814310598169,-1.5115371076078858,-1.322966527241677,-1.1545153295072625,-1.2034453829547438,0.8514601029286338,1.4344344344344344,3.7633583622865325,0.7957957957957954,0.5860927152317881,0.903276267235189,0.8944083174536686,0.9685095081458441,0.18553521449943397,-0.26646961890821597
18,5.0,12.0,4,4.740912530253819,37.98083952541988,3,0.5960792318467643,-97.64771762883608,1.1658572779803902,13.788191670983586,11.826654884265778,0.8328684483272749,0.8642573920662265,10.18422145720455,0.9692530708172592,0.11806451612903228,0.23655913978494625,0.49909090909090914,0.2693548387096774,0.16301075268817203,1.6523746701846966,0.19161290322580643,0.12150537634408601,1.5769911504424778,0.12438501484370855,0.13497195397671774,0.1555689044824143,0.1774319336964185,0.15188971659932937,0.16977526572319387,0.18483005926227583,0.21158319751284468,-1.9768247942141457,-1.952923280275079,-1.9064227484944416,-1.8570638647846598,-1.4820093381260264,-1.4507556776789494,-1.4244485510644518,-1.377699441323038,0.8777451481091317,1.588588588588589,5.101615314749834,0.861861861861862,0.6456953642384106,0.9335670357953104,0.9003517026015075,0.980851006294571,0.18604056366600064,-0.20172326797917642
18,5.0,13.0,4,1.41975502458534,2.7391807601417364,1,0.4110584029337815,-95.70978931826826,1.596922762473428,7.850566369364325,4.9160589064463,0.5785155800931441,0.6124883097938894,43.26070194777359,0.7728936578055842,0.14838709677419354,0.11967741935483871,1.2398921832884096,0.17311827956989248,0.3753763440860215,0.4611859066170152,0.28795698924731183,0.2618279569892473,1.099794661190965,0.20447192631900332,0.2451720154544106,0.30114151990499843,0.49711090842650063,0.22906927203111996,0.25251152626710754,0.3120805248506672,0.47676676660490885,-2.0181609252895605,-1.9149095979431687,-1.7729215642998821,-1.2757703316136837,-1.6696341803349761,-1.6188643932237181,-1.4898535333433842,-1.1331862371931516,0.8821665804527594,2.0510510510510502,8.05203967082547,1.1701701701701699,0.6291390728476821,0.8569973634274336,0.847002839815127,0.9479636267075675,0.21725038104671934,-0.3557919919599405
18,5.0,14.0,4,2.2693684588377105,5.762962881794165,2,0.39851561822319737,-98.97385575551783,1.2095184405152635,7.360754652787343,6.085690309650516,0.5991128057058854,0.8013967359276342,2.150801979604268,0.9518592026246948,0.12129032258064518,0.18311827956989246,0.6623605402231357,0.2918279569892473,0.1295698924731183,2.252282157676348,0.2370967741935484,0.09838709677419355,2.4098360655737707,0.08023722703898443,0.07205850855946451,0.09190833449074376,0.13620071711674211,0.09272459765286187,0.07680355700990515,0.09379827347398793,0.13947948641871025,-2.5005513361529963,-2.5227867494826133,-2.46882119421767,-2.3484038650836783,-2.177486867258797,-2.2156978193285273,-2.174910014635936,-2.065273799424707,0.867817298175583,1.4124124124124113,3.5772850993678698,0.8178178178178177,0.6456953642384106,0.9323646917101223,0.9114006351151595,0.9754178833613257,0.1762416124471864,-0.2749073903000307
18,5.0,15.0,4,2.347049281491129,8.020187751074412,2,0.6538973122141322,-95.70348935067132,0.5408808903191769,12.46932479261107,23.053735149069237,0.7788306078097246,0.8375828795635859,5.321883938687142,0.9512015664041754,0.10193548387096774,0.12000000000000002,0.8494623655913977,0.2726881720430107,0.10290322580645161,2.6499477533960287,0.23150537634408602,0.10838709677419356,2.135912698412698,0.03270212152021079,0.03830107851542033,0.05045932911468996,0.08421588943099408,0.03766031831903782,0.040302313296926864,0.0543215770321549,0.08601264113725354,-2.623111607739599,-2.6079283953992074,-2.574957736632878,-2.4834169329435114,-2.277870526092935,-2.271616889664157,-2.2384331103106767,-2.1634199499477664,0.8371364816385766,1.5225225225225214,3.7633583622865325,0.8838838838838833,0.5728476821192053,0.9227605019142436,0.8988250428886322,0.9746294097093444,0.17108892887821106,-0.2273422739793874
18,5.0,16.0,4,3.2787887471459634,15.302000352600079,3,0.6136660394397175,-97.5289763212484,0.507274977771062,10.239647307383537,20.185595103420983,0.7218966994721143,0.8232530828393696,3.0252331572847684,0.9400481509300973,0.10838709677419356,0.18967741935483873,0.5714285714285714,0.23591397849462364,0.12268817204301075,1.922874671340929,0.24365591397849462,0.1510752688172043,1.612811387900356,0.17243608264438265,0.1640676323109192,0.18540510771642835,0.21942581482897922,0.16766684084394157,0.1728322991153198,0.19784644430479012,0.2392568288031619,-2.0727974556746784,-2.093757894131892,-2.0403139681661653,-1.9551023806812,-1.7486136577159623,-1.7377617641174277,-1.6852106006401153,-1.5982132689724176,0.8621790439580397,1.4564564564564557,3.9591102664684588,0.8398398398398399,0.5960264900662252,0.9530041082332216,0.9074902334248773,0.9808120909239657,0.18579919632334707,-0.27232773265885735
18,5.0,17.0,4,3.271981602055692,16.943641994595072,3,0.5160652127308756,-88.83340937474503,1.4489462189017361,8.935169989143489,6.166667798005724,0.750616830388823,0.7569307934893932,16.68964587631465,0.954425612379508,0.10838709677419356,0.14655913978494625,0.7395451210564931,0.26924731182795697,0.10301075268817203,2.613778705636743,0.27075268817204295,0.09860215053763441,2.745910577971646,0.04845072718635209,0.04807224505030034,0.05660182238511636,0.08400594704447907,0.06262635088082344,0.06224395141078198,0.0773672646423947,0.10475842278004653,-2.5102536829964897,-2.5112521454020813,-2.488750522489992,-2.4164565206754034,-1.752214378654403,-1.752929190565775,-1.7246594745115347,-1.6734577139522424,0.8573560203761591,1.5225225225225214,3.5772850993678698,0.861861861861862,0.6423841059602649,0.9193661810632973,0.890192009166506,0.975795334561402,0.1983004498225921,-0.22767504498236663
18,5.0,18.0,4,2.395105985143541,7.7229228088273025,4,0.4650812533801997,-94.42460063720983,1.0372219354988965,9.052079884310867,8.727235295073932,0.5411510784513873,0.7333929769692042,3.890337363452636,0.9186898982677073,0.10193548387096774,0.12634408602150538,0.8068085106382978,0.31913978494623657,0.11591397849462366,2.7532467532467533,0.2522580645161291,0.14806451612903224,1.7037037037037044,0.10683935731557596,0.11419964934169025,0.15136764329307345,0.2385086347406716,0.12118335539286923,0.13021260977214663,0.1657299211415017,0.2673931876240907,-2.41347564909899,-2.393586857848746,-2.2931524633618667,-2.057682324121271,-2.030562531981755,-2.0096998574445775,-1.9276348190251211,-1.6927352855840965,0.8740671291503765,1.5445445445445445,4.381689931514194,0.7957957957957954,0.6125827814569537,0.9510274919890009,0.896898709884084,0.9720713219335607,0.18376502247971455,-0.3332259806692811
18,5.0,19.0,4,1.7326980296013534,2.65611458364934,1,0.5441745232255013,-108.6934124055562,0.6698654934484725,9.553986982709871,14.262545355972698,0.6703544750774098,0.7167406891187139,14.638336955534536,0.9383119706661448,0.10838709677419356,0.1564516129032258,0.6927835051546393,0.2758064516129032,0.1229032258064516,2.244094488188976,0.21494623655913978,0.0753763440860215,2.8516405135520686,0.046895844587489924,0.05046793077336962,0.06728256104830362,0.0928314470146061,0.05385427203655963,0.05400185425529165,0.06429092789034405,0.09484336620616964,-2.1908774955866392,-2.1826664273707497,-2.144015042989765,-2.0852864360657346,-1.8593830892953074,-1.8590930579886273,-1.8388727801222247,-1.7788305630913834,0.8643872676331581,1.5005005005005003,4.609604486828429,0.9059059059059056,0.5927152317880795,0.8912177462803732,0.8843576516487659,0.9706856018867269,0.18566001800100954,-0.2645190296355712
19,1.0,0.0,4,6.538891669940667,56.297075702405294,6,0.09318952696851979,-91.15338787976057,0.33518263595149056,3.421154417281898,10.206836662556189,0.4787768694294008,0.6727256756645327,15.496508952787758,0.8522751288180546,0.10516129032258063,0.47440860215053765,0.22166817769718944,0.25311827956989247,0.5431182795698926,0.46604632745990887,0.5196774193548387,0.4224731182795699,1.230083990837363,0.40634274452955516,0.4981241819156066,0.5534897625691922,0.5954032667403754,0.5042846969241528,0.5880652804128896,0.6194750410749797,0.6477317028046012,-1.1524227887088636,-0.9742542932521326,-0.8667771989062905,-0.7854136226736741,-0.6735091574112259,-0.5596797278116188,-0.5170045041363558,-0.4786132736968558,0.8048956223581245,1.874874874874875,2.920555512182745,0.8838838838838833,0.6788079470198676,0.9509201523293372,0.8745527447681387,0.9715174738772353,0.21650813790449724,-0.34303585697823435
19,1.0,1.0,4,4.180952320495382,27.039421602802587,5,0.09192645476985328,-92.89546218742497,0.22063355181495603,2.494063719362701,11.30409993786646,0.48240928570291863,0.6304220087635064,10.171139801677066,0.7520383877187596,0.10193548387096774,0.5438709677419356,0.18742586002372474,0.2595698924731183,0.54,0.48068498606133014,0.47677419354838707,0.42892473118279567,1.1115567811481575,0.6771183897113836,0.6400371215316738,0.6625038039820481,0.593378251312345,0.7406675143042517,0.7304323899881712,0.7320424846329886,0.7122204624489233,-0.5946790331704399,-0.6629748171580518,-0.621595981781849,-0.7489105005376442,-0.31330060199292786,-0.3256656961734641,-0.3237205344628764,-0.3476675978873591,0.7874180078732662,2.183183183183184,4.8493740673352335,1.0380380380380387,0.6490066225165563,0.8891873756374701,0.8600589970992079,0.9674469653168596,0.21679171178719264,-0.3966662455811195
19,1.0,2.0,4,7.686237101355267,76.56535824490112,4,0.2731498151681795,-83.47970198594335,0.6036396154347028,4.1777372022137484,6.920912901326412,0.5836241962325526,0.6798976534440078,17.618703872333956,0.8840228186557355,0.10193548387096774,0.35559139784946237,0.28666465074085273,0.2789247311827957,0.5062365591397849,0.5509770603228548,0.4703225806451613,0.4249462365591398,1.1067813765182186,0.5103254007495103,0.5544665929191163,0.5713677063533822,0.7599239229685439,0.4579967021656869,0.6069007332123751,0.6105836125411727,0.8003748767546125,-1.3345823619787995,-1.2142778646729513,-1.168214769054557,-0.6543147192638958,-1.2340903629072297,-0.8950499355758605,-0.8866643668799139,-0.45452756796068416,0.8437143542742644,1.6986986986986992,3.0724688427090037,0.7737737737737733,0.6854304635761589,0.920672870214327,0.8708266500053448,0.9484063457335843,0.20831349131125795,-0.33532635947736344
19,1.0,3.0,4,2.476361030726585,13.954415336103576,3,0.1520741136455681,-89.40083287474529,0.17084397559332265,1.91889592642968,11.231861818747557,0.3268419016116363,0.39894538411948766,4.127243411504414,0.5578262766211137,0.10193548387096774,0.19172043010752687,0.5316881660123387,0.25311827956989247,0.4341935483870968,0.5829618623080732,0.489247311827957,0.4027956989247311,1.2146289375333692,0.9399220498926666,0.7518871623483959,0.8021387403008886,0.7155518000787976,1.2456480308552442,0.824732444579175,0.8154154974078965,0.6967464262332511,-0.16606953004979408,-0.6858420148242237,-0.5469348796786058,-0.78628146932493,0.5689174520305453,-0.40591724145510066,-0.4274951626252097,-0.70233109504632,0.8697641506275721,1.6326326326326315,3.0724688427090037,0.6856856856856854,0.6821192052980133,0.952910297273319,0.8419318520018365,0.9258174327833457,0.24127752942484476,-0.4913572216677768
19,1.0,4.0,4,4.0049971592241205,28.730218780399717,4,0.18876235705644295,-88.44083075705724,0.7873486442765553,1.985140351475122,2.5212977324665893,0.33687527881857693,0.5561803750923704,22.37464122135602,0.662701727316847,0.10193548387096774,0.4886021505376344,0.20862676056338028,0.25311827956989247,0.49483870967741933,0.5115167318557149,0.40892473118279565,0.36698924731182797,1.1142689715792555,0.3287601907717209,0.3125166996024092,0.48720674717867385,0.5566487660736398,0.4987512812081278,0.41402299227719597,0.5049974056797437,0.5621386638705855,-1.4526593094702813,-1.4878125562548061,-1.10975821502731,-0.9594757171341062,-0.8116304614189478,-0.9488239497255062,-0.801516630306927,-0.7089925319645449,0.7755293777761212,2.0730730730730733,3.9591102664684588,0.7957957957957954,0.6589403973509934,0.9263253032587584,0.8698100562242302,0.9635209106990228,0.21479879276200084,-0.45567446599123446
19,1.0,5.0,4,0.7901643453521858,1.7948786533718781,3,0.07778004595287757,-91.90810800298148,0.005923022544387191,1.1618916805826507,196.16533144613626,0.1842333135644988,0.32552377315235614,2.3699632247251126,0.3597011125164272,0.10516129032258063,0.42817204301075273,0.24560522350577593,0.2724731182795699,0.5229032258064515,0.5210775241620399,0.46698924731182795,0.4188172043010753,1.1150192554557123,0.7554766366206199,0.6197588122141845,0.6027313851428712,0.6140238990736722,0.6063587129220243,0.6255163200798947,0.6951620955072841,0.6898367461004542,-0.45607680750380486,-0.7092131590622206,-0.7409721471252129,-0.719909727440345,-0.5555030414703718,-0.5284679986716637,-0.43018450721510426,-0.4376995923687621,0.7733213901747163,1.8528528528528534,2.3843904700937206,0.971971971971972,0.6456953642384106,0.9129375561444716,0.8559692331455041,0.9579543048691214,0.23396688004337107,-0.5907874217505027
19,1.0,6.0,4,2.065289379181217,9.450154231497716,4,0.09382750621269942,-90.61916654948959,0.11840013294203573,1.5074642082527405,12.73194692265032,0.26448678840673523,0.4419170057049001,6.362037197485921,0.4976142730014126,0.10838709677419356,0.35548387096774187,0.30490018148820336,0.2756989247311828,0.47021505376344086,0.5863251772238738,0.5090322580645161,0.4611827956989247,1.1037537887619493,0.7057418894828067,0.6648894276686361,0.7172460517310406,0.823145035173386,0.7796338068093047,0.7468213232133818,0.7430186924705705,0.9374011896344494,-0.6573211490634863,-0.7485784030931717,-0.6316228628387466,-0.39506305703210143,-0.41506668449701056,-0.4768700336363527,-0.4840324087354191,-0.11790683632403587,0.8186046985905624,1.588588588588589,4.165044248545185,0.8178178178178177,0.6788079470198676,0.9537425384636173,0.8637797608769414,0.9670658615551824,0.2192560624215382,-0.5245566641758974
19,1.0,7.0,4,3.956086650660036,31.301708720924708,3,0.15526994856444942,-90.23608937494441,0.08971106814908679,1.666416487555048,18.57537226940276,0.35449657780071786,0.4661069595360914,9.8012218499266,0.6476141754979441,0.10516129032258063,0.40870967741935493,0.2573007103393843,0.26602150537634406,0.43741935483870975,0.6081612586037363,0.49333333333333335,0.3736559139784946,1.3202877697841726,0.7037439313824272,0.5874161847488076,0.538458574433273,0.6526737748162185,0.823540210434568,0.5853163284291862,0.500589891432723,0.6340440497436177,-0.8402757277840689,-1.1702179376438249,-1.3090771746222183,-0.9851268127828117,-0.45085992637873584,-1.0595289164478685,-1.2760074424657937,-0.9350281624883845,0.8427206063580305,1.742742742742743,2.154434690031882,0.7297297297297298,0.6291390728476821,0.91251131468303,0.8464341591255271,0.9375464175560787,0.2318775735265555,-0.4889304298794478
19,1.0,8.0,4,5.320149127119553,44.21840863841312,5,0.2181878110197477,-91.02506408075178,0.4990011573121258,3.684574476305108,7.383899660978947,0.5219649385013818,0.6926362302712206,4.824262452132845,0.8038464884069345,0.10193548387096774,0.3850537634408602,0.26473052220050264,0.25311827956989247,0.4505376344086022,0.5618138424821002,0.49010752688172043,0.3921505376344086,1.2497943515217989,0.5654788796097134,0.5056043588840199,0.5302253859319594,0.6452047837640255,0.7283222327442934,0.5596555912971801,0.49069666922012656,0.6750973040639634,-1.0779506220961848,-1.226486041516076,-1.1654067287334546,-0.8801683188950662,-0.6163659103619636,-0.9990264756830711,-1.1554762625498691,-0.7371193748481644,0.839207212573463,1.9409409409409404,3.0724688427090037,0.8398398398398399,0.7086092715231788,0.9358374690532759,0.8444479591519222,0.9442921976010274,0.23397286044091392,-0.3943916065100967
19,1.0,9.0,4,9.14189547178296,119.67726731028932,3,0.16404640788516034,-92.73924733625427,0.46204720048543846,2.5878041079866216,5.600735390816802,0.47568063162512897,0.6040808626177805,5.202450203361363,0.8135307481233436,0.10838709677419356,0.3646236559139785,0.2972574461810676,0.2627956989247312,0.4855913978494623,0.5411868910540302,0.48634408602150536,0.3889247311827957,1.2504838263754492,0.5387170999846305,0.5470113421617072,0.625248075141001,0.6572659973302675,0.3028559663522243,0.531149276876996,0.6743378875249038,0.7056880868099819,-1.1430692676234198,-1.1225159513601755,-0.928643590028527,-0.8493024679828387,-1.4749607067526056,-0.9919562680907448,-0.689009439075972,-0.622681234483295,0.8342341504025681,1.7207207207207202,2.776153294436798,0.7737737737737733,0.6655629139072847,0.9151781791243259,0.8541366328255793,0.949775070206018,0.21089178416227894,-0.3365410592038941
19,1.0,10.0,4,2.0514332396722916,11.522548468336279,4,0.04872898065144571,-89.18949209969007,0.2988238747385383,1.0841050208182463,3.6279063102531715,0.25666060647841193,0.29578585213161934,18.93208332737306,0.4275589343982059,0.10516129032258063,0.2886021505376344,0.36438152011922503,0.25311827956989247,0.5256989247311827,0.4814890570668849,0.4810752688172043,0.4483870967741936,1.0729016786570742,0.9935194289402269,0.9859779810588426,0.8296377856157003,0.7817038324708605,1.060753331903041,1.1111364445651988,0.8419970578836972,0.7705903542239477,-0.013304740909241275,-0.028787482972697287,-0.3497570047765346,-0.44816636121527664,0.0967393075351195,0.17696581162512937,-0.25159270660639454,-0.3652956896203001,0.8017172174861533,1.786786786786786,3.5772850993678698,0.9059059059059056,0.6622516556291391,0.928704149731494,0.8507211060793287,0.9445790075261351,0.2374008147306887,-0.5370542092926099
19,1.0,11.0,4,0.9330704113285972,2.09028350508368,2,0.023699167303976143,-89.12921922025956,0.037008211671404265,0.655394191743716,17.709426155550503,0.19102681892117668,0.27754014493582635,2.9774034882014146,0.32792741325814845,0.10193548387096774,0.14172043010752688,0.7192716236722306,0.26924731182795697,0.46967741935483864,0.5732600732600733,0.5486021505376344,0.45505376344086024,1.2055765595463137,0.6422939165633639,0.858371087122495,0.774030066337844,0.8094741416916483,0.6862401249122727,0.8949570972416173,0.810300921268697,0.8318327792074961,-0.8597058914044,-0.34038898534852535,-0.5430930371192009,-0.457907232884913,-0.6665429661400057,-0.22315029274202836,-0.40299157620532533,-0.3572498813725504,0.8395347262073607,1.6766766766766759,3.4004119327037095,0.8178178178178177,0.6291390728476821,0.9194877112442504,0.8461343827623969,0.9482761100381364,0.22838341907617235,-0.5878276010588201
19,1.0,12.0,4,13.574676678885922,211.63662661583783,3,0.3493998589987781,-84.22138417983898,2.2411690836036327,6.4200445724671065,2.864596258906157,0.8192048887661905,0.737687889674069,6.628208933109991,0.9461236529304236,0.10193548387096774,0.3286021505376344,0.3102094240837696,0.2563440860215054,0.4172043010752688,0.6144329896907217,0.5152688172043011,0.42752688172043013,1.20523138832998,0.7730292454734966,0.6236448075341021,0.5485194013740877,0.6564078815576422,0.8972720670667476,0.6977449737343212,0.5987950692032554,0.694761660805193,-0.5531079177403326,-0.9171447540448099,-1.1002188115693015,-0.8373040023596998,-0.21836432514022497,-0.6424904400016553,-0.8528239735270999,-0.6488319392983899,0.8218227676703089,1.6986986986986992,2.920555512182745,0.8178178178178177,0.6589403973509934,0.939910187503257,0.8586925648456868,0.9475522229570699,0.21946360392654116,-0.2222266436676395
19,1.0,13.0,4,1.9787166276050894,9.041765152684711,4,0.08912986554081648,-88.56249227152269,0.01954507508494108,0.5934779169970028,30.364575956746286,0.18187649657680616,0.279352289215134,7.811986023484734,0.5111032515570848,0.10193548387096774,0.20838709677419356,0.48916408668730643,0.26322580645161286,0.4063440860215054,0.6477904207462291,0.5390322580645162,0.44096774193548394,1.2223847841989757,0.7652069514067232,0.7715559270008006,0.7432235650518377,0.8048637925114108,0.8472195815524689,0.7601922624007103,0.7197987577024736,0.8024817727823583,-0.9425910136431273,-0.9171026638956716,-1.0308446589350493,-0.783386206351306,-0.5839231716844986,-0.9165395418886821,-1.0709225683165573,-0.754910026261213,0.8733884574403913,1.5225225225225214,1.9466563433422632,0.5095095095095097,0.7185430463576159,0.8490294996044083,0.8302413012833222,0.8046571296808153,0.2273139598278273,-0.5545425308319889
19,1.0,14.0,4,7.1292678490288255,70.07608648401019,5,0.11955862550558771,-90.63739350956159,1.039493731519212,3.095713184987045,2.9780970208090474,0.5769392495764589,0.6321291944264544,19.146187505271097,0.8390750135305042,0.10838709677419356,0.3047311827956989,0.355681016231475,0.2627956989247312,0.5356989247311827,0.4905660377358491,0.4665591397849462,0.4547311827956989,1.0260108772759517,0.7631525087072004,0.7725910337114272,0.794829715072091,0.8024803016117035,0.8698004384918315,0.7360703615016635,0.7925902367590256,0.8812866585047021,-0.5551253335391646,-0.5330032316224851,-0.4808800052356452,-0.46294848997495697,-0.26410234417753053,-0.5353661365515869,-0.420718810745083,-0.24080320556293788,0.8086177000781667,1.874874874874875,3.9591102664684588,0.861861861861862,0.695364238410596,0.9560914920421356,0.864989748796948,0.956169474612843,0.22264309909482266,-0.3672045383642105
19,1.0,15.0,4,6.813011837768649,80.46764062597806,3,0.14589028390342007,-90.47761569789853,0.12708866668331353,1.946073502679996,15.3127226326902,0.4324236560280741,0.4738976459830404,14.09532048718852,0.6692709753632722,0.10193548387096774,0.11516129032258064,0.8851540616246498,0.24989247311827958,0.4431182795698925,0.5639407910701286,0.5413978494623656,0.47301075268817205,1.144578313253012,0.9658974648896184,0.7777703573378517,0.7666796056144508,0.7540942587375052,1.0159084556497344,0.706058115829346,0.563087177845753,0.6840710595376959,-0.09582755951732524,-0.6244616196359551,-0.6556264485094117,-0.6909910650399151,0.04257800155321956,-0.7867173455635448,-1.1693702537754318,-0.845564347280662,0.8239951701034337,1.786786786786786,3.4004119327037095,0.6856856856856854,0.6887417218543046,0.8514069143699737,0.8310647731186568,0.8660870924474214,0.22862287390252106,-0.418701616873574
19,1.0,16.0,4,8.993541249736836,118.08105585989975,4,0.26369067881466224,-92.04793964137495,0.7196532440209884,3.5046077798467836,4.86985615497979,0.6226418454526291,0.5703507463300719,6.653225844957594,0.804498998904438,0.10193548387096774,0.4318279569892473,0.23605577689243026,0.2563440860215054,0.45741935483870966,0.5604137282557593,0.5182795698924731,0.402258064516129,1.2884255546645285,0.5399930412707016,0.7313291145521366,0.573445568289324,0.6002777605496004,0.6089732159032755,0.7413668035406927,0.48947377198287395,0.4979432221256919,-1.0592533259818409,-0.6186657040825534,-0.982222533654576,-0.9204363185642788,-0.7996337183293873,-0.5288942675523058,-1.0440051746251484,-1.0266854968297991,0.7923771624593796,1.786786786786786,2.920555512182745,0.9059059059059056,0.6324503311258278,0.9083401548948059,0.8582638298825079,0.9399004298117659,0.23147449228494751,-0.33796961926261815
19,1.0,17.0,4,2.5134793661526142,13.92290370112605,4,0.031109708160297678,-91.27124531876869,0.07748914053911793,0.9853823571655677,12.716392907573013,0.11098322519991477,0.4133236613991219,7.141368592275966,0.6094361828825892,0.10516129032258063,0.2684946236559139,0.3916700040048058,0.2595698924731183,0.37311827956989246,0.6956772334293949,0.5749462365591398,0.4370967741935484,1.3153751537515375,0.36819787320892416,0.5424348387128655,0.643251987693833,0.8042641367632383,0.3972021364986503,0.5135382164956935,0.5542466118598918,0.7905065421798814,-2.0623919834917324,-1.4936301739860134,-1.1645327065354243,-0.6389406716176214,-1.8756269145140947,-1.5136430788314548,-1.386977464012798,-0.6518463181334053,0.842406314266732,1.6546546546546546,3.5772850993678698,0.7737737737737733,0.695364238410596,0.9073105744446093,0.8592833186632036,0.918600314405958,0.2225968799712358,-0.5166199713022123
19,1.0,18.0,4,1.8941213990666161,7.10751838994708,3,0.26928320188126276,-85.28461024996948,0.4075219832351275,1.6036413981782605,3.9351040291070856,0.3831299119905074,0.48830653223655973,10.615253475312452,0.5568681388347583,0.10516129032258063,0.32440860215053763,0.3241630759032151,0.24989247311827958,0.5034408602150537,0.496369073045707,0.4178494623655914,0.4060215053763441,1.0291313559322033,0.7454280345637313,0.804883197477786,0.745856102123302,0.6673320725813192,0.7811931206683863,0.9162433345283204,0.8588810369568689,0.6991483818106808,-0.7048516790079105,-0.5402339005583365,-0.7036664576204137,-0.9210815762501572,-0.4747009808408351,-0.18170987755419943,-0.30615723955502316,-0.6526968378612037,0.832726950278882,1.7647647647647646,3.2322839781813806,0.7957957957957954,0.6225165562913907,0.9204409972482572,0.8457224469367588,0.9433139498436297,0.2290584490729819,-0.4816561063003848
19,1.0,19.0,4,1.723294603544696,6.897044265195756,3,0.10208839895683663,-93.5256158775144,0.05040051110980661,2.7303727459600347,54.173513042584524,0.21107844353527472,0.41612818182698763,28.143172974370756,0.4453412864094487,0.10838709677419356,0.538494623655914,0.2012779552715655,0.26602150537634406,0.5496774193548387,0.4839593114241001,0.5693548387096774,0.4548387096774194,1.2517730496453898,0.3326643612800679,0.35748862349869703,0.4503470570977561,0.6619090802570207,0.21632434897599445,0.3338961482341321,0.4685581790494468,0.6246870352200077,-0.9478018083373445,-0.9125444666695312,-0.7806597205567912,-0.48018293422706837,-0.7743542288808148,-0.6581808862055601,-0.5251205915603672,-0.3708488084980466,0.7497774724043615,2.3373373373373365,4.8493740673352335,1.1261261261261257,0.6622516556291391,0.9054954737463741,0.8639976689305344,0.9693174018957247,0.21015417848283932,-0.5246182974651277
19,2.0,0.0,4,4.020559857423226,24.266171356366357,6,0.14721511749893168,84.69561615758575,0.06308354774847376,1.3588634201827865,21.54069434396487,0.5401055576157231,0.583928397935868,4.464529671924499,0.7332771188107652,0.10193548387096774,0.4086021505376344,0.24947368421052632,0.25311827956989247,0.5264516129032258,0.4808006535947712,0.47086021505376346,0.43193548387096775,1.090117002738362,0.4392538687978312,0.4493238687169983,0.5774151484477096,0.6610419774033619,0.5168710585316669,0.5275325852893962,0.6245897276356296,0.7239448163539397,-1.1972608841109937,-1.1757602150285833,-0.9022698237734206,-0.7237164185877409,-0.8513972077045471,-0.8326088608839023,-0.6615692627794652,-0.48648009331485476,0.8287306173752254,1.808808808808809,3.7633583622865325,0.8178178178178177,0.6887417218543046,0.9443934915559857,0.8678839299095322,0.9623590270549136,0.21409963211408822,-0.3972940141722435
19,2.0,1.0,4,3.4709259038019935,21.081165210893737,4,0.2212450091577689,87.19115829780493,0.5077185958135944,2.2788714958847622,4.488453869279658,0.33587932395417175,0.5706698160023337,6.682252547792972,0.6912135834182336,0.10193548387096774,0.28827956989247305,0.35359940320775834,0.25311827956989247,0.4204301075268817,0.6020460358056267,0.5066666666666666,0.3953763440860215,1.281479466956758,0.7431057886243402,0.7162664283426253,0.6791539562723944,0.7288827829238358,0.6105415316226437,0.7292250725413626,0.6775139848733815,0.7455059341854452,-0.8540478206720232,-0.9432755889198274,-1.06665643787552,-0.9013323700469353,-1.1544275316891668,-0.8026273827136592,-0.9559086903360878,-0.7543678725279928,0.8480662206658411,1.588588588588589,2.154434690031882,0.6636636636636631,0.652317880794702,0.9078559831869828,0.8504015886972157,0.8993120747003505,0.23699587131638483,-0.4317744759731592
19,2.0,2.0,4,5.706954922220976,49.50389513451053,5,0.2792747665283092,84.9566395936821,0.8694041670519299,3.802758680801648,4.373982579007477,0.5094911334973391,0.670350416240749,6.413290527168025,0.787013970190411,0.10516129032258063,0.4518279569892473,0.23274631128034265,0.2627956989247312,0.47064516129032263,0.5583733150559744,0.5413978494623656,0.4188172043010752,1.2926829268292683,0.6281597121775692,0.6078506500927829,0.5768034557212305,0.5503916168580213,0.700681514542469,0.6851220775755434,0.6668278817564106,0.5893876713572398,-0.8061123947100983,-0.8501404013775768,-0.9174476002570962,-0.9747058139902085,-0.5381712153658806,-0.5661469051736765,-0.5990396601369212,-0.7382762732214962,0.8126773065311589,1.9409409409409404,2.266498079273693,0.9059059059059056,0.6390728476821192,0.9645410538783822,0.8797125371579717,0.9734757264173903,0.2107328632247947,-0.3787341080142877
19,2.0,3.0,4,3.8940971798579533,30.65629384242594,4,0.06747770384853058,85.38317126050067,0.41144982536586994,1.5854455163073224,3.853314349805619,0.28348277584885306,0.4960475598090549,42.775103052296735,0.6388180792562197,0.11806451612903228,0.402258064516129,0.29350441058540505,0.26924731182795697,0.4580645161290323,0.5877934272300468,0.47688172043010757,0.36333333333333334,1.3125184965966263,0.6405289630971355,0.4932908452792056,0.5346661031319005,0.6227956028092653,0.615233770581148,0.4551917121997083,0.4997190021963051,0.5563511045092672,-0.9594230174274772,-1.3523994321459534,-1.241969465164777,-1.006753100493709,-0.9365957778193181,-1.3261692504704112,-1.2177811731915438,-1.0799276302871543,0.8634551262144876,1.742742742742743,2.920555512182745,0.7077077077077075,0.6423841059602649,0.9215099453544641,0.8572183724303072,0.9507341988451218,0.2213230857762927,-0.4536194055159725
19,2.0,4.0,4,3.3196485546868497,24.2482211850503,4,0.22314640115403694,83.69774145583183,0.06856376387605145,2.704658684223859,39.44734844360792,0.3310153795001852,0.40104997959867705,15.957771600409652,0.5842491862322999,0.10193548387096774,0.5246236559139785,0.19430211108833775,0.2563440860215054,0.5425806451612903,0.47245342845818467,0.5419354838709678,0.435483870967742,1.2444444444444445,0.6474542263242044,0.7208273864256507,0.6317219282190067,0.665640119503292,0.8754974655726158,0.7731603786434628,0.6618712673309186,0.6660673656151072,-0.6784406664835929,-0.5372410284274856,-0.7087159714476063,-0.6434436521657703,-0.1850963028886663,-0.3372395225114788,-0.5026916006595875,-0.4964533157721922,0.7828037632319433,2.293293293293294,2.996512177445874,1.0160160160160154,0.6423841059602649,0.8757193816778558,0.8448208837545081,0.9485251034247745,0.23061550269647701,-0.5151644827935853
19,2.0,5.0,4,1.5070614594663303,7.233902053691736,3,0.051423494794217706,83.57140518728723,0.01786643816606307,1.0709752767168346,59.94341271396388,0.24588106007842658,0.367365840210213,30.10326096521342,0.4180968881164395,0.10193548387096774,0.1286021505376344,0.7926421404682273,0.2627956989247312,0.3864516129032258,0.6800222593210907,0.5348387096774194,0.4354838709677419,1.2281481481481484,0.6103026797628173,0.6412792371176526,0.713617791258107,0.7494737571693788,0.7199900994076256,0.6888573963331073,0.73051062787551,0.7476372601097571,-1.1379977076114849,-1.0475396792164136,-0.8362959664455301,-0.7315890441952355,-0.736865544543529,-0.818793419792172,-0.7091800415596232,-0.6641101166720143,0.8316702647968774,1.4344344344344344,2.6388908144575076,0.6856856856856854,0.6125827814569537,0.9304744298708494,0.8528251147754045,0.9015280072615016,0.22295623806584372,-0.5410307579606665
19,2.0,6.0,4,3.1179657917272383,15.883254487399626,4,0.21492754491960098,82.76128440795222,0.0848959249762873,3.585716326739622,42.23661297925862,0.44464765691943053,0.6140262832491854,2.3852289476021546,0.7232376695659801,0.10838709677419356,0.41903225806451616,0.2586605080831409,0.2627956989247312,0.4377419354838709,0.600343895848686,0.42268817204301073,0.3893548387096774,1.0856117094725213,0.4810626903214635,0.5501922993432307,0.5054173847579492,0.59227590694968,0.45912748632453604,0.6243299417860356,0.5640897106882474,0.6341781037578597,-1.1682541874757915,-1.0126266122138154,-1.113425842645964,-0.9178861688242699,-1.0292817151971225,-0.7149010387661949,-0.8295383457479404,-0.6961599624689063,0.7993383139596559,1.6766766766766759,4.609604486828429,0.8398398398398399,0.6754966887417219,0.954271758014107,0.8632453849191091,0.961417805556027,0.22234520165570537,-0.42375382240057496
19,2.0,7.0,4,3.419717223869684,24.954832893354965,4,0.18115816604327417,85.86290192629015,0.6549782477639892,2.7132295785221325,4.142472803920965,0.36347176066080666,0.5029709666915798,7.899250860365357,0.6051864598671408,0.10193548387096774,0.33440860215053764,0.3048231511254019,0.2563440860215054,0.4661290322580645,0.5499423298731257,0.51,0.4546236559139786,1.1218070009460737,0.42408969632358595,0.6589874446170801,0.6296157568868145,0.6862388371178699,0.5052078064991361,0.6546993006828968,0.6688763528318382,0.7407675588951705,-1.2572883058212805,-0.7444754769695503,-0.8085977530770576,-0.6849820855683781,-0.8894466451358359,-0.6207182583007329,-0.5952333544614614,-0.4660005312930653,0.8258323586062551,1.6766766766766759,2.154434690031882,0.8398398398398399,0.6920529801324503,0.9386908628370226,0.8589218195182058,0.9523539651076665,0.2191296973766653,-0.4765185027721585
19,2.0,8.0,4,7.133928093142407,66.72116749860952,5,0.18587395133444928,82.82264170102489,0.6061068514831304,4.10788572770356,6.77749429436683,0.6604061993871257,0.7200301478300478,23.36078865860332,0.8387897377698613,0.10516129032258063,0.4054838709677419,0.25934765314240255,0.25311827956989247,0.4474193548387097,0.5657293919730834,0.44064516129032255,0.3594623655913979,1.225845049356865,0.5780467673900677,0.6675207461446098,0.5742728800759995,0.690998838010591,0.7244774109104518,0.4752621897279631,0.4539377742885922,0.5677547669623046,-1.1029114833810956,-0.8690422509502933,-1.1127757605900337,-0.80767465111772,-0.659916634948071,-1.2568233012364574,-1.3078983747013435,-1.0352901393717389,0.8414193300961401,1.742742742742743,2.3843904700937206,0.7297297297297298,0.652317880794702,0.9270600584494144,0.86005373368002,0.9467643998005887,0.21700554051284673,-0.3521980534148941
19,2.0,9.0,4,6.362812186450218,60.88904321442416,5,0.40049783118761373,87.83392691322832,0.3852895828232336,5.784502357679783,15.013388930200186,0.6797881155251537,0.7316007401571514,28.26343116069319,0.7714411297570232,0.11806451612903228,0.5020430107526883,0.23516813022060395,0.2595698924731183,0.5138709677419355,0.5051265955220757,0.47000000000000003,0.4061290322580645,1.1572676727561557,0.33767892403080135,0.4543681625784359,0.4357050807134846,0.5273832998937071,0.4408903770116894,0.5852529197004366,0.4791543728032175,0.6281055310828977,-1.0949085114642467,-0.9020050313883258,-0.9328576917150212,-0.7813008922436745,-0.6014715922756811,-0.44617115592854617,-0.560308454441365,-0.4000717376004901,0.7932472840529662,2.183183183183184,4.609604486828429,0.9939939939939944,0.652317880794702,0.9532790907567992,0.8711260494824203,0.9786004082383385,0.2235635900848307,-0.3807595165473845
19,2.0,10.0,4,5.91596414971831,62.045328142705785,3,0.2241421539070091,84.82480362647328,0.8373475291959517,2.6853279489640833,3.20694556959238,0.5533762635273562,0.5839070329977297,3.67672714538837,0.684483828318666,0.10193548387096774,0.4982795698924731,0.20457488131204143,0.25311827956989247,0.5523655913978495,0.45824411134903636,0.5127956989247312,0.4579569892473119,1.1197464193472646,0.5802319928610177,0.6165430444599647,0.6461296906413163,0.6610471433160527,0.5711946278275573,0.6101312625306381,0.7124809112327979,0.7439000838488958,-0.8096706700604466,-0.7396319987498321,-0.6825637152430215,-0.653790145801485,-0.665389492902224,-0.6049704093232449,-0.44615154820770897,-0.39739752437513065,0.8285495307105534,1.896896896896896,4.609604486828429,0.9059059059059056,0.6754966887417219,0.9463496179790979,0.8684763714382914,0.9681119470940919,0.2148997917022561,-0.45349648817737276
19,2.0,11.0,4,1.513597211211606,4.936984101455889,3,0.16551432223867457,83.41811902579806,0.08919085396813506,1.3557676366904523,15.200747345404084,0.24539233178640663,0.34112051428883694,13.515711572238208,0.48251927553131224,0.10193548387096774,0.3689247311827957,0.2763042844651705,0.25311827956989247,0.40451612903225803,0.6257309941520468,0.48989247311827955,0.40881720430107527,1.198316675433982,0.6116853246443585,0.5645380189727925,0.5881286547706972,0.6711343905364315,0.4401116262549185,0.47287258078936517,0.5305397724143986,0.6178285729505038,-1.0381744413049534,-1.1642246032767696,-1.1011541176787485,-0.8792350432199367,-1.3680118566708679,-1.287964875271351,-1.147062856970333,-0.9337844256122658,0.825187030150957,1.7207207207207202,2.920555512182745,0.7297297297297298,0.6821192052980133,0.8633990205885966,0.8376232113610029,0.9050117281000509,0.22634278273718142,-0.5328129068466194
19,2.0,12.0,4,5.390246840908251,47.13141665166686,4,0.28921942652698196,81.85416915630032,0.9565605809413577,3.479335023004239,3.6373389122727615,0.5294284993433698,0.692371956919054,3.3479622927788357,0.7457539871623984,0.10193548387096774,0.44451612903225807,0.22931785195936139,0.24989247311827958,0.5097849462365591,0.4901919426281376,0.49655913978494626,0.42591397849462365,1.1658672052511994,0.6527570541045521,0.567509627970115,0.4785016670892755,0.5938316212320207,0.8803599360701991,0.7817149373030639,0.6163520926124216,0.7396564862123388,-0.7616301890063677,-0.948608827583598,-1.143835687826733,-0.8908751142279758,-0.18475151804234802,-0.3370818718626807,-0.5924397810854898,-0.4020297031349924,0.795197933053842,1.874874874874875,2.154434690031882,0.971971971971972,0.6490066225165563,0.9474878494642144,0.8703120961090894,0.9681538695558785,0.2256241043998876,-0.3830530673780148
19,2.0,13.0,4,0.9347852627497929,2.004024974891114,2,0.030421507071606846,85.13081546373488,0.0016629732688451843,0.7529267765421808,452.7593982704451,0.07286006335010597,0.2590766531680889,113.33804264216784,0.33873723071294126,0.10193548387096774,0.10193548387096774,1.0,0.25311827956989247,0.47247311827956995,0.5357305416477013,0.5321505376344086,0.4638709677419355,1.1471951784886416,0.8731154074095475,0.8006618705810743,0.8734025029571857,0.8525473983778995,0.7704691618402802,0.7292359024846464,0.8781422912061598,0.860583716558451,-0.38798474753040324,-0.6095314824032014,-0.3871068734615868,-0.4508771257808064,-0.6659431093007067,-0.7855741147117783,-0.3535485782087431,-0.40449167539574127,0.8603474595841576,1.6106106106106102,2.5084150592775414,0.7077077077077075,0.7086092715231788,0.8346825695300886,0.8153353153383021,0.8443358705872963,0.24698858770725124,-0.5561247726425846
19,2.0,14.0,4,3.755181288113367,22.22204863334586,4,0.14759776941171132,85.87465439243196,0.3999503021509253,2.249370294120019,5.624124502526807,0.4906764639572553,0.6467711256090551,15.772017970984173,0.742912396140301,0.10193548387096774,0.11860215053763441,0.8594741613780598,0.2532258064516129,0.3764516129032258,0.6726649528706083,0.5267741935483871,0.4544086021505377,1.1592522479886416,0.7556681045742846,0.9286581163111659,0.871620352232449,0.8152764584206257,0.8750018181450868,0.9717418490234581,0.8987434287447634,0.8235041867445104,-0.7785867508670488,-0.2273376765863624,-0.40909391980378196,-0.588639079627105,-0.3746190353057246,-0.08468956189013221,-0.30346552629086165,-0.5289572241459921,0.8676572170573853,1.6106106106106102,1.8504070195423021,0.6636636636636631,0.6390728476821192,0.8325455547982649,0.8306558351940193,0.8725726089337599,0.22590423144122745,-0.40234575988346527
19,2.0,15.0,4,4.477180254993028,35.953205501104776,5,0.07609978710426335,86.18181183996609,0.06901333727853248,1.403341016973124,20.33434510360437,0.31067583231016416,0.4762905086494542,14.891250252655745,0.6561282623210738,0.10193548387096774,0.3118279569892473,0.3268965517241379,0.24989247311827958,0.4697849462365591,0.5319295033188374,0.4966666666666667,0.44451612903225807,1.117319787131108,0.9108898336842075,0.7301995218721722,0.7117262197065443,0.8077357219625158,0.6066134678493361,0.655237658554617,0.6616099985239929,0.782748992446024,-0.31989565619864324,-0.9685539210817664,-1.034871035758524,-0.6902075254623252,-1.2372210754809605,-1.084295470250178,-1.0642541300773476,-0.6832657024270188,0.8518083666688256,1.786786786786786,2.5084150592775414,0.7077077077077075,0.6655629139072847,0.8191058404009542,0.8340138223579413,0.8390565401714403,0.24078986710226832,-0.45993560978826065
19,2.0,16.0,4,2.5650910391045167,15.937317184787108,5,0.12669916777402013,86.6560322143918,0.23523524861344292,1.4807726945858128,6.294858884091538,0.31488662660021405,0.43602443070765673,5.0438027791204485,0.4771858776308233,0.10516129032258063,0.24172043010752686,0.4350533807829181,0.2595698924731183,0.48956989247311833,0.5301998682187569,0.5131182795698925,0.4125806451612902,1.2436799583007563,0.8559747458865593,0.6884171680754746,0.6898375936138742,0.7218312526558691,0.9723827781389088,0.744195940330253,0.7587985287850436,0.7896713302622939,-0.3278604308913411,-0.709290062787578,-0.7060565928524933,-0.6332259292034839,-0.05185188506709726,-0.4802772258704131,-0.45286057469353747,-0.3948962739412951,0.8021995680372099,1.6766766766766759,3.5772850993678698,0.861861861861862,0.6258278145695364,0.9222760659340772,0.8500394979984817,0.9408225343544143,0.22028203437807362,-0.55752615987494
19,2.0,17.0,4,6.140811217900007,62.57677011610242,4,0.1418474305341566,81.2726876463157,0.03090780949335804,4.0724225470647,131.76030957288793,0.4547381681442154,0.6384172034784261,26.714855749992207,0.7307525927275413,0.11483870967741935,0.46913978494623654,0.24478569791427918,0.26602150537634406,0.5001075268817204,0.5319286175016125,0.4895698924731183,0.3896774193548387,1.256346578366446,0.35771719999890556,0.49077254394118996,0.4184492407749954,0.5313977822658248,0.42639263599643895,0.6042042897884521,0.4890979343573471,0.6022686374842048,-1.0404785969450099,-0.8249329874706974,-0.9420945384333925,-0.7591213372560246,-0.6765940243198947,-0.4668576960230928,-0.6026304861462056,-0.46914087937184534,0.7787900346035758,2.0070070070070063,2.776153294436798,1.0160160160160154,0.6655629139072847,0.9327048746364653,0.8796202336702184,0.977531870905836,0.2117293043169757,-0.41959241911002165
19,2.0,18.0,4,4.110928038301317,26.576222287643773,5,0.2433022946942477,91.74106348553086,0.083813945897599,1.914475831394693,22.841972310118102,0.49145135350328084,0.5617888329306859,5.0287095162750175,0.7189383542243498,0.10193548387096774,0.3848387096774193,0.26487845766974016,0.24989247311827958,0.4575268817204301,0.546180963572268,0.44182795698924726,0.39956989247311825,1.1057588805166845,0.6285766026665224,0.639937717773233,0.589461856106142,0.5912224195909773,0.7479849166196575,0.58667481178353,0.5879156759469896,0.6322021870902577,-1.0783259637703955,-1.0453420820739208,-1.1918849023972142,-1.1867735891891786,-0.5865582562316398,-0.9620031404667011,-0.9591150628557243,-0.8560394119766286,0.841304998726736,1.6326326326326315,2.266498079273693,0.8178178178178177,0.6920529801324503,0.8908695563047465,0.8512449705652764,0.9383771446878816,0.21512013338531685,-0.4187240438389649
19,2.0,19.0,4,2.432961966720557,15.472352285984414,4,0.19354093302193887,85.31254408598892,0.020192592464902147,1.8579307621600527,92.01051154721337,0.29344893155864193,0.45102225950752817,21.395994395366028,0.47397505888592706,0.10193548387096774,0.5046236559139785,0.20200298316641804,0.24989247311827958,0.5395698924731183,0.4631327222000797,0.502258064516129,0.432258064516129,1.1619402985074625,0.4122090657895124,0.5054990840979121,0.5623612538271401,0.7101742126041956,0.5963083169366107,0.5961589129643623,0.6318189981079112,0.7272865646206211,-1.0554620924118485,-0.8879466167654289,-0.7858425162282181,-0.5204233583673215,-0.5733147852102853,-0.5735269657179668,-0.5228832321153501,-0.3873021198802771,0.8042031198569581,2.183183183183184,3.4004119327037095,0.9499499499499499,0.6589403973509934,0.8734871934919385,0.8375493750579347,0.94401278234863,0.22753564601767437,-0.5310601600998002
19,3.0,0.0,4,7.405791341290124,70.33472079428294,5,0.22288537840091271,240.13322069374354,0.47997545309413986,3.4730305600999505,7.235850370495444,0.6874547572955827,0.6177980952512682,5.574900406589047,0.8905870806895889,0.10516129032258063,0.4350537634408602,0.24172021749876418,0.24989247311827958,0.49000000000000005,0.5099846390168971,0.44483870967741934,0.4380645161290323,1.0154639175257731,0.7987563930669214,0.8163667644161398,0.6945136371586266,0.6877180066065044,0.9514967783274629,0.8823988640787753,0.7726526366697175,0.752627145291416,-0.514437416244371,-0.4694201653907406,-0.7809123360140644,-0.7982839518197162,-0.10176693613415533,-0.24674458470818883,-0.47700840906000086,-0.5190248531615804,0.841609936745748,1.918918918918919,2.920555512182745,0.8178178178178177,0.6788079470198676,0.9462497856777147,0.8539959902918647,0.9591194133641102,0.23112459794909143,-0.2891767025227545
19,3.0,1.0,4,3.425449468268364,16.96654705257737,5,0.20531876983962916,221.92415949424364,0.7458494167840398,3.07813403653284,4.127018091406661,0.31484230688768955,0.585093657127449,13.072009019602516,0.7850167293286004,0.10193548387096774,0.198494623655914,0.513542795232936,0.24989247311827958,0.4565591397849462,0.5473386716910034,0.4990322580645161,0.4278494623655914,1.1663734606685097,0.8596260648602676,0.8809758107949421,0.8449148275672203,0.821149380061212,0.8455983505572684,0.8608555816593931,0.8258157135728382,0.8060061306876689,-0.47673321649301226,-0.4042259305740532,-0.5266950236214165,-0.6074064336111498,-0.4901126798480795,-0.4416820934553001,-0.5529081309452324,-0.6157891156339619,0.8554023350825961,1.5005005005005003,2.6388908144575076,0.7077077077077075,0.6390728476821192,0.8915628210443463,0.8336066553203249,0.8810476586806445,0.23774581221068536,-0.37623480683123894
19,3.0,2.0,4,10.281861768985298,143.59763465672606,4,0.2645914799824144,233.7262010478796,0.5455769657464148,2.7263500369345115,4.997186846414121,0.689089593512394,0.6836306015654949,30.41990952685225,0.826176476373789,0.10193548387096774,0.41494623655913976,0.24565949727908784,0.24989247311827958,0.48698924731182797,0.5131375579598145,0.4903225806451612,0.41849462365591406,1.1716341212744086,0.6520096479979812,0.6553048699739351,0.7196763159024028,0.7942171844851489,0.7851619244026364,0.7243574498891788,0.7933098666553761,0.7955651956317568,-0.8620599606406671,-0.8538968638463154,-0.6944325401251916,-0.5097759889683064,-0.4652163246535843,-0.596884019390608,-0.4475725446217187,-0.44268879273388806,0.8271262661982678,1.6766766766766759,2.266498079273693,0.7957957957957954,0.6456953642384106,0.8935516788770952,0.8351253981476043,0.9293672394147241,0.23307616814985746,-0.33178079735766824
19,3.0,3.0,4,2.823087454215966,16.481295462336053,5,0.04733443033993656,226.29018291629865,0.3240793173805749,1.2930792434907081,3.9900085384721145,0.3034192577221895,0.5058971713189488,3.350580168991136,0.5749824005287045,0.10516129032258063,0.2651612903225806,0.39659367396593675,0.24989247311827958,0.41376344086021505,0.603950103950104,0.6112903225806451,0.41849462365591406,1.4606885919835555,0.6937964320300334,0.712961339940762,0.6769764694609891,0.7227191770752661,0.809938396998482,0.7817640614682071,0.7409257317287408,0.7617780471326913,-0.7459826011430377,-0.699292459846858,-0.7869599140841297,-0.675520115274304,-0.41210380834014493,-0.47319321717453544,-0.561741513864163,-0.516528180634467,0.8647680796244189,1.4784784784784788,2.6388908144575076,0.7297297297297298,0.6854304635761589,0.9206368685889539,0.8485940243453799,0.9120130458419111,0.22924860843842063,-0.5062229398852787
19,3.0,4.0,4,2.0741541709582005,9.924361393698677,6,0.15950510756281056,225.06964485369403,0.020512443264997182,1.8433879164584461,89.86681365276645,0.2695267104404202,0.42063001977661263,4.430871159352866,0.5133668442335142,0.10193548387096774,0.28838709677419355,0.35346756152125275,0.25311827956989247,0.49645161290322576,0.50985488412389,0.45086021505376345,0.4024731182795699,1.1202244189153086,0.5268149463403219,0.6500449035464957,0.6375784016679367,0.681542881716564,0.6124210512648895,0.7286242039561619,0.6895746036266676,0.7105932297755725,-1.37272155724459,-1.0152284000813763,-1.0513940307152554,-0.923851985485725,-0.9736807810358672,-0.6817537379378773,-0.7798546422105352,-0.7270513813735964,0.8529499776767986,1.6766766766766759,2.154434690031882,0.8178178178178177,0.6589403973509934,0.9008756993393625,0.847821840175663,0.9287795459696578,0.2337397273708113,-0.5483431319010368
19,3.0,5.0,4,2.0017494512465883,11.87922949961732,3,0.0859010781893883,225.10339587101458,0.16150335784811426,1.5510826675119402,9.604027360041982,0.1317552428751253,0.27873930650019985,102.17157482525603,0.4717525664022769,0.10838709677419356,0.10516129032258063,1.0306748466257671,0.25311827956989247,0.3096774193548387,0.8173611111111111,0.4431182795698925,0.3816129032258065,1.1611721611721613,0.678496865375273,1.0168883624853835,0.918690922147489,0.9061754028821495,0.5108368132999294,1.0787780763851085,0.9149955355085928,0.9005768625580136,-1.2344631909988455,0.06484559433234294,-0.3121993314937481,-0.3602546883018003,-1.728792401380008,0.2784161677591954,-0.3004213650816423,-0.35137959929199525,0.8392022543267255,1.4784784784784788,2.776153294436798,0.5975975975975976,0.6589403973509934,0.8126305832743248,0.8273352710213538,0.820987948472025,0.23247500222147527,-0.5457591702437691
19,3.0,6.0,4,5.049230369133166,45.690547855565214,4,0.21487817570229029,223.59311088348525,1.3076179519410727,2.31758135621704,1.7723688733217093,0.37837588051921744,0.6256720205780274,13.525416770231507,0.7381063252480555,0.10838709677419356,0.39881720430107526,0.2717713669452683,0.26602150537634406,0.44096774193548394,0.603267495732748,0.4439784946236559,0.3989247311827957,1.1129380053908355,0.3744990854440158,0.4745735945097893,0.44388091780092614,0.6122373169664918,0.43213896196395335,0.46134450135658184,0.44429332561503454,0.5889213701798693,-1.4318730428061834,-1.2027862605669244,-1.2730467755690218,-0.8876516723177144,-1.0898542224858485,-1.0338021634519754,-1.066527239897692,-0.7889531953673625,0.8418914890145952,1.808808808808809,3.2322839781813806,0.861861861861862,0.6456953642384106,0.9286364562114765,0.8645429203839019,0.9418589981505112,0.21997393770324133,-0.4282226163634293
19,3.0,7.0,4,2.3069986747994093,14.720507624355669,4,0.13306513631724848,224.9938932224735,0.0582073941636075,1.9942814169809107,34.261650871630636,0.24862345311253997,0.4521052588365997,24.909894069218193,0.5028705038367989,0.10193548387096774,0.10193548387096774,1.0,0.26602150537634406,0.46311827956989243,0.5744137450661714,0.5387096774193548,0.40892473118279576,1.317381014988167,0.7171340436222401,0.7465146697082353,0.8249414084343833,0.7322153595065592,0.7371947596891154,0.8266406249222009,0.9112005936141349,0.7733497351234243,-0.6698973265590009,-0.6003166561959932,-0.41458252517449656,-0.6341809988634723,-0.5585524967132105,-0.3684489383233054,-0.18872960860598842,-0.48171060507684493,0.8342121869717616,1.6766766766766759,2.6388908144575076,0.7297297297297298,0.6556291390728477,0.934494767592281,0.8526148266793109,0.9377571543899824,0.22254174214564204,-0.5559869945374389
19,3.0,8.0,4,8.334077490807005,94.15966491826246,5,0.21066394309627157,229.42859082840477,0.11198446970260076,3.347241556372275,29.890230004764113,0.5540613798316258,0.589906396197688,8.751087225520072,0.8432886400389041,0.10516129032258063,0.23849462365591395,0.4409377817853922,0.25311827956989247,0.44365591397849463,0.5705283567619971,0.5034408602150537,0.43150537634408603,1.1667081983553451,0.645100073612262,0.7796422133095214,0.7678378055728092,0.8491865619306228,0.570569566095339,0.6445123941765145,0.6172203815196694,0.8468115583498824,-1.0493319494973383,-0.6515314563413432,-0.6864335266491652,-0.4459098106626245,-1.103391352524499,-0.9134004467935646,-0.9835253573285214,-0.3936069465001393,0.8345292943695526,1.5445445445445445,3.4004119327037095,0.6636636636636631,0.6754966887417219,0.9323005023131591,0.8528670934394809,0.9296355430324668,0.2132291018783381,-0.3368073456933466
19,3.0,9.0,4,13.154390055901214,204.1939666425153,3,0.3258806165406748,228.51949318773384,0.7697831431149291,6.869824894574169,8.924363901728748,0.7527185631534613,0.70793759319395,121.29475849694346,0.9000066922670943,0.10838709677419356,0.39526881720430107,0.2742110990206747,0.25311827956989247,0.49688172043010753,0.5094135468513309,0.4444086021505377,0.4091397849462366,1.0862023653088042,0.8181179066745163,0.7181164163063314,0.6185939295842989,0.5959713282937373,0.6003965246448294,0.6383464021585925,0.6027081459981833,0.6361004334834521,-0.36088190237983864,-0.5593001601921004,-0.7567680014795148,-0.80165470385493,-0.5909029304514439,-0.5347855660736072,-0.5874846823229037,-0.5381067320636252,0.8326468563100717,1.808808808808809,2.776153294436798,0.9059059059059056,0.6622516556291391,0.9182017901936816,0.8636621864192224,0.9508498888191627,0.21081323019733514,-0.252751008921975
19,3.0,10.0,4,4.8746038475388636,44.74858676360269,3,0.24920932821656583,222.34737166073813,0.09722184551653762,3.8858537253698526,39.968936042351324,0.5261286557867885,0.6664745968631179,9.963467434210548,0.7077002727397603,0.10838709677419356,0.5052688172043011,0.21451372632474996,0.2595698924731183,0.5176344086021506,0.5014540922309929,0.45709677419354844,0.4193548387096774,1.0900000000000003,0.39840202047110634,0.4848679753731671,0.39695808733580334,0.5169670278982398,0.5514779391571148,0.5829516077443396,0.46499451972957395,0.6108418506005148,-1.0010370572546594,-0.8571608675180282,-1.0034397092345881,-0.8037492169245138,-0.46665323126932545,-0.4339072630586934,-0.5566326785483289,-0.40488957789676006,0.7751861262806663,2.491491491491491,4.165044248545185,1.2362362362362358,0.6854304635761589,0.9426978876297049,0.8798073828995485,0.9800468781410476,0.23561884273835199,-0.4251559701473363
19,3.0,11.0,4,6.351352408679198,51.11136122565273,4,0.06932126047919707,225.2238342649983,0.8021311405537087,2.3654307442930587,2.9489326928015895,0.5540018953271055,0.7655985385862104,14.935302163272816,0.8921852041201521,0.10838709677419356,0.34537634408602147,0.3138231631382317,0.2627956989247312,0.4707526881720431,0.5582457743261763,0.6102150537634408,0.38268817204301075,1.5945490306265802,0.36733296658436143,0.4315267074052252,0.5782240283587595,0.6452167925136211,0.42369850352938565,0.44981002230082656,0.5609279157431374,0.6404015368497605,-1.7515851944469987,-1.573860103586885,-1.167717785628551,-0.9822433928895751,-1.4550619732489227,-1.3891348877549907,-1.1085813540827483,-0.9079241552782387,0.8648565132316912,1.742742742742743,2.776153294436798,0.7957957957957954,0.6622516556291391,0.9437319252399365,0.8697812697397784,0.9531034805839733,0.21991132242607642,-0.30403991802373453
19,3.0,12.0,4,10.189641780406298,140.59157954452857,4,0.18725845880183822,230.19667770901893,0.11362618448193473,2.7498877103507557,24.201179709488148,0.6944365005978833,0.6409144316923772,21.45926655151718,0.8340028544157865,0.10516129032258063,0.2913978494623656,0.36088560885608856,0.24989247311827958,0.47290322580645155,0.5284220100045476,0.5003225806451613,0.4058064516129033,1.2329093799682034,0.5875179216306965,0.6284939854766947,0.6158252663274116,0.6616940517509687,0.6542905563301451,0.621685305659427,0.6656663067991527,0.7161944153933422,-1.0299342873248447,-0.9276203800601985,-0.9592531440336511,-0.8447225079089686,-0.7144841640938451,-0.7818700446276305,-0.6909736881331392,-0.5865463023813093,0.8309898509790636,1.588588588588589,3.4004119327037095,0.7517517517517519,0.6423841059602649,0.937365983246589,0.8677472947443465,0.9604860888722695,0.20280307041219664,-0.32499862759134246
19,3.0,13.0,4,2.3443971740646563,10.354896465105611,4,0.16165158073559016,224.70793414453016,0.26678947857661484,2.1430517092050745,8.032744471928817,0.36970518911417205,0.44213360937271906,7.568049804350537,0.6062181246795152,0.10516129032258063,0.4474193548387097,0.23503965392934387,0.2627956989247312,0.5123655913978495,0.512906610703043,0.549247311827957,0.4031182795698925,1.3624966657775408,0.5710208221121562,0.6388794902756909,0.5987679267271787,0.7614328269335788,0.6719723895974502,0.6948871285040469,0.7127410650723509,0.876733758833883,-0.804706138530177,-0.6774125782866647,-0.752656373504087,-0.4475193168199234,-0.4926715809422686,-0.4582554516715096,-0.43144024808436376,-0.18513616532948318,0.8566131470846196,1.8308308308308305,3.4004119327037095,0.8178178178178177,0.652317880794702,0.8983779077916718,0.8501045591822387,0.9567447022043031,0.23326856580025784,-0.4698416784205599
19,3.0,14.0,4,3.6300445990330816,23.19593054662368,4,0.2849762185446957,233.4642390442806,0.33820628330691926,2.1963664945060275,6.49416229950064,0.44829019797856184,0.399092509135354,2.6873170496814947,0.6664219817008945,0.10516129032258063,0.3955913978494624,0.26583310682250605,0.25655913978494627,0.4806451612903226,0.5337807606263982,0.4862365591397849,0.4123655913978495,1.1791395045632331,0.678748352167052,0.5948270039509976,0.5296131994501765,0.6553666125242694,0.7719943652475111,0.6669803197832561,0.5881647534676547,0.7021188823007115,-1.0225091758134068,-1.28962173127077,-1.497190202721743,-1.0969307188389466,-0.6069319732477179,-0.8864705991309543,-1.0962710597138354,-0.7929346779290127,0.8019408809366665,1.6326326326326315,2.920555512182745,0.7517517517517519,0.652317880794702,0.8465515127836541,0.8292427218853899,0.8796734841981255,0.23725230736866473,-0.458601004432614
19,3.0,15.0,4,3.460722336560263,21.52963442689918,5,0.18129893287566168,223.16406875822574,0.07009773089278462,2.8669323906929574,40.89907553609641,0.5032997949798831,0.5785287751663346,4.5758650095452715,0.6552222492610222,0.10193548387096774,0.3617204301075269,0.28180737217598095,0.25311827956989247,0.4898924731182796,0.5166812993854257,0.513010752688172,0.4225806451612903,1.2139949109414758,0.6944570075794265,0.5671887087529826,0.5928723196598314,0.7285523931904385,0.6515907888062259,0.6093042545401844,0.6615270481140719,0.774574125172469,-0.6078750566952325,-0.8610742014432213,-0.8099768867496189,-0.5400425912960223,-0.5830936965421332,-0.65386395974688,-0.5664644858798731,-0.3772701823785136,0.827303544122986,1.8528528528528534,3.9591102664684588,0.8398398398398399,0.6920529801324503,0.9258888272110819,0.8494588189559987,0.9563385227367349,0.22977224049353018,-0.47013865295380103
19,3.0,16.0,4,6.468252036919004,68.05794558524924,4,0.2602523928771252,232.50389625778553,0.0035198883157297354,4.196602610561754,1192.2544791571672,0.6163133157848042,0.6943760601013613,17.603231964205598,0.7737613879450236,0.12129032258064516,0.14150537634408605,0.857142857142857,0.29827956989247306,0.36,0.8285543608124252,0.49967741935483867,0.45150537634408605,1.1066920695403666,0.8645310517922659,0.8253988279855666,0.7121095475434603,0.7436170336515243,0.7738857564919795,0.8932730490898463,0.7660879463349116,0.7643408215553854,-0.3571923931764509,-0.4603727371354025,-0.7590837682441816,-0.6760076499542882,-0.49640933939336573,-0.23430746500009114,-0.5135285872953568,-0.5173642105811211,0.8146538746322165,1.6106106106106102,3.5772850993678698,0.7737737737737733,0.6721854304635762,0.9029906635809298,0.837411446661649,0.9297587211550109,0.23309838260836918,-0.37619750497218796
19,3.0,17.0,4,2.2178168090708286,10.20717755391043,5,0.19539278468212284,227.47962017224663,0.12265506540985428,1.7787234835389976,14.501834698757516,0.2595224929800599,0.47945434814427124,8.959068145827793,0.5834761681831202,0.10193548387096774,0.45516129032258057,0.223954642097803,0.24989247311827958,0.47354838709677427,0.5277020890099908,0.4902150537634409,0.42516129032258065,1.1530096105209915,0.53624962894253,0.574649267363572,0.5678883190230171,0.6807094728640223,0.6834858432996036,0.6529537562859584,0.610259411307368,0.6550330071099918,-1.112824663763146,-1.020680123550526,-1.03690383038367,-0.7661759336011831,-0.6488192904999579,-0.7114067186269963,-0.7989254410315376,-0.7071444825915392,0.8233818119118436,1.808808808808809,3.0724688427090037,0.7517517517517519,0.652317880794702,0.9037782298469631,0.8547816293340575,0.9518604064485012,0.217922654828101,-0.523133535984834
19,3.0,18.0,4,6.460080491642899,62.551611763181285,5,0.19116517375953923,227.14976862090307,0.04057614605389621,2.1191832023253876,52.22731600755117,0.5045592479486936,0.6136688336197726,13.199633890612061,0.8254570037690949,0.10838709677419356,0.2550537634408602,0.4249578414839798,0.25311827956989247,0.46634408602150534,0.5427715010375836,0.5451612903225805,0.4282795698924732,1.2729098669344712,0.878620970909763,0.7088789076273456,0.7570445202762156,0.7781668629556624,0.9313575319861581,0.861273127524936,0.8733705466209223,0.8566290280019719,-0.33701221092412803,-0.8083057157609692,-0.6745725681902868,-0.6159258030970736,-0.16923179636090824,-0.3420185566135463,-0.31219346401151915,-0.35346816394106195,0.8392783942801073,1.6986986986986992,3.4004119327037095,0.7077077077077075,0.6390728476821192,0.8900714001224663,0.8531266849456901,0.9369380848838649,0.21488574077668057,-0.36174562157119006
19,3.0,19.0,4,1.8615782209442815,8.24812470213936,3,0.10180279928995095,224.9459156584761,0.2528954445341316,1.5164186692114314,5.996227697991494,0.2072052140457713,0.36715907890593646,27.223037083392743,0.42153410457225793,0.10193548387096774,0.1549462365591398,0.6578764746703677,0.2627956989247312,0.32215053763440865,0.815754339118825,0.5026881720430108,0.4865591397849462,1.0331491712707184,0.8047515198264971,0.7443117402742051,0.79562680831016,0.8788093816774507,0.7791112399131017,0.7483267399969037,0.7945695007755826,0.9307865143708379,-0.4911622902709407,-0.6432031180509827,-0.5141161908720782,-0.30486414850328103,-0.49786142087618,-0.5672466393146895,-0.4630200296064668,-0.15600035187653516,0.8378887617830784,1.5665665665665658,3.7633583622865325,0.7297297297297298,0.6754966887417219,0.9578125665833395,0.8379599088136773,0.9292590520509827,0.23558968030548136,-0.5637413371896468
19,4.0,0.0,4,3.6046370404224364,21.655161439917528,3,0.22640120420681797,-45.72141354651529,0.15463375987834035,2.0344607367977696,13.156640169639552,0.36604148670530356,0.5197618941830037,9.267346881031845,0.6986968110441707,0.10193548387096774,0.40182795698924734,0.25367942199625365,0.25311827956989247,0.48365591397849467,0.5233437083148065,0.5550537634408602,0.43462365591397856,1.2770905492330527,0.8370700042471212,0.7786383095652741,0.620755289166988,0.734524583619348,0.9548583318684506,0.8533951813568154,0.6083641420658166,0.7273184017441967,-0.47888572688959874,-0.6506288393337232,-1.1146804379211042,-0.7802884125621237,-0.12274332544704114,-0.3986286664104992,-1.064885050925936,-0.7414401714308698,0.8353365423470216,1.6546546546546546,3.2322839781813806,0.7517517517517519,0.6721854304635762,0.8940838673520848,0.835195088741865,0.9139177792679005,0.24077149229970812,-0.4468536960192181
19,4.0,1.0,4,1.0080677674913907,2.011348717148519,2,0.09325503542005498,-42.16386439062314,0.6278821322907857,1.1396843872930114,1.815124732304373,0.20752267621423137,0.3951900761774696,24.653212054103893,0.4673351305096015,0.10193548387096774,0.29870967741935484,0.3412526997840173,0.2595698924731183,0.5193548387096774,0.499792960662526,0.5448387096774193,0.4479569892473118,1.21627460393663,0.6013949992537326,0.7725325192853431,0.6739986985982273,0.7508355893423464,0.628605695858875,0.8194891440813609,0.715994314441511,0.7785809672469026,-1.0668261129652652,-0.6087937878915115,-0.872509628692429,-0.6668634342608026,-0.9107389929936469,-0.4426515789571548,-0.6964432388594823,-0.5429672578999947,0.8335699927182403,1.786786786786786,3.4004119327037095,0.7737737737737733,0.6821192052980133,0.9016917025568594,0.8490357102732156,0.9179107525821963,0.2316273201064078,-0.5253176424685269
19,4.0,2.0,4,11.541844220091207,164.85957914917313,4,0.2064759789438434,-36.88036714698292,0.2210282438399973,4.512779950486113,20.41720945741632,0.6158519177947481,0.6184945160308689,7.024646962905345,0.9147617297039716,0.10516129032258063,0.44483870967741934,0.23640319071791152,0.2563440860215054,0.5331182795698924,0.48083904800322713,0.48301075268817206,0.4547311827956989,1.0621896429415938,0.7631655148060937,0.6386092664131268,0.5772546563218903,0.7008135100299986,0.8030981447367279,0.657219939740085,0.6660719654183533,0.7818920748755352,-0.55932005942815,-0.8534782695226915,-0.998376357883112,-0.7065736445142763,-0.3591088698064704,-0.625160996413896,-0.6090167049719974,-0.39778442098757916,0.817921897889721,1.984984984984985,2.266498079273693,0.7517517517517519,0.6291390728476821,0.9039383124407564,0.8534172248811495,0.9435549603585143,0.22218724161782025,-0.2598504069542491
19,4.0,3.0,4,5.922829716977109,55.45341295644466,3,0.19751903989682096,-46.744525693812484,0.8544379218341146,3.5987074602647993,4.211783405563163,0.5119544558290561,0.6668913213135381,7.886723528587109,0.7299107765908962,0.10193548387096774,0.34172043010752684,0.2983008181246067,0.2627956989247312,0.4866666666666667,0.5399911621741051,0.5091397849462366,0.43526881720430105,1.169713438735178,0.8589207287309697,0.6048781050139491,0.6824739310268649,0.7505185788550622,0.9062563064690359,0.697713026130776,0.7418501178648553,0.8449670601712724,-0.303708624108985,-0.8505992836659286,-0.683554746626587,-0.5370715235138603,-0.16650528945136545,-0.5369148385949545,-0.45851959985500756,-0.27536577180151256,0.8300980570456502,1.8308308308308305,2.776153294436798,0.861861861861862,0.6920529801324503,0.9404092383222272,0.8600683379782594,0.9594246757064814,0.2204925673244771,-0.4125790766017039
19,4.0,4.0,4,1.1163276759818757,3.811176703625783,3,0.008333061865595903,-45.49407365392131,0.039323577814216686,0.4490706589925216,11.419883030840818,0.12130738659936591,0.31515327105570645,2.6282133440889055,0.3624980857077602,0.10193548387096774,0.3417204301075269,0.2983008181246066,0.25311827956989247,0.5160215053763441,0.49051885809543655,0.5494623655913979,0.44806451612903225,1.2263018958483323,0.9131286606934869,0.8220683598293023,0.6714089661162633,0.7513355064855552,0.9562901610851684,0.9571817968790794,0.777414419399906,0.8258040747549648,-0.205915876846956,-0.4217610779003993,-0.7788772615497661,-0.5894230206589219,-0.08978314485098116,-0.0879516609648241,-0.4572067507203019,-0.3578109271736245,0.8058757483395976,1.786786786786786,3.0724688427090037,0.8398398398398399,0.6456953642384106,0.9135418021166399,0.8526332121974745,0.9260229648522131,0.238645239032323,-0.5592324663209167
19,4.0,5.0,4,1.6561625486133786,7.91111787986261,2,0.033639681142836,-46.53748512645616,0.017743526682999188,0.6958742867159651,39.2184879110144,0.12204140638524796,0.37832574542052677,6.947045443502428,0.5003176385369169,0.10193548387096774,0.10193548387096774,1.0,0.2595698924731183,0.3588172043010753,0.723404255319149,0.5781720430107528,0.45397849462365586,1.2735670298436763,0.6519905654022751,0.7868853862736657,0.8008684311004433,0.8560677193380846,0.7526296572980701,0.8436877696783178,0.809154044243291,0.8516087140338344,-1.2972839099613682,-0.7944329431309418,-0.7423079796597198,-0.536540143064177,-0.8848779886554792,-0.5591505046988119,-0.6826824251786578,-0.5308161893035055,0.8707503834251482,1.28028028028028,2.3843904700937206,0.6196196196196196,0.6589403973509934,0.9091508549850947,0.8560690346223119,0.874742922994497,0.2170669668696329,-0.5663648604673062
19,4.0,6.0,4,2.019628861615455,10.548047407765166,3,0.05846840762871586,-45.21710391794345,0.13998378575033607,0.7477009380070194,5.341339598720092,0.3187381379509592,0.38309975337959534,2.1585541992374977,0.48082133390647996,0.10193548387096774,0.40182795698924734,0.25367942199625365,0.2563440860215054,0.48096774193548386,0.5329756315671809,0.45086021505376345,0.3961290322580645,1.1381650380021715,0.9232108791853789,0.6752592092355492,0.6809740232171356,0.6336401630906143,0.8695698304713362,0.5488987461310093,0.6123219615545931,0.5704514302173606,-0.16426421557752446,-0.6946725095306818,-0.6824476080615922,-0.7837023082255616,-0.22410534436486018,-0.7750829597711557,-0.6661090806096681,-0.7380511004504691,0.8157929326550825,2.1171171171171164,2.5084150592775414,0.861861861861862,0.6390728476821192,0.9184960700305802,0.8616899648726118,0.9477057783073035,0.21557453210292937,-0.5244737133132162
19,4.0,7.0,4,4.377292276891578,32.36607725609822,4,0.29639113721427457,-48.9996742896248,1.20163935938612,2.810673489032264,2.3390324784868475,0.5299976912193742,0.6212339602527843,22.14600935433006,0.7141190326310349,0.11806451612903228,0.2611827956989247,0.45203787566899967,0.24989247311827958,0.47967741935483865,0.5209594261376373,0.5232258064516129,0.4025806451612903,1.2996794871794872,0.9350855036968468,0.8225761004708693,0.7911096877160521,0.6903124250152202,0.8450829028931268,0.8340108240657517,0.8872994529354398,0.7352378958031499,-0.13439416581435237,-0.36732530221587445,-0.432471032895269,-0.6411542209120946,-0.2551244497973031,-0.27335844766906625,-0.18560033462197723,-0.4360221526343122,0.8521135035891507,1.7207207207207202,3.0724688427090037,0.861861861861862,0.6556291390728477,0.9629464213105278,0.8577760949098276,0.9539316016121359,0.23195795932460359,-0.42057255437304464
19,4.0,8.0,4,6.524373182080323,52.51127446193889,5,0.20555183952694223,-54.406224725372205,0.6128228193138002,5.579910655625808,9.105259268696676,0.6169065922087319,0.7507694485100241,5.380187658192162,0.8641846174666356,0.10516129032258063,0.35806451612903223,0.2936936936936937,0.25311827956989247,0.5131182795698925,0.4932942162615255,0.5136559139784945,0.42569892473118287,1.2066178327860566,0.7514674005300964,0.8025338046301693,0.664068758386586,0.636614891598105,1.0304438162943232,0.9029230215600417,0.7759389147677769,0.772085975646903,-0.47888415632206693,-0.3804870370064315,-0.6472879194334635,-0.7001873051189706,0.04384651194023692,-0.1398144980622369,-0.32270254668462894,-0.32825171764056793,0.7973522383124443,1.808808808808809,3.0724688427090037,0.971971971971972,0.6192052980132451,0.9572860386080301,0.8660270961920424,0.9710522360229213,0.22725118937410435,-0.32747467333294195
19,4.0,9.0,4,2.082818599690577,6.2167017128654525,4,0.1734364411864291,-44.35051844170807,0.2693323731833579,1.7182782999418593,6.379768906473335,0.4306546373312421,0.6316959424844546,2.2342169687926137,0.76461495745583,0.10193548387096774,0.39204301075268816,0.26001097092704334,0.2596774193548387,0.39752688172043016,0.6532323505545035,0.504731182795699,0.36795698924731185,1.3717124488603156,0.5382286895841917,0.37340396853544816,0.5173051250759713,0.5952094487361652,0.3444064975930781,0.2906047683669118,0.40929668654361534,0.5511067984796434,-1.5494001279250105,-2.1024432428126967,-1.6196058180457151,-1.3582102607159936,-2.0380244919927186,-2.20527636601515,-1.8363022450733997,-1.3954612662095394,0.8504750395834519,1.7647647647647646,2.920555512182745,0.7517517517517519,0.652317880794702,0.9314545490338246,0.8764569463463497,0.9353170993584299,0.2084223091229684,-0.41490307490282374
19,4.0,10.0,4,14.582119369696708,235.58172423745242,2,0.3136089781305962,-45.67361835553902,1.7019495376394522,9.298254692422832,5.4632963473871285,0.8174370595550309,0.7516255081014487,7.522203472233966,0.9413905099173752,0.10193548387096774,0.5283870967741936,0.1929181929181929,0.25311827956989247,0.5331182795698924,0.4747882210568778,0.49752688172043014,0.4124731182795699,1.2062043795620438,0.6671729335930779,0.5599979744043118,0.5744023129948437,0.5941903693008173,0.9171775569014259,0.670563588432332,0.6848061366375305,0.6490365384259316,-0.5650602567625591,-0.7470175435046134,-0.7225624432919716,-0.6889670861060428,-0.09859625587477261,-0.3921786838711582,-0.3752235944701222,-0.417805632935362,0.7996651558978213,2.2492492492492495,2.920555512182745,1.0820820820820811,0.6721854304635762,0.9461149679048431,0.8790569722987739,0.9710558949381229,0.2069250763291096,-0.20164631837472066
19,4.0,11.0,4,1.7050887591739614,5.652128284499863,4,0.09008421301086278,-45.29820789898895,0.03958619819188193,1.2745179268874158,32.196017427831336,0.29741685286426833,0.41956306527506204,8.79278355151947,0.539584004545484,0.10193548387096774,0.33236559139784944,0.30669686185700423,0.2627956989247312,0.4243010752688172,0.619361378611252,0.4954838709677419,0.41225806451612906,1.2018779342723003,0.3285788823317645,0.5824152618395549,0.5554102491656958,0.7090883896467106,0.28169914564828574,0.4779082544866974,0.49894100246177975,0.6759066636218041,-1.7602580645318877,-1.0947777536773404,-1.1655765267439853,-0.7626800747178257,-1.7410798322789331,-1.265491198020245,-1.214510201554813,-0.785565502707553,0.8282150486626522,1.6106106106106102,3.5772850993678698,0.7737737737737733,0.6556291390728477,0.9439095351515553,0.8547116262063066,0.9267496418705998,0.23059232142572583,-0.5156043441706195
19,4.0,12.0,4,10.98725811533011,157.02175560165054,3,0.32667116237457683,-43.67301592924235,0.6303749334525118,3.4126428767306187,5.413671603405696,0.6819456765583247,0.7060839055949705,21.44817273996667,0.8482800784972655,0.10193548387096774,0.4155913978494624,0.2452781371280724,0.24989247311827958,0.510752688172043,0.4892631578947369,0.4832258064516129,0.42559139784946237,1.135421930267812,0.6255231678707254,0.5917291619568403,0.5683072101829124,0.5998451168721713,0.6109319745500522,0.6625273612300561,0.6326434514982824,0.6994098617263734,-0.7980724011654574,-0.8700930473863255,-0.9200091214620303,-0.8527965978564576,-0.5893555876309019,-0.5111995135082055,-0.5564673022459464,-0.45533034325663846,0.8087822094582494,1.8308308308308305,3.2322839781813806,0.9279279279279278,0.6721854304635762,0.95170201724742,0.8765529611067341,0.9755075955423111,0.21699716343784037,-0.32103501997545497
19,4.0,13.0,4,3.4248365024982665,18.296004870909332,6,0.18694991116201398,-49.4440260347105,0.5577757716176373,2.289500287053032,4.10469655290534,0.4466360461883081,0.5750698816407862,8.721146886128928,0.6987582121332244,0.11161290322580646,0.42494623655913977,0.2626518218623482,0.2724731182795699,0.5095698924731182,0.534711964549483,0.5188172043010753,0.46430107526881714,1.117415470125058,0.5489224903440515,0.6563705965477103,0.6672809135232647,0.7192655936644244,0.6451768613575324,0.7414649883725504,0.7471816720999152,0.781467450519869,-1.0025997787153662,-0.7637773032048032,-0.7395271884213184,-0.6239820156064082,-0.6742915758567831,-0.49130950442350896,-0.480445749331472,-0.41529043942491506,0.8197376199849286,1.808808808808809,4.609604486828429,0.8838838838838833,0.6423841059602649,0.9666081598522838,0.873806621656945,0.9703423562291256,0.21768729055893032,-0.417852001308092
19,4.0,14.0,4,4.052866834353623,32.07835367556386,4,0.05601824056253479,-47.2889036621267,0.3233208430702937,1.2805962866118596,3.9607600748877276,0.3312044120619929,0.3398233825862219,21.409722262845285,0.6735563576074018,0.10193548387096774,0.10193548387096774,1.0,0.2532258064516129,0.3055913978494624,0.8286418015482054,0.47000000000000003,0.401505376344086,1.170594536689877,0.9303979054437759,0.8289582021246642,0.7981283223164203,0.817794890565146,0.9755128448364385,0.8253426723196771,0.7959089713905826,0.7981583053853241,-0.24659635815696923,-0.605991597201244,-0.7152201503303277,-0.6455425905025316,-0.08035155335534849,-0.5731162926141615,-0.669699320526234,-0.6623184108499065,0.8575934740693635,1.3243243243243243,2.5084150592775414,0.6636636636636631,0.6423841059602649,0.8290785276161781,0.8257614038581564,0.8023067900533165,0.23764741805552916,-0.4874977515706716
19,4.0,15.0,4,7.15084394705633,75.78318719482289,5,0.2723245031105914,-46.50418846402034,0.288815817430556,5.014706570521018,17.36299145640378,0.513992552761964,0.6359222273607896,24.409847307430514,0.7968864515077538,0.10838709677419356,0.32806451612903226,0.33038348082595875,0.2627956989247312,0.4904301075268817,0.5358474018855515,0.5096774193548387,0.4216129032258064,1.2088752869166028,0.4834782519268103,0.6856800321347977,0.6567964880426931,0.6887424608042209,0.45930228039411247,0.788621726415927,0.7287331101632888,0.7435977992703886,-1.2133068879279114,-0.7383359625161248,-0.8061832567016045,-0.7311423335696963,-1.053372664418979,-0.41180143206047726,-0.5284748134766031,-0.4995158284416401,0.8380468516867057,1.7207207207207202,3.9591102664684588,0.8838838838838833,0.6821192052980133,0.9233163372932399,0.8528123683828953,0.9521129893240372,0.23369091282209076,-0.3735684156700321
19,4.0,16.0,4,9.791668763031819,120.82364907757193,5,0.2105403956593841,-37.66556719757148,0.18129244519725582,4.442588299096087,24.505093382475565,0.7346366767780813,0.786085536727709,20.281690182056245,0.9220455111343673,0.10838709677419356,0.21462365591397853,0.5050100200400801,0.2563440860215054,0.47924731182795705,0.5348889387480368,0.5486021505376344,0.39623655913978495,1.3845318860244233,0.5524460150928827,0.847866146587509,0.7520102343262216,0.7611656412216798,0.6791091351984389,0.9400674298567033,0.7580147561793156,0.8264979659874538,-1.0965587196383364,-0.37274543214327327,-0.6076034380234272,-0.5851716385051295,-0.6566435913934792,-0.1226408801779777,-0.4951778844340222,-0.35503970734263657,0.8501777396109628,1.6106106106106102,2.3843904700937206,0.7957957957957954,0.6655629139072847,0.9403069078481793,0.8650391470240585,0.9487322279578557,0.21067096241634997,-0.2654701118790258
19,4.0,17.0,4,3.0705074938731123,19.736119009049098,4,0.07871983408302552,-47.01691673644261,0.05957960564684538,1.3305043941461547,22.331540796571257,0.20533470284500477,0.424860221604474,3.4443681778878705,0.5911012319682643,0.10193548387096774,0.11860215053763441,0.8594741613780598,0.2627956989247312,0.37236559139784947,0.7057464626046781,0.47290322580645155,0.417741935483871,1.1320463320463319,0.825098157904874,0.7633023568748973,0.7864503509310288,0.8121628234604772,0.9547199550295188,0.7802439316563871,0.8028588036230144,0.8246546583894042,-0.6165118667676062,-0.834336014272409,-0.7527416019064757,-0.662107654039195,-0.15278798595691123,-0.7415206214110159,-0.6652114935665767,-0.5916659669634776,0.847287758379841,1.3463463463463456,1.7589165903277326,0.5755755755755753,0.6688741721854304,0.8703347963511352,0.8457959383002482,0.8742035649652027,0.2195570653316157,-0.5123094620564004
19,4.0,18.0,4,7.854668131331748,81.43901005923816,5,0.1747797456527409,-51.19872348681099,0.3949970264651353,3.2635104427276684,8.262113950409002,0.7007277861268252,0.6785760975854396,9.346548517689545,0.8710732032227595,0.10516129032258063,0.1817204301075269,0.5786982248520709,0.25311827956989247,0.4323655913978494,0.5854265108182045,0.5748387096774193,0.41526881720430103,1.3842568617296738,0.8439506437465031,0.8225282760072643,0.7593111259820114,0.7674322050876812,0.8662151263713876,0.8629417794267655,0.8063628645465108,0.817251568930898,-0.4816824309716017,-0.5478075238110853,-0.7429418789557123,-0.7178742899592083,-0.3672985039616692,-0.3762852855244696,-0.5316193694731628,-0.5017250718445037,0.8708435718361625,1.588588588588589,2.776153294436798,0.7077077077077075,0.6655629139072847,0.9378512941654515,0.8412863678285911,0.9104111779877242,0.23508988869472672,-0.3196191852518338
19,4.0,19.0,4,1.6220954071779716,7.032276597872839,3,0.08468220944838445,-46.42468125070218,0.09205816414602537,1.0635322412439927,11.552829139162352,0.22173026354089442,0.3554942547796637,1.6056909501674284,0.4301426366172245,0.10193548387096774,0.11483870967741935,0.8876404494382022,0.24989247311827958,0.443010752688172,0.5640776699029126,0.48935483870967744,0.46064516129032257,1.0623249299719888,0.9598460077783123,0.873740018215775,0.8803242815760058,0.8178289451596802,1.0546310921636317,0.956590401202291,0.9321823770833303,0.853193358982702,-0.10690571060060572,-0.33615370044754167,-0.3186238033100204,-0.48501095385597903,0.13727685137038081,-0.10907951509283542,-0.1704119279464411,-0.36889530560277795,0.8665010952608309,1.786786786786786,2.3843904700937206,0.8398398398398399,0.6423841059602649,0.8512662072285317,0.8295372059171023,0.9044499279833991,0.22744068792332728,-0.5531926900914728
19,5.0,0.0,4,9.322835324345624,113.09052925505705,5,0.24196745700286615,-596.128267790196,0.5757582040923408,5.270906914031585,9.154723070496154,0.5406744232373131,0.747898408246527,64.59015021427766,0.885035413328578,0.10193548387096774,0.13516129032258067,0.7541766109785201,0.25311827956989247,0.45881720430107525,0.5516756503398172,0.482258064516129,0.44150537634408604,1.092303945445689,0.7684776748490869,0.6923727373491718,0.7572694831691851,0.7751212282891105,0.9115809071913137,0.8184808074102357,0.8502311770492998,0.8536111963178011,-0.5889797120902347,-0.7825863724765605,-0.6174927183602683,-0.5720788875593366,-0.1978637732931361,-0.4062026789694211,-0.335151871494727,-0.32758808244165216,0.8210222833459506,1.5225225225225214,3.7633583622865325,0.7737737737737733,0.6324503311258278,0.9519543539355106,0.8575937167587709,0.9412232313873016,0.22302922792348245,-0.29609731692111235
19,5.0,1.0,4,3.4395893109972944,18.486319774760684,4,0.2024121795868422,-602.2129807418261,0.5308602159269504,2.718491977260084,5.120918644304973,0.549416911486106,0.6379429995327459,51.938830721765704,0.7388305267498785,0.1341935483870968,0.43204301075268814,0.31060228969636644,0.2886021505376344,0.5138709677419355,0.5616237706633186,0.4793548387096774,0.38290322580645164,1.251895534962089,0.4491315682300997,0.39499386248667623,0.46957448908888605,0.6551534343227319,0.5130970768423241,0.3964540614428173,0.4844502787245415,0.6882640291291391,-1.256394914197501,-1.379869657420343,-1.2097696579347685,-0.786509892940044,-0.9025210081104984,-1.1187299623814924,-0.9556205807085182,-0.577832354897496,0.8218686233498067,1.984984984984985,3.9591102664684588,0.8398398398398399,0.6754966887417219,0.9525600664098384,0.8757341178154111,0.9614472086934208,0.22545054720681654,-0.4187227177710175
19,5.0,2.0,4,7.624151358443256,75.91697584655653,5,0.10382561335895268,-595.716895937575,0.3163040313039847,2.389255848096985,7.55366865938166,0.41874460454158813,0.5221220726235869,9.06782947495678,0.8790389002801199,0.10516129032258063,0.16193548387096773,0.649402390438247,0.2595698924731183,0.3594623655913979,0.7221058929105594,0.5029032258064516,0.39161290322580644,1.284184514003295,0.6592211243541156,0.650227922696128,0.7206073174614654,0.757606899909929,0.6942422402280877,0.6863816287381118,0.7395355661324423,0.7781158955506823,-1.4289317168798044,-1.466641422509411,-1.1715311425532722,-1.0163869107645094,-1.2061310949358965,-1.2371390665744344,-1.0274612590270382,-0.8752723660978066,0.8563895715988611,1.39039039039039,2.5084150592775414,0.5975975975975976,0.6655629139072847,0.939257755096838,0.8462955314892021,0.8991619617389838,0.22164809892387793,-0.3229183979303213
19,5.0,3.0,4,5.092829671521891,44.33536398466692,3,0.2504936615653359,-600.386381757072,0.50033155399101,2.2343125413921654,4.4656638654301455,0.42607572405797145,0.5280029704153534,4.482459679279427,0.7665948848757237,0.10516129032258063,0.16129032258064516,0.6519999999999999,0.2758064516129032,0.46913978494623654,0.587898235159294,0.42182795698924735,0.39935483870967736,1.0562735595045776,0.6381178119487863,0.7493372893408,0.7392101077786789,0.7381312719075243,0.7315220776943511,0.8420968886068577,0.8036958786361624,0.8094093498041073,-1.132068320829498,-0.7841428048135155,-0.8158234506267417,-0.8191983498437652,-0.7523791240304827,-0.44250567648690575,-0.5501201797410888,-0.5341088206110896,0.8595244090730043,1.6986986986986992,2.776153294436798,0.7077077077077075,0.6490066225165563,0.9387563183051358,0.8551415882308712,0.9358080604731878,0.2348472151520965,-0.4148673031470822
19,5.0,4.0,4,5.295496655145836,53.51731244411569,3,0.13299014331997738,-599.3583611480941,0.28897532088025785,2.4185068299159367,8.369250434773594,0.3843934889900008,0.500994083638796,9.362344030811592,0.6648459318298039,0.10516129032258063,0.29494623655913976,0.35654393000364565,0.2563440860215054,0.4634408602150537,0.5531322505800464,0.4541935483870968,0.4118279569892473,1.1028720626631856,0.6609196999413707,0.7755996044872601,0.7768296307777455,0.7502216029526512,0.7149517339735847,0.7884906999997252,0.8431516328424364,0.7867420415844945,-0.9276333684567073,-0.6138997008570177,-0.6105346766107376,-0.6833271522429527,-0.6410653320252313,-0.4756783176451078,-0.35274745561918586,-0.4796110000051357,0.811083314086475,1.588588588588589,2.154434690031882,0.6856856856856854,0.6788079470198676,0.9093738453121759,0.8438370470518183,0.9256951793323454,0.23535968282179728,-0.44759278692573656
19,5.0,5.0,4,0.5137724251333935,1.1083819191035245,3,0.13021972922445268,-600.3325281332069,0.04660696933956688,1.9947172594990432,42.798690577068534,0.20567465427262488,0.23576336458490554,2.620003605931806,0.25006184487083394,0.10526881720430108,0.40903225806451615,0.25736067297581494,0.26956989247311824,0.48086021505376353,0.5605992844364935,0.46150537634408606,0.3964516129032258,1.164090046107947,0.5241176587292042,0.6749396432089758,0.5949392677857903,0.6523138377901703,0.6111995792026284,0.7167645418288883,0.6108220129366497,0.7112488980724881,-1.001187099342248,-0.6838796221303156,-0.8521887541782573,-0.7314810196460217,-0.6793843601640179,-0.49492163648050247,-0.6800441141208302,-0.5045595944247083,0.8028353011471726,1.8528528528528534,3.7633583622865325,0.8838838838838833,0.6026490066225165,0.9128691847627354,0.8485591516374714,0.9505047178747741,0.21574637759394705,-0.6146073797125069
19,5.0,6.0,4,1.622968590409822,5.738407897119545,3,0.2359386283801016,-597.5807833168362,0.07449556559922023,2.693140093220513,36.151683278832685,0.3485877354462823,0.4647161874711758,28.467262681503335,0.5233163137241574,0.10193548387096774,0.5049462365591398,0.20187393526405448,0.25311827956989247,0.5030107526881721,0.503206498503634,0.5127956989247312,0.46741935483870967,1.0970784449045319,0.6080053765677031,0.5741576245651562,0.5528533479328911,0.6486559025198654,0.6378688924385529,0.6054646946735878,0.5242333150350926,0.6346205402069601,-0.9143176048310886,-0.9932666354808175,-1.0429583251588925,-0.8195012749583286,-0.7396710944619771,-0.8058583065669387,-0.9717775060703031,-0.7463060181130268,0.777789852484858,2.0510510510510502,3.5772850993678698,0.8838838838838833,0.6622516556291391,0.9325268013499057,0.8563847576474077,0.9555028212800281,0.22564347922389055,-0.49823617253636177
19,5.0,7.0,4,5.3014541488232645,45.532317796216944,5,0.2520468118364255,-600.7983494874693,0.5829447139718776,3.459961332375945,5.9353164192905945,0.46777069154553197,0.6238609503013004,93.6918382302191,0.7322874628955173,0.10193548387096774,0.43827956989247313,0.23258096172718348,0.2595698924731183,0.49709677419354836,0.5221717499459226,0.5049462365591397,0.4321505376344087,1.1684498631500368,0.7109712471278881,0.5845199317274707,0.5699505793877115,0.6282553517841204,0.8760517176724832,0.6974976256096784,0.6975385201008888,0.7319850676620108,-0.5457121089063195,-0.7844634902668908,-0.811971729193719,-0.7018871096270776,-0.1820965950924931,-0.4444164239268624,-0.4443563444528462,-0.3937497615637229,0.7935369115211556,2.095095095095095,4.165044248545185,0.9279279279279278,0.6556291390728477,0.9699125863782698,0.8712608758539133,0.9755937868044622,0.2267044350902062,-0.4171369164212991
19,5.0,8.0,4,5.367241445958717,39.8562686923954,4,0.061057599250990635,-600.7628140389037,0.2696814665126576,1.6938647960732653,6.280983331844063,0.4327277911251667,0.6823599207700575,14.40636529719948,0.8638185285959212,0.10516129032258063,0.3520430107526881,0.29871716554673183,0.2563440860215054,0.46043010752688174,0.5567491826249416,0.4536559139784947,0.3761290322580645,1.20611778158948,0.47069353832670485,0.6709039262325037,0.6805501406732111,0.6834705681304183,0.49296773007525435,0.6485046698702666,0.7118402790396463,0.6848764549031776,-1.557812725476755,-0.9685694181755125,-0.9401794462093536,-0.9315842761404167,-1.3059744711397283,-0.9053544618420335,-0.7422195025985721,-0.811670833520282,0.854596227923279,1.588588588588589,2.5084150592775414,0.7957957957957954,0.6357615894039735,0.9583344649152736,0.8710204845096856,0.961614158152631,0.21202244865738626,-0.3306957701861616
19,5.0,9.0,4,2.4793573169875494,13.659226332116564,4,0.09605158187473584,-598.5933050012882,0.34703582028872393,1.5361458551128007,4.426476361531703,0.21628410767149986,0.3853219682170348,14.809653813307538,0.49570950413654924,0.10193548387096774,0.43526881720430105,0.2341897233201581,0.2595698924731183,0.4931182795698925,0.5263846489315307,0.5416129032258065,0.42806451612903224,1.26525998492841,1.0611586497999488,0.7490862562512628,0.5874162922521456,0.6552330084458658,1.402437214526381,0.9775013532678198,0.5124975513171595,0.6567906977279224,0.15869736187140449,-0.6510828692335766,-1.0705917508787417,-0.8946177229051198,0.8723030594715344,-0.04876695710546297,-1.0566862659219358,-0.7439235577737517,0.8132244414682597,2.0070070070070063,2.5084150592775414,0.7517517517517519,0.6589403973509934,0.8306789633339338,0.8283362577123222,0.9133816945079571,0.2295615556678696,-0.502945048748922
19,5.0,10.0,4,2.248963160561054,11.720274970568584,4,0.24900898950901706,-601.0202601442911,0.019548692726628698,2.3261893796041004,118.9946259902806,0.3837569821737117,0.4494877189144909,10.051111899703383,0.501666259677209,0.10193548387096774,0.48516129032258065,0.2101063829787234,0.2627956989247312,0.5432258064516129,0.4837688044338876,0.49010752688172043,0.4290322580645161,1.142355889724311,0.3987992186726448,0.3792189704607521,0.4732375797334953,0.5898865206224282,0.4145927708940503,0.3925910722881154,0.4893938656905269,0.676785908231384,-1.1063744104102953,-1.1424074400469024,-0.9693873997667349,-0.7547213394265597,-0.7958679355694355,-0.8257795006781696,-0.6941749773445701,-0.43941331636046943,0.7843346898732712,2.0510510510510502,2.776153294436798,1.0160160160160154,0.652317880794702,0.9138607721075599,0.8539767092836301,0.9589616117544884,0.2279058658355518,-0.518139195083743
19,5.0,11.0,4,3.0744097535569432,21.569680280037044,4,0.018304551372414046,-600.0836243843693,0.021176610205375472,1.0013088228655955,47.2837160033962,0.26201073629432736,0.418456108731981,6.0993515014782,0.5394682681128682,0.10193548387096774,0.1486021505376344,0.6859623733719248,0.24989247311827958,0.40655913978494623,0.6146522084104734,0.5327956989247312,0.4707526881720431,1.1317953403380538,0.7573891829285944,0.7193901981987985,0.734653281935761,0.7917189525860905,0.7326084891412331,0.7429334544943453,0.7717412465115432,0.8246800783907546,-0.6114798536216162,-0.7072530507973502,-0.668783751192521,-0.524954599808011,-0.5812984484101522,-0.5588523867518118,-0.49622539927589115,-0.3811384964299529,0.8364911395978114,1.6326326326326315,3.2322839781813806,0.6856856856856854,0.6721854304635762,0.8889014291928201,0.8389720519189465,0.9157837119605501,0.23357653279928284,-0.5043964900067617
19,5.0,12.0,4,8.293810712302584,86.12373578338098,3,0.3726711953040164,-597.6878618223624,1.9261683481883143,3.8197182814723583,1.9830656469176486,0.6730696762139436,0.6818955005766102,30.567515581193543,0.8074416144002514,0.10193548387096774,0.4182795698924731,0.24370179948586118,0.24989247311827958,0.5165591397849463,0.48376353039134057,0.5331182795698924,0.4651612903225807,1.1460933888118352,0.680287786451335,0.6506661511150588,0.6179370219694271,0.7601665598538176,0.7644722078804517,0.7430179031746912,0.6547866399226339,0.7937191893708119,-0.6949158965256694,-0.7593005036940523,-0.8304394566614497,-0.5212940357395857,-0.4137723003869265,-0.45146295647221235,-0.6064665440883941,-0.3623915664967292,0.8181760003635331,1.6326326326326315,2.6388908144575076,0.7957957957957954,0.6986754966887417,0.9566153429359007,0.8588591734578772,0.9613788437430263,0.22468846762722627,-0.3234255718983208
19,5.0,13.0,4,1.6971077487658237,7.583109091097512,5,0.1473842259882,-602.2074440141151,0.08272628653928031,2.260986287382643,27.33092928460019,0.18708271253003528,0.3543138478336968,16.07192503814765,0.45643003119330594,0.10193548387096774,0.24526881720430108,0.41560718982902234,0.2595698924731183,0.5486021505376344,0.4731477851822815,0.5063440860215054,0.4547311827956989,1.113502009931426,0.6530178517083783,0.6141053402779402,0.8175969870758019,0.8157399681512776,0.5116738976843463,0.6004650687248967,0.7157342860273065,0.8628165839384563,-0.7290306450313966,-0.8107882035905234,-0.38323984914646747,-0.38714155910776404,-0.8353197940438316,-0.6834355872508875,-0.48625862210393134,-0.23466290724038696,0.8056556449317861,2.1391391391391394,3.5772850993678698,0.8838838838838833,0.6754966887417219,0.9088456649357127,0.8569240155437094,0.9518936502904547,0.22592972782117904,-0.5369105655191619
19,5.0,14.0,4,1.0530118286962007,2.488197572213255,3,0.15283788201133275,-600.9505535352632,0.2116074517236436,1.8835484565508522,8.901144270716612,0.28773224849121204,0.4103984806041784,8.260258707436027,0.4405830144021645,0.10516129032258063,0.29806451612903223,0.3528138528138528,0.2627956989247312,0.4698924731182796,0.5592677345537758,0.4810752688172043,0.43526881720430105,1.1052371541501977,0.5594453911561886,0.6049096682875666,0.647509869186397,0.7165848891358249,0.5988259797350939,0.6633641631974659,0.7074333131840734,0.750657744621281,-1.0576808548245338,-0.9485304917708053,-0.8462561857077722,-0.6804212933232185,-0.8301838154114058,-0.6966294158739335,-0.6054333432726695,-0.5159853192310471,0.8596248439638968,1.6326326326326315,3.0724688427090037,0.8178178178178177,0.6788079470198676,0.9343039328764604,0.8593994673587374,0.9497869884518177,0.21119856877566268,-0.5559705253638996
19,5.0,15.0,4,2.4963542504040976,11.746035368481275,5,0.12198702890008306,-602.0662896909379,0.06004963800820064,1.9665822816640142,32.749277879001525,0.40900993454085377,0.534926437200653,20.304144009688883,0.5601840402696531,0.10193548387096774,0.321505376344086,0.31705685618729096,0.2595698924731183,0.5087096774193548,0.5102515324455719,0.5072043010752688,0.4321505376344087,1.1736750435431698,0.5004062233766088,0.6638235738522157,0.6827385110169273,0.7379692051210834,0.6171914107203045,0.7336361803560575,0.8174038871991518,0.8603658359736132,-0.987620964122338,-0.6645696997093691,-0.6271777437783246,-0.5179950559374955,-0.6232421438613276,-0.4336610061815769,-0.2972806671262995,-0.22733527455023994,0.8496606918746341,1.742742742742743,3.4004119327037095,0.8398398398398399,0.6821192052980133,0.968425197355391,0.8676155409907232,0.9682659578329211,0.22399203709785795,-0.5065182589528698
19,5.0,16.0,4,3.936353714243439,33.470851074808465,3,0.17157611970908526,-601.9303046269004,0.12491066989369537,1.7703147768300513,14.172646566835878,0.39468688170097443,0.5135892776158372,8.460731585151482,0.5755418623833439,0.10516129032258063,0.355483870967742,0.2958257713248638,0.2596774193548387,0.4443010752688171,0.5844627299128752,0.48677419354838714,0.3863440860215054,1.2599499025883663,0.4997657079614455,0.4732844728548562,0.42123447639699696,0.5626553467467094,0.4864196516183367,0.5353927796202629,0.47495264830706885,0.5804608009243023,-1.2359048921780305,-1.3013308106726942,-1.4299282424840252,-1.080526475545957,-1.0466046258636745,-0.9468042684875788,-1.0699727682549955,-0.8549619701520563,0.8249985036701136,1.6986986986986992,2.3843904700937206,0.6856856856856854,0.6887417218543046,0.8656788518282013,0.8409310773476345,0.9354920464615342,0.2112219664257477,-0.46212685834789335
19,5.0,17.0,4,4.343517709987374,31.009975597395616,4,0.08343381623664059,-600.9359481220325,0.45094228608911824,1.1839537818513413,2.625510665942205,0.4432726274969183,0.5655574752755548,4.659766990175689,0.6916847508270656,0.10838709677419356,0.38827956989247314,0.27914705067848244,0.26924731182795697,0.5094623655913979,0.5284930350358801,0.5391397849462366,0.4288172043010753,1.2572718154463391,0.6591668002707751,0.5679197387684294,0.6169645585806393,0.7377315442422807,0.8037734814802955,0.6818469005489357,0.6869549995343661,0.8057515885833875,-0.9033821091634389,-1.1452334397862842,-1.015239610544608,-0.6951453993263406,-0.44958140115888434,-0.7289316312254099,-0.7172282879848915,-0.4450492911782389,0.83108001194671,1.742742742742743,2.776153294436798,0.7957957957957954,0.6622516556291391,0.9738366636133317,0.8616937861990714,0.9638895329462437,0.23683501193433257,-0.45030018413212847
19,5.0,18.0,4,4.569358568852549,34.8948440752106,3,0.05676064111668899,-601.0413967160457,0.17805363176120925,1.0214134988930414,5.73654964961836,0.3517492537531197,0.48308892635475353,6.1867809611569715,0.7242768692784181,0.10193548387096774,0.1217204301075269,0.8374558303886924,0.25989247311827957,0.35279569892473117,0.736665650716245,0.5425806451612903,0.4281720430107526,1.26720241084882,0.6754969706953161,0.7182210840158817,0.8308212365865267,0.8195897689149282,0.6129615807420249,0.6685090491757169,0.7727255309516436,0.7798407100652164,-1.4342959909402486,-1.2454563841622552,-0.7477662770548164,-0.7974091080886785,-1.6544053818270363,-1.4169663417964546,-0.9714903896785052,-0.9410763789952092,0.8916428697900414,1.3023023023023015,2.0479120966650832,0.5755755755755753,0.6887417218543046,0.9156688202657361,0.8494403084172752,0.8407204059980344,0.2218507759339146,-0.45861531241462034
19,5.0,19.0,4,0.3287474699000255,-0.14714443130850174,2,0.027740221213852,-601.5339044742361,0.07003180083839732,0.6539613338699664,9.338062509330902,0.07369104905156243,0.18267205346942983,3.200914440829756,0.20010846109146008,0.10193548387096774,0.10516129032258063,0.9693251533742332,0.25311827956989247,0.43698924731182787,0.579232283464567,0.5324731182795699,0.4249462365591398,1.2530364372469633,0.7508240974808652,0.6876596311518579,0.773828772718386,0.7820171747775688,0.6857824958210326,0.6767223993485454,0.8032445686577546,0.8284174141360742,-0.6724137793917446,-0.8428662874318784,-0.6103344993981539,-0.5882376821693232,-0.7893086868886057,-0.8120674853472358,-0.49424608459271235,-0.43101235208102695,0.844047216878584,1.5445445445445445,2.0479120966650832,0.7957957957957954,0.6655629139072847,0.8851426776303175,0.8410213784993315,0.908524982543635,0.22185920140389215,-0.6142526093284132
20,1.0,0.0,5,5.736907531972113,34.18146880414544,5,0.3144903020246195,9723.270392655566,299.7518865827754,3469.2768879968876,11.573828367011325,0.49656161848864544,0.9289228571009992,18.795997933762482,0.9969953958559921,0.11806451612903228,0.12999999999999998,0.9081885856079408,0.26602150537634406,0.12967741935483873,2.051409618573797,0.2649462365591398,0.168494623655914,1.572431397574984,0.03362328420609399,0.041246768661451556,0.047306295504183395,0.08135413242874177,0.04052215985728263,0.050954387947410626,0.05842870078775032,0.09110283672746251,-2.15093804097285,-2.1339698727090664,-2.1204827236673798,-2.0446998675027337,-1.6990323100954712,-1.680559040729733,-1.6673236136253304,-1.6094646299746342,0.7868473710556331,3.966966966966966,1.05931476351837,0.5315315315315318,0.5794701986754967,0.972519325960446,0.9374927281560549,0.9810140077115257,0.1560049515725101,-0.1913272886748502
20,1.0,1.0,5,6.908084893085373,53.71659917297672,7,0.42389587652300276,9089.64968983403,134.30765701195685,2574.7489240356153,19.17052967282719,0.6900020060818466,0.9070356345912582,10.412400401813965,0.994932278890973,0.10516129032258063,0.33838709677419354,0.3107721639656816,0.2696774193548387,0.4,0.6741935483870967,0.48946236559139783,0.3172043010752688,1.543050847457627,0.280259613879111,0.5746007273458833,0.5564187594097331,0.5841235669955456,0.2695126811602262,0.6766045466458305,0.6624539058343887,0.6734738870678293,-1.5086062007032712,-0.8916548145359606,-0.9297649860622492,-0.8716945410528905,-1.2808097746770781,-0.5670297718515198,-0.5918409884213376,-0.5725189559691293,0.7859499529865704,3.7687687687687688,1.2333634979137746,0.5535535535535532,0.6158940397350994,0.96986810562808,0.8845244387686403,0.9636156103991012,0.21855322850762018,-0.14540979996087144
20,1.0,2.0,5,13.489217141139438,206.94386596431082,2,0.4311192862914207,20400.689475373238,512.4341365700442,7882.4169568665475,15.382302610882181,0.8919505762494098,0.9160708063396024,214.09591951400805,0.9988450613855551,0.11483870967741935,0.12311827956989245,0.9327510917030569,0.29516129032258065,0.13623655913978494,2.1665351223362275,0.31870967741935485,0.19451612903225807,1.6384742951907132,0.032082107804155366,0.03378337120919011,0.08472277837862938,0.1244121584856571,0.035601900663388364,0.038469940860229375,0.06573637078779458,0.13768777035548177,-2.1427261529187405,-2.1389599847133964,-2.026192981606847,-1.938330701723241,-1.66029674590414,-1.6553591606795186,-1.6084175865388186,-1.4845468793613013,0.795605168023953,3.966966966966966,1.3650078065460138,0.5315315315315318,0.6258278145695364,0.971115390687006,0.9206621641421598,0.9819482849900705,0.1815330774147069,-0.11495271085677769
20,1.0,3.0,5,7.083194302917938,58.851334458998615,7,0.6046172962566057,20612.07466422922,144.9456749048805,6226.887429214839,42.960146505241966,0.8916807804645301,0.9021133932036072,16.690183966843232,0.9983356535743827,0.11483870967741935,0.10634408602150539,1.0798786653185035,0.28569892473118275,0.2753763440860215,1.0374853572823113,0.3513978494623656,0.26086021505376344,1.347073371805441,0.10804140826630365,0.08646654929045801,0.0975439138865385,0.21578221421105337,0.1433272620511792,0.08993923189550133,0.11349874182126503,0.20486377330882566,-2.027186402246123,-2.076220360942795,-2.051044435636386,-1.782319993869798,-1.4476483068537458,-1.537866062173212,-1.4980540276079504,-1.3436608418795304,0.7991090875650422,4.0770770770770755,1.1723818032865998,0.6856856856856854,0.5794701986754967,0.9567559642793546,0.9146419122234178,0.9817417444588399,0.1839500734515318,-0.14256135104150985
20,1.0,4.0,5,9.760294467649452,117.03290310617571,4,0.4864087976781334,19596.84605303267,1395.6312288002057,5457.890705251241,3.9106968894234857,0.865814408687534,0.9020665838356661,23.995949736864414,0.9993006115001812,0.14064516129032262,0.06989247311827958,2.012307692307693,0.2886021505376344,0.31225806451612903,0.9242424242424242,0.31483870967741934,0.3043010752688172,1.0346289752650175,0.04870651054106975,0.057317763367279985,0.11401189755133861,0.21626875312465538,0.06529701606183172,0.08075769314125991,0.10357261061881577,0.2280682800368818,-1.6359439022432942,-1.6211350901281956,-1.5236379200759473,-1.3477863230752272,-1.0815716732639564,-1.0636816796874546,-1.037281883286236,-0.8932243679038723,0.8148657387032062,4.341341341341341,1.05931476351837,0.4654654654654652,0.6357615894039735,0.9309355709759777,0.8930336618227099,0.9716492322528409,0.18702984081833807,-0.12682865674880353
20,1.0,5.0,5,7.910127868014099,78.90948148848638,5,0.3227183987040997,12158.81745874891,86.23080790066987,3719.3355106988465,43.132328239150745,0.7863153739195744,0.9077103440743066,83.6913850779649,0.9977188727974129,0.11161290322580646,0.2793548387096774,0.39953810623556585,0.2854838709677419,0.2820430107526882,1.012199771254289,0.34580645161290324,0.21494623655913978,1.6088044022011008,0.21549657870407757,0.20500818868765833,0.18681569478497262,0.22612772212583254,0.15633324748819302,0.17631635312443308,0.17723031605054254,0.2194885936172216,-2.044244889881746,-2.071575347738429,-2.118981020786146,-2.0165424477717773,-1.5898022360424586,-1.5521461521337563,-1.5504238840708477,-1.4707925557450714,0.791051549267863,3.966966966966966,1.1723818032865998,0.5535535535535532,0.5562913907284768,0.9105906334557171,0.8884308589870191,0.9627386804830744,0.1921441763592394,-0.14547069640031515
20,1.0,6.0,5,7.065044032251828,64.29771081883544,5,0.2273364389486615,14594.408378295046,354.7031267451695,3261.8876280230984,9.196106214103228,0.417061643241904,0.9547472139386597,33.65182482133529,0.9978831658671374,0.10193548387096774,0.3360215053763441,0.30335999999999996,0.2564516129032258,0.28548387096774197,0.8983050847457626,0.23827956989247312,0.18118279569892476,1.3151335311572698,0.24496040224764254,0.2509408888099957,0.22463779952270366,0.18522460833079715,0.3238424319600966,0.21859125069880517,0.12966508707237648,0.14543175599676517,-2.276249837639282,-2.2582202116341232,-2.33751724836947,-2.45633786429278,-1.6222709623519322,-1.8747948461093886,-2.0881509333047306,-2.050322754817874,0.757989528262833,3.966966966966966,0.8648423275731727,0.44344344344344305,0.5397350993377483,0.9536012098516355,0.9049661820105421,0.9796693355095198,0.19015532921166484,-0.19655652333575774
20,1.0,7.0,5,6.388753879821249,46.843082697846135,5,0.6092089975566335,25304.463586781734,315.1412370260425,6298.675860691257,19.98683485579753,0.9340591936110666,0.971164712652561,11.008615317719713,0.9988399157746917,0.10193548387096774,0.14967741935483872,0.6810344827586206,0.25989247311827957,0.35150537634408596,0.7393698378709086,0.41107526881720424,0.29333333333333333,1.4013929618768326,0.08856457654366107,0.11308357262796179,0.15621187726187252,0.39712358130349407,0.10567440731828237,0.12087036454090416,0.14359056934261408,0.33239412464777973,-2.4757025028597806,-2.40910234840965,-2.291954332238226,-1.637573678036422,-1.9966538230058424,-1.9627276261810367,-1.9120029414040076,-1.4904838172931134,0.7228839447037433,4.275275275275274,2.6388908144575076,1.1921921921921912,0.609271523178808,0.9586332829694996,0.8872219699403706,0.9612189138468081,0.20272195861186013,-0.1210615803400545
20,1.0,8.0,5,7.063277442532227,55.13406101033037,5,0.5091887330829619,18612.505049137137,1836.1977842507852,5576.223317525051,3.0368315250964595,0.8046059691010015,0.9496807578813453,15.417244032071986,0.9988503706806612,0.10516129032258063,0.10311827956989247,1.0198123044838372,0.2792473118279569,0.16279569892473117,1.7153236459709376,0.2970967741935484,0.18118279569892473,1.6397626112759645,0.052562117950865364,0.058963369559163877,0.06731338571864778,0.12895119063385985,0.04308766463414101,0.06475612213995932,0.07829332103984178,0.11900696580876252,-2.257187235767677,-2.2419368180918093,-2.222043640659557,-2.0751970039233876,-1.8281994435605424,-1.7868014382356276,-1.760938359057459,-1.6831541567215111,0.7088919503323838,4.011011011011011,1.4005083955986373,0.971971971971972,0.5529801324503312,0.9622580664289538,0.9085855970188196,0.9811831246486453,0.18653481926145338,-0.14224067241318225
20,1.0,9.0,5,8.869222131417148,94.52743170738077,5,0.38415040217464547,18322.72914946416,148.04477367719159,7021.176540075673,47.42603447376803,0.6097025891922148,0.9321252581333691,90.863714414125,0.9987947125194866,0.12774193548387097,0.18989247311827956,0.6727066817667045,0.2918279569892473,0.26236559139784943,1.1122950819672133,0.38698924731182793,0.1881720430107527,2.0565714285714285,0.07008732285161062,0.10131162148377372,0.1519709125255603,0.241592196766223,0.09291648847752013,0.11863759143975677,0.1922037645324858,0.27222391047634636,-2.0310013026813456,-1.9628050163464783,-1.8521612014731343,-1.656421376096267,-1.5116037549902304,-1.468740980696219,-1.3461470826982458,-1.2127980012221813,0.7811846596901855,3.724724724724725,1.7589165903277326,0.5535535535535532,0.6125827814569537,0.9643303404471484,0.9200096240614025,0.9873909298969112,0.18669590489499183,-0.12316333112286831
20,1.0,10.0,5,7.43819733077816,59.74706654852887,4,0.5183144420062167,14643.264553280665,623.0847553236808,7265.792560502079,11.661001971918951,0.9211454824045245,0.9656855688972462,43.02655085786266,0.9996059754482695,0.12774193548387097,0.11000000000000001,1.161290322580645,0.2952688172043011,0.10311827956989247,2.8633993743482797,0.24946236559139784,0.16838709677419356,1.4814814814814814,0.03325992795977566,0.038001884554250104,0.045150888383521146,0.1026274405412207,0.038626460855099146,0.044577397428651556,0.05341830834812118,0.08861652758598279,-1.7580633896261653,-1.7494399131353768,-1.736439105298774,-1.6319152265097854,-1.396118186457574,-1.3874761649763276,-1.3746372880809832,-1.3235220118558773,0.7905294222636352,3.944944944944944,0.822081575524054,0.3993993993993996,0.5463576158940397,0.9320418208632721,0.8940840842927462,0.9679016974256596,0.1754499006132589,-0.1122132286158885
20,1.0,11.0,5,6.3383878679853005,49.18831078100475,5,0.40259863520776284,13310.466084229905,274.39197602533886,4225.710137851447,15.400268619594117,0.6433610529330245,0.8740280454011824,32.509405225029944,0.9910334154204757,0.10193548387096774,0.2750537634408602,0.37060203283815485,0.24989247311827958,0.3908602150537635,0.6393397524071526,0.47591397849462364,0.2745161290322581,1.733646690168429,0.2971897859484025,0.36197258995805215,0.4882509981881073,0.5734419606926617,0.3397857471275828,0.3878028390147368,0.4919073971775201,0.672110316172642,-1.7511006298120402,-1.5896897586633192,-1.2750583037381673,-1.0627990833776233,-1.433538594259638,-1.329277963555489,-1.103233310148807,-0.711954512313355,0.7600670417895148,4.011011011011011,1.4360089846512607,0.5755755755755753,0.5894039735099338,0.9678169784142662,0.8876579569626718,0.9584196098044063,0.21155262439598796,-0.14107324210633446
20,1.0,12.0,5,4.833185170358429,28.603835612362122,5,0.13845726059600916,6430.383684417224,198.34970203190932,1791.565616849594,9.032358498634789,0.6674558869365144,0.9336661219736514,33.94749816948741,0.9945108745504718,0.10516129032258063,0.2858064516129032,0.36794582392776526,0.2563440860215054,0.28236559139784945,0.9078446306169079,0.35301075268817206,0.19161290322580643,1.842312008978676,0.554184573518605,0.3573155880969151,0.2764276554993092,0.2686103802180301,0.9726679534124282,0.14897213550429958,0.1641752842490781,0.2573193644308994,-1.0082146889344938,-1.4534352692637431,-1.6363638916447654,-1.6540427140853322,-0.0454633735694443,-1.4155763125022407,-1.390287813574759,-1.2353545157874668,0.8088994106596876,3.922922922922923,1.5107033044866556,0.42142142142142086,0.5761589403973509,0.9768351754965687,0.9188910888247532,0.9823280356321122,0.1817550882834473,-0.2047251490948422
20,1.0,13.0,5,11.007753280851057,134.86542987905838,6,0.6637794384560975,25380.78131313617,518.4814245540139,8150.490964657975,15.719928581180792,0.8715440821431558,0.945633371274003,36.76543918248775,0.9998382891093689,0.11806451612903228,0.13655913978494624,0.8645669291338584,0.2756989247311828,0.13301075268817203,2.0727566693613584,0.30731182795698925,0.20505376344086024,1.4986890403775561,0.04171730791557874,0.049240309710462254,0.06737835660536796,0.08949981311992769,0.05362842848787123,0.07391393104425331,0.07933146412462323,0.11314189776145936,-1.5121455254695089,-1.500274421466276,-1.4716530483793544,-1.4367459570151153,-1.0056356443483978,-0.9840798146422887,-0.9783230225597122,-0.9423952979327443,0.8288995591622067,4.0770770770770755,1.2333634979137746,0.42142142142142086,0.6125827814569537,0.9524304118818022,0.9163916222912618,0.9828877181334592,0.17734653811738832,-0.10941898933924493
20,1.0,14.0,5,7.4355139420245555,65.10325224333221,5,0.21217812728568075,12614.99323660792,114.4529470622259,4056.64607758265,35.44378875082289,0.7849534330460987,0.9464986990118269,90.00284240277715,0.9974900379711295,0.10193548387096774,0.27182795698924733,0.37499999999999994,0.2894623655913978,0.4135483870967742,0.6999479979199167,0.4001075268817204,0.28182795698924734,1.4196871423120945,0.47374513164232435,0.5534248743901338,0.4524360204790779,0.5322829240220025,0.5062722316574834,0.7391704886369109,0.47283801974983714,0.5775379251298696,-1.4678865840954516,-1.245635290214418,-1.5273242449633577,-1.3046066882441256,-1.1850383613156692,-0.6260392802416834,-1.2652866807973304,-1.0139874583169268,0.7695392668677841,4.055055055055054,1.2333634979137746,1.1481481481481488,0.5662251655629139,0.915151499750368,0.8747995554210798,0.9327487074993315,0.19888709867639612,-0.12357065131327077
20,1.0,15.0,5,4.481246529594369,22.11534385304719,4,0.346964433106421,6254.377756182787,146.48125401765458,1594.7057597405537,10.886756605376634,0.6018833468171156,0.8606346820316992,13.158389840420423,0.9825828201351998,0.10193548387096774,0.24225806451612905,0.42077230359520634,0.25655913978494627,0.32731182795698927,0.7838370565045992,0.4605376344086022,0.27677419354838706,1.6639471639471644,0.3253184888971689,0.3770342800967298,0.49690185034936124,0.566875939020687,0.36272074132367566,0.3306329088004682,0.38849875478295537,0.5059451655993135,-2.093331417514698,-1.9328730549864104,-1.5609604612340977,-1.3438521578092542,-1.8896447765005124,-1.9847908279233137,-1.8132084453023738,-1.464959237915908,0.7264871661319211,3.7687687687687688,1.2975171686575868,1.918918918918919,0.609271523178808,0.9477308740652273,0.8852903369125346,0.935093527215904,0.19250458438572682,-0.17096868325002124
20,1.0,16.0,5,4.995381172920367,28.762876415057004,6,0.39138075619971335,6770.730384597193,642.4633907001913,3601.447616818804,5.605685349469876,0.6120970342601285,0.8951267773712366,60.014543416582455,0.9969961209886913,0.10193548387096774,0.3586021505376344,0.28425787106446776,0.24989247311827958,0.4506451612903226,0.5545215938916727,0.37967741935483873,0.29806451612903223,1.273809523809524,0.539936713068613,0.5215449634835655,0.5620372226846861,0.5347058418764007,0.6551555804456368,0.5772321557284704,0.6139291435615858,0.6040603141452736,-1.2016734835576033,-1.2497122608745146,-1.1439475203409257,-1.2153363846978202,-0.7113990703443536,-0.8721517134449082,-0.7964474202953975,-0.8168063870469089,0.7947313793124,4.033033033033034,1.1723818032865998,0.5535535535535532,0.6291390728476821,0.9876097671151505,0.8898295952394012,0.9718966206910082,0.21498578213921846,-0.16246059137266505
20,1.0,17.0,5,8.656681547983109,84.60261497708184,4,0.5160382013348096,17695.426528323205,1267.5531371416412,5837.281646740918,4.605157350566076,0.6854873519354856,0.9459423603429871,9.557798122056148,0.9990348640335701,0.1535483870967742,0.22623655913978497,0.6787072243346007,0.2950537634408602,0.3918279569892473,0.7530186608122942,0.4764516129032258,0.3104301075268817,1.5348112227225494,0.07053454796991704,0.10531321155153782,0.2594949506050963,0.38918810953571964,0.08636014114981856,0.11517197291384473,0.15308737825034496,0.37417087845254915,-2.001021766105837,-1.9261476944866123,-1.5942138769268872,-1.3150008805014952,-1.5684224724405105,-1.5189619284710907,-1.4538735096533109,-1.0743450481440548,0.8066404253144334,3.8568568568568558,1.2333634979137746,0.42142142142142086,0.652317880794702,0.9726103741691299,0.8924632665444984,0.9796567120412409,0.20527281405247122,-0.1300659343332587
20,1.0,18.0,5,7.296877917984568,61.53225753781774,5,0.3525265589049158,11416.467850059676,579.3916470634078,3267.100754673654,5.638846833972577,0.817187405314437,0.9113566758010838,87.77732480907663,0.9989372270477435,0.10838709677419356,0.14634408602150537,0.7406318883174138,0.26924731182795697,0.18602150537634404,1.447398843930636,0.30634408602150537,0.18473118279569894,1.658323632130384,0.050493175075154245,0.06184245671191601,0.10169606829876529,0.15710907436657703,0.06556235023697309,0.0810344136705393,0.12475531609734376,0.1882091028240362,-2.0006557040955646,-1.9767422319140753,-1.8927687909055286,-1.7760109712032588,-1.4722137307792496,-1.4478373753999898,-1.3789547561143427,-1.2789828252822906,0.7789730064112409,3.834834834834835,1.8504070195423021,0.5755755755755753,0.6158940397350994,0.9422933616120626,0.9141161687063204,0.9648131297426215,0.167185694081884,-0.16044625449791325
20,1.0,19.0,5,6.502738464924397,51.088730073348,5,0.40219056183524093,12578.44140867727,42.84568393661428,4946.167949207509,115.4414516179704,0.6433121778536122,0.9421750617863028,16.80484486369741,0.998191197767332,0.10838709677419356,0.3216129032258065,0.33701103309929786,0.26924731182795697,0.44322580645161286,0.6074721009218826,0.4898924731182796,0.28086021505376346,1.7442572741194486,0.6488456330567471,0.5979077753513709,0.5384880531497153,0.5818854212614636,0.8128798492210745,0.7417608428315735,0.6152398598469281,0.6809220541080508,-0.7771715094689746,-0.88990669230781,-1.0214138570845774,-0.9253672141908025,-0.35205742281692465,-0.48586435915468673,-0.7239074080535917,-0.6003295681455243,0.7921547341899804,4.033033033033034,1.4360089846512607,0.48748748748748744,0.6291390728476821,0.9291387684172132,0.8747078952451492,0.939648754747578,0.2111963712199428,-0.11756641390565559
20,2.0,0.0,5,10.056531161102106,114.167251214,3,0.4667793107738393,29412.261706546324,443.6293795175696,9751.887373901684,21.982059403970265,0.9055763526807821,0.9352707564853182,36.98489774974441,0.9995873366336164,0.10193548387096774,0.3994623655913978,0.25518169582772543,0.2724731182795699,0.3949462365591398,0.6898992649060712,0.33860215053763437,0.26387096774193547,1.2832110839445803,0.7514919710445878,0.5216159454573605,0.39318068882811014,0.37425352127067907,0.9921535509049809,0.5551531573032212,0.3790929813068845,0.3152296247847047,-0.6255002986156792,-1.2041034256607006,-1.527377855513394,-1.5750179619875646,-0.016029494278839262,-0.9087766751069895,-1.2684496366834814,-1.3989159527970456,0.7797934572169488,4.0990990990990985,0.9098272894455567,0.2892892892892895,0.5860927152317881,0.9551544815958386,0.8809571251027244,0.9601690059936367,0.23297068069279153,-0.11277306657788795
20,2.0,1.0,5,6.121137252278179,46.23631068754585,5,0.39945317813656833,19868.255791662952,1385.916139634915,3208.770200088108,2.31527010063782,0.7959954361033793,0.9268231103680803,23.143553149869586,0.9968532699123085,0.10838709677419356,0.2727956989247312,0.3973196689002759,0.2563440860215054,0.34559139784946236,0.7417548226509023,0.3590322580645161,0.2550537634408602,1.4076728499156828,0.08212038406722523,0.13302990511100052,0.20830626101853733,0.27713325292972935,0.12447834653649345,0.18187694484915748,0.2748738855011757,0.373444817117684,-2.088869945363365,-1.9730123028193405,-1.8017016922313327,-1.645068259766496,-1.3380044737324621,-1.2502858193456712,-1.1081644655863503,-0.9575247333066025,0.7754229755429466,4.011011011011011,1.4005083955986373,0.5535535535535532,0.5827814569536424,0.9436569995485042,0.9014853238847115,0.9767581159735039,0.18277308767046305,-0.164246129308113
20,2.0,2.0,5,6.1894531367068515,51.054543534274956,4,0.22588701380386655,7367.927323861697,30.273649558505074,3699.100816436486,122.18879687061917,0.6015349247026569,0.8501759947517951,13.16214998256194,0.9974762362742557,0.10516129032258063,0.25946236559139785,0.4053046000828843,0.2563440860215054,0.27215053763440855,0.9419201896483606,0.3286021505376344,0.2150537634408602,1.5280000000000002,0.1122670432513328,0.17800824481394245,0.18186360403877302,0.22960794429714954,0.11225287928836807,0.17882727401796206,0.21216717303328014,0.2435834903797652,-1.8372444510275434,-1.701187028740152,-1.6932080106258756,-1.5943967368742042,-1.3484228262577496,-1.247301198934738,-1.19666033532783,-1.1489412513244943,0.8067005142589633,3.878878878878879,3.0724688427090037,0.8178178178178177,0.6125827814569537,0.9802686736838436,0.9201396541402851,0.9849354085343243,0.18114423403354663,-0.15642571624611487
20,2.0,3.0,5,8.39202601615231,92.96924492756762,3,0.3246366301602115,9169.314751359176,20.36878245504627,2528.6472688373383,124.14327043936187,0.7323691463051885,0.7992012997338358,8.943998393062156,0.9954314305050238,0.10193548387096774,0.35193548387096774,0.2896425297891842,0.2564516129032258,0.37752688172043014,0.6792936485331814,0.3460215053763441,0.28387096774193543,1.2189393939393942,0.6905269703800293,0.5983246360261788,0.535177264081022,0.5179285295483249,0.5974766535487588,0.5773098078186201,0.5526260431677009,0.5336679309982956,-0.834774106017119,-1.083481146263705,-1.2538151848310748,-1.3003420080800678,-0.9542847197056161,-1.002095394277912,-1.060614582391725,-1.1055596443793783,0.7647152256247682,3.724724724724725,1.5892828656229763,0.7957957957957954,0.6423841059602649,0.9861104545351476,0.8969231284496249,0.9628565859034511,0.19766456453669728,-0.15536460271886893
20,2.0,4.0,5,7.971702782429599,83.33673572619834,5,0.445305147887222,18554.430894914047,352.8874685103476,5059.773215975911,14.33820599335775,0.6811924078393002,0.9542408164236128,29.48775113162026,0.9972527122645067,0.11161290322580646,0.15634408602150537,0.7138927097661624,0.27279569892473116,0.14258064516129032,1.9132730015082955,0.2335483870967742,0.17516129032258063,1.3333333333333335,0.11271474105078116,0.1035483478459612,0.12476511612779186,0.16818543323900392,0.0922061941334322,0.1118409414152766,0.14372180227199682,0.1974448964561928,-1.7457788224993074,-1.7638141667972926,-1.722069097356874,-1.6366374176186933,-1.4057318277654733,-1.375327137839359,-1.3259591640624577,-1.2427681763153275,0.8309844621190032,3.966966966966966,1.7589165903277326,0.5095095095095097,0.609271523178808,0.9588616255912065,0.9124023088914639,0.9823336375132298,0.17350253199876567,-0.13370293028157823
20,2.0,5.0,5,7.964032773480607,76.25979322779334,6,0.5776464833309618,25343.931718154236,2.5243060005728384,6661.272753722458,2638.8531153555955,0.8413099781695645,0.9469805131996877,6.3966616408426225,0.9981483920120143,0.11483870967741935,0.11989247311827955,0.9578475336322871,0.2825806451612903,0.239247311827957,1.1811235955056179,0.3265591397849462,0.24107526881720429,1.3545941123996432,0.08784751860158778,0.10333831535760155,0.12442949561592476,0.26862220525496916,0.10566079148689243,0.1234824173981762,0.15219405184827595,0.25055750166061885,-1.958550999390515,-1.925289547948391,-1.880003093089511,-1.5703961125379498,-1.5036584736981058,-1.4736948552393645,-1.4254217928222623,-1.2600426688784414,0.8018355153167018,3.988988988988989,2.154434690031882,0.7297297297297298,0.5993377483443708,0.9045767936569038,0.9061483509879734,0.9757599182312204,0.16675525962533605,-0.12079864467887932
20,2.0,6.0,5,7.199392111809121,64.79584732621105,4,0.45696825569470145,19818.03660658518,761.1768924113366,6024.354803365119,7.914526653956258,0.6133691027839849,0.9433153400594739,35.171805552032055,0.996618184411926,0.10516129032258063,0.3755913978494624,0.2799885485256226,0.2756989247311828,0.3947311827956989,0.6984472895668755,0.3804301075268817,0.28698924731182796,1.3255901086549269,0.6434452468763978,0.46529788279382245,0.4800025885715667,0.43525583090954767,0.9647379147982982,0.45471936539518604,0.34358637269567766,0.32637830036993287,-0.8448495349965117,-1.2669662404603805,-1.2321237268499081,-1.3381502966044088,-0.07479674856881058,-1.1566309335560614,-1.39236249807067,-1.4288636820403722,0.8263806394287583,4.011011011011011,1.05931476351837,0.3333333333333329,0.6258278145695364,0.9701740711922024,0.8892245075621028,0.955118790691402,0.20541906032729637,-0.1389698954464969
20,2.0,7.0,5,6.312160232538466,47.07973951734627,7,0.5012626294827136,11309.055698027449,167.08276419023233,7138.335006513604,42.72334756436183,0.7213721640429844,0.9301397627584023,7.962787124333658,0.997368018398501,0.10516129032258063,0.16978494623655913,0.6193793540215325,0.2789247311827957,0.11279569892473118,2.472831267874166,0.3065591397849462,0.17806451612903226,1.7216183574879225,0.07581115104082706,0.09466903805693284,0.0775689750742916,0.09058302451980908,0.09597024839961407,0.0985849332530793,0.08531119408373593,0.09908101807311616,-1.8709168771024174,-1.8327411956660344,-1.8673583591059184,-1.8410128727104862,-1.4032519368293723,-1.3991933739575995,-1.4197971208645734,-1.3984233417951446,0.7393076284606075,4.011011011011011,2.6388908144575076,0.6856856856856854,0.5728476821192053,0.9660081415376087,0.923122323989254,0.9868084342221337,0.1706007854250196,-0.18928946844815575
20,2.0,8.0,5,8.569461686767474,93.36256656181958,4,0.09856146551026213,7690.285923499106,184.33526744506304,2372.314856450419,12.869565815219998,0.6855842505068996,0.8922569243127902,215.5110078266627,0.9982295282289616,0.10193548387096774,0.4121505376344087,0.2473258544221236,0.26602150537634406,0.47677419354838707,0.5579612088407758,0.491720430107527,0.31086021505376343,1.5818056035973715,0.21449918637732243,0.4571872444305295,0.6163897195455168,0.637435644769405,0.2672578948547478,0.4177536903497364,0.7424332589498996,0.7616122796490139,-1.786791635686439,-1.2347451136585768,-0.8726046219076904,-0.8247311092350613,-1.347636533158671,-1.0708493379481285,-0.4737087544558767,-0.43843529496331857,0.7767704576939187,3.7467467467467457,1.5892828656229763,0.3993993993993996,0.5927152317880795,0.9642920909236117,0.8826312746894133,0.9688515191547699,0.21803870498200836,-0.1386219706321589
20,2.0,9.0,5,8.32813669907245,78.61278243120945,4,0.5399433658582831,20863.91571028554,146.02610698969374,7428.278895125428,50.86952633510734,0.907945215377851,0.9449130426051489,45.93728221178618,0.9988192595854236,0.10193548387096774,0.2724731182795699,0.3741120757695343,0.2627956989247312,0.3978494623655914,0.6605405405405407,0.46913978494623654,0.3270967741935483,1.4342537804076267,0.43841652905463324,0.30028599683559515,0.3914966686047844,0.5051888395878489,0.41202172536185017,0.2951575465945934,0.3620077825505087,0.5207675689703919,-1.3271723589545472,-1.6536118533011006,-1.4380565731395158,-1.1693714807804911,-1.1227039779484538,-1.3458480702406783,-1.2182021535940346,-0.9150612869326917,0.7584190879904438,4.033033033033034,0.7060717714137765,0.5755755755755753,0.5794701986754967,0.9485375236324312,0.8796830725268425,0.9557238097461369,0.20591521449011319,-0.09046114357852938
20,2.0,10.0,5,8.254013805317888,85.92045008855355,6,0.672028978140573,25194.119612545823,1041.0574775290168,7732.33140298412,7.427381839989331,0.8796887685562084,0.9582274688839705,15.086199936252468,0.9992342765940447,0.10193548387096774,0.23301075268817203,0.437471158283341,0.27655913978494623,0.3517204301075269,0.786303882604708,0.35870967741935483,0.31408602150537634,1.142074631975351,0.15698064885913057,0.23342611828565946,0.26626542702016853,0.41895631037337516,0.1502525035482881,0.15153098602013676,0.17075035608918968,0.40280250090598574,-1.9189739514732767,-1.7449603130685012,-1.6702078439103154,-1.3226359555714367,-1.4762149184684545,-1.47399388821438,-1.4406052393063518,-1.0374750865591198,0.7614963299134012,4.143143143143144,1.0069386314760271,0.5095095095095097,0.5529801324503312,0.9513120968240278,0.8882527601627944,0.967681080176,0.1950057181246226,-0.1052517543268888
20,2.0,11.0,5,9.010609438104039,98.02081766444495,5,0.5038168133189542,15904.264283312263,620.7039876835178,3913.4318687356476,6.304827979824441,0.7729395562534566,0.8866697062010516,98.43289102936899,0.9979578506917762,0.10193548387096774,0.31870967741935485,0.3198380566801619,0.26623655913978495,0.384516129032258,0.6923937360178972,0.42387096774193544,0.30301075268817207,1.3988644428672816,0.6027954985842552,0.42695129469830473,0.384637605251385,0.49262612335439604,0.5270543484141723,0.419473715039245,0.41424512924147655,0.5180027357650242,-0.8831557890204946,-1.2741327947544518,-1.3682142557063475,-1.128109512254318,-0.8918012175416113,-1.0946586484239145,-1.1045178344949478,-0.9088692234618654,0.784355483622758,3.8568568568568558,0.8873348085093646,0.4654654654654652,0.6192052980132451,0.9463553966542423,0.8793699510591122,0.9498137003214121,0.20800780697143617,-0.12101043544120575
20,2.0,12.0,5,11.697762482895365,161.81543954758877,4,0.5141794762452025,14899.20131125514,332.98551221362203,7907.753663033912,23.74804119994508,0.7722644084123563,0.9606569955369854,14.868319306329376,0.9984638183315585,0.10516129032258063,0.13311827956989247,0.7899838449111469,0.2664516129032258,0.34118279569892473,0.7809643870154427,0.4510752688172043,0.31956989247311823,1.411507402422611,0.07237826579469851,0.09241078320848546,0.18957853698972124,0.4232251295423293,0.08033928259543618,0.10395685779295458,0.14056997578430994,0.34116859357447493,-2.11065135978942,-2.065070646703134,-1.8439813340192868,-1.3123567718761755,-1.808601389242682,-1.7621551525986687,-1.6901519292245626,-1.295655424209817,0.7655679026120092,4.033033033033034,1.8504070195423021,0.6856856856856854,0.6059602649006622,0.9582314922900457,0.908752083965912,0.9668847090679284,0.1756805892545731,-0.10769516289291399
20,2.0,13.0,5,6.214896063297895,43.170335320252754,7,0.34073388742543476,14634.608898105116,160.05581400037022,4474.386918275219,27.95516642878633,0.6724240393835421,0.9112061813022543,251.2182049660334,0.9977307464645114,0.10193548387096774,0.24591397849462365,0.41451683428071706,0.31645161290322577,0.33774193548387094,0.9369627507163324,0.35333333333333333,0.24709677419354842,1.4299390774586596,0.3186561016219795,0.3010970483286719,0.3988030475546458,0.5030457597073434,0.14795817748896595,0.17196520185124767,0.22787302527609513,0.34549327663093277,-1.8901840989697833,-1.9388964209073296,-1.6678404584916728,-1.3786503484553554,-2.207769440056916,-2.145563603050528,-2.00069796294179,-1.695926073097544,0.7916328785367166,3.988988988988989,1.2975171686575868,0.5755755755755753,0.609271523178808,0.9646374377577711,0.8861251489548951,0.9542949516021726,0.21591834179253044,-0.13371880795106697
20,2.0,14.0,5,4.925768356567625,25.296795662011753,5,0.2873174727155491,12385.751365135751,127.48393460825228,3119.0159946826634,24.465953331822906,0.5170529881135887,0.8935337358076373,31.69109139355455,0.9967804889516263,0.10516129032258063,0.2661290322580645,0.39515151515151514,0.2724731182795699,0.3088172043010753,0.8823119777158773,0.3636559139784946,0.24150537634408603,1.5057880676758681,0.20167039284072794,0.17486662568323807,0.18820706517142172,0.23574769306475257,0.13443006204972194,0.13524244316862932,0.1712671238420243,0.20680461924273413,-1.8776747624731143,-1.940717341226909,-1.9093405686224267,-1.7975248018176968,-1.6310893831981872,-1.6295585234027345,-1.5616732242452507,-1.4947059823019635,0.7556247526773184,3.988988988988989,1.473356144568958,0.7957957957957954,0.5894039735099338,0.9375534890055703,0.9093377009268064,0.9772148324625554,0.16804536459571265,-0.1556307817037868
20,2.0,15.0,5,10.041793345896927,115.84348055711507,4,0.3223239134424908,15930.910749867044,1461.91006696336,4544.079314300788,3.108316590048269,0.6951441002219987,0.9073237225093411,23.658082970024495,0.9967641281344506,0.127741935483871,0.1332258064516129,0.9588377723970948,0.2918279569892473,0.2587096774193548,1.1280133000831256,0.618279569892473,0.25086021505376344,2.464637805400771,0.17435625479243083,0.17581138350835546,0.2039271754195576,0.3470902817869945,0.19931969487312584,0.19225279953580288,0.21239587991276088,0.32245478159311486,-2.0893071990902534,-2.085624968201409,-2.0144774220725035,-1.652200458777139,-1.794133500100394,-1.8099687262015096,-1.7648328897532923,-1.5182171540787532,0.7926061571482488,3.944944944944944,1.2975171686575868,0.6636636636636631,0.6490066225165563,0.9898479107741452,0.9122963474579123,0.9749634958210941,0.19019656092595058,-0.13081950422025182
20,2.0,16.0,5,9.242956584138758,92.81237134967897,4,0.3905521210253564,22794.090760460447,657.9232581711576,6772.963321273112,10.294457958668392,0.8826477109893135,0.9538213337374049,54.68653819777682,0.9993323268301734,0.10516129032258063,0.40419354838709676,0.2601755786113328,0.2627956989247312,0.43021505376344094,0.6108472881779554,0.38118279569892477,0.3075268817204301,1.2395104895104898,0.5936276557020045,0.44441792839567534,0.4208602246767964,0.4367234742914321,0.7447240464488399,0.49603223513664757,0.41735628860519447,0.4618628871758937,-0.8788185031463829,-1.2014986044036449,-1.252444359473556,-1.2181385867580077,-0.42537624713209743,-0.8397810820444587,-0.9708818708557634,-0.8967187951361202,0.803490588344927,3.966966966966966,1.2975171686575868,0.3553553553553552,0.6622516556291391,0.9654317791433331,0.8842240700417262,0.9692142571959035,0.20960535679554093,-0.12179113407860598
20,2.0,17.0,5,8.322221983009301,77.31993819449181,7,0.4114812473988759,22776.241678330276,36.35045029667785,6111.793168575234,168.13528082027102,0.8141580007145012,0.9348278820989323,162.3409798757132,0.9991267993981655,0.10838709677419356,0.347741935483871,0.3116883116883117,0.2595698924731183,0.45892473118279564,0.5656044985941894,0.5621505376344086,0.3367741935483871,1.669220945083014,0.7504623481977437,0.6340161179860023,0.5145177071581059,0.5573759043062766,0.9161658898267409,0.8212363424513514,0.6117346781096952,0.6672056625917485,-0.588592261402233,-0.8632576254347808,-1.1451222633167693,-1.0440312936900507,-0.1575204518316764,-0.3358887217858033,-0.729532749955047,-0.6253053117308851,0.7942704848390117,4.121121121121121,1.5107033044866556,0.4654654654654652,0.6324503311258278,0.9808385889133189,0.8824483925499459,0.9688620114345875,0.21464151361022082,-0.10999519933447402
20,2.0,18.0,5,6.14658396068711,45.51084345072919,6,0.421958452946128,22609.15321662203,182.2821000859193,4067.033574494234,22.311755090473632,0.7229198826900923,0.921935851574248,38.21259502482149,0.9977903183179906,0.10516129032258063,0.24924731182795695,0.42191544434857636,0.26623655913978495,0.295483870967742,0.9010189228529839,0.38193548387096776,0.22774193548387095,1.6770538243626065,0.1257934315862526,0.3007277860426697,0.3426157129941603,0.41378064611103954,0.13996482014968836,0.3346478749500013,0.3916264581072175,0.4654810914788227,-2.258791339861913,-1.8067926713922018,-1.6985618595207275,-1.514684569605216,-1.8769098418015897,-1.4520405455824472,-1.3276925351693118,-1.1665148397848737,0.7214870382632365,4.033033033033034,2.266498079273693,1.874874874874875,0.5927152317880795,0.981569449667285,0.9032226284290971,0.973336731685329,0.18490728046437924,-0.14258375846757884
20,2.0,19.0,5,10.63844178502072,135.09686477819795,5,0.41857032184187326,15151.519423210379,481.56149985160766,3813.741268689706,7.919531087649041,0.77909344411345,0.8899095553643303,15.29310919723781,0.998524236139357,0.10516129032258063,0.1564516129032258,0.6721649484536082,0.26924731182795697,0.16956989247311827,1.5878249841471148,0.2896774193548387,0.12870967741935485,2.25062656641604,0.09982564999445968,0.05966234406251518,0.05573895527054582,0.08663911058733195,0.04318810596233407,0.04214244110375356,0.052953482051117155,0.08289875769088968,-1.4505877767926045,-1.515309017361281,-1.521631370164603,-1.4718372523881442,-1.089742888674383,-1.090933828973804,-1.078620797473076,-1.0445151896925025,0.7986221184915764,3.878878878878879,1.0069386314760271,0.2672672672672673,0.5629139072847682,0.8888913180595645,0.8934848457428881,0.9558243244681476,0.17859969873365514,-0.15226260474801542
20,3.0,0.0,5,8.2142570332741,86.48263295914234,6,0.16049286713956523,9931.59803389029,55.93316502474442,2500.3788201489792,44.702973969787514,0.5777010388557355,0.9060236731193295,66.02475269008076,0.9976700390226109,0.11161290322580646,0.2258064516129032,0.4942857142857144,0.2759139784946236,0.28193548387096773,0.9786422578184591,0.3858064516129033,0.31623655913978493,1.2199931995919757,0.6993484107799002,0.4198050549538857,0.2993153866149625,0.2841670632818391,0.7431342973893971,0.05767259784491865,0.08795721948378152,0.17256930687939204,-0.6350687506521693,-1.225550411494404,-1.4800616992510647,-1.5120596234882089,-0.39491999944888634,-1.4487879594571993,-1.402226652753438,-1.272139197838138,0.8071399165339168,4.0990990990990985,0.9098272894455567,0.3773773773773774,0.5993377483443708,0.9447086991767584,0.8907338409850464,0.9421161847764665,0.19064983900467244,-0.14230261594132132
20,3.0,1.0,5,8.040382182829472,74.62855402009377,4,0.3450348179320444,11927.68716914371,549.565784713067,3194.01258245291,5.811883984226804,0.8381444543197795,0.9352038079935412,83.4346813247687,0.9983196013099106,0.11806451612903228,0.12645161290322582,0.9336734693877552,0.28548387096774197,0.07634408602150537,3.7394366197183104,0.3217204301075268,0.14870967741935484,2.1634128705712214,0.039958426905873895,0.05850587711593285,0.07485945730348809,0.11626938870140975,0.04860734177152979,0.07213506595635796,0.08574360013740605,0.1374648064647226,-1.6872706977828085,-1.6546735997663564,-1.6259322229055877,-1.553154370567667,-1.3058007142725048,-1.2735085594192586,-1.2548306418421955,-1.183842509254539,0.804509372013292,3.6366366366366356,1.5107033044866556,0.5315315315315318,0.5662251655629139,0.9434042232179707,0.9220630479459971,0.9820025125445294,0.1554506395973158,-0.13962160969067655
20,3.0,2.0,5,6.082743189167979,42.39625181079357,5,0.5431073749018528,16250.109580486187,315.43470463609367,4575.123777786054,14.504186478352848,0.8385652186446226,0.9536217388678411,15.743091597974065,0.9996345536886441,0.11806451612903228,0.11000000000000001,1.0733137829912025,0.26924731182795697,0.1856989247311828,1.44991314418066,0.35236559139784945,0.2511827956989247,1.4028253424657535,0.045320697878515566,0.04102252281685341,0.04441532353039787,0.14830034790165122,0.05304544979372212,0.051795679827192444,0.05937754224599671,0.09912200290524692,-1.9310571753207608,-1.9397512171578082,-1.9328885019530644,-1.7227572869212828,-1.3501782683223238,-1.3519602041595218,-1.341149900888843,-1.2844818094195936,0.7767138732757142,4.011011011011011,0.7814350607844542,0.5095095095095097,0.5364238410596026,0.9229167695087455,0.8856344057315082,0.9715647334828436,0.18385902290931716,-0.13299719678456368
20,3.0,3.0,5,4.778196752831729,25.267853615531532,4,0.4800402459729286,16467.311628484757,137.95828781268213,5161.772390570378,37.41545703712242,0.8245002283379352,0.9455107860911357,74.48189090582703,0.9957715989157147,0.12129032258064518,0.18290322580645163,0.6631393298059965,0.2693548387096774,0.24913978494623654,1.0811394044022444,0.2829032258064516,0.181505376344086,1.5586492890995263,0.20763153127175826,0.2111876119502806,0.19847837098858673,0.27684301151194934,0.18862714129995417,0.2273076897443442,0.21423484462722775,0.2701530898430038,-2.084686507427542,-2.0753306159421854,-2.108768068589706,-1.9025941542987106,-1.8042731314321285,-1.7182580848121476,-1.7473285459981147,-1.6229815379390784,0.7557062535436081,4.143143143143144,1.6719497597319883,1.1921921921921912,0.6158940397350994,0.9689110244313054,0.9086477728337985,0.9744691504625872,0.1938795810774738,-0.1701296834402724
20,3.0,4.0,5,11.066684777265131,148.96720557053993,4,0.4523138479447014,20229.6394384764,503.1715088478516,6004.68379596504,11.933672098633727,0.8295970524078528,0.9191213487474224,24.101871004387114,0.9993142706619357,0.11161290322580646,0.12978494623655915,0.859983429991715,0.2724731182795699,0.09967741935483872,2.7335490830636457,0.2840860215053763,0.15150537634408603,1.8750887154009932,0.03354075133133007,0.039370103928491024,0.05658990957156699,0.08984740136785363,0.044949078614928216,0.05269112861308772,0.06812349094004844,0.12061947698237432,-1.8136287633147992,-1.8026895731148207,-1.770375396540905,-1.7079653737690814,-1.2901319296135147,-1.2796735700856223,-1.258826740935924,-1.1879124616517065,0.800340958553424,4.055055055055054,1.5892828656229763,0.5315315315315318,0.5529801324503312,0.9675015209923187,0.9216096169534599,0.9869499975132522,0.16485232008367995,-0.13974851618553644
20,3.0,5.0,5,8.81810310597667,98.28292813079317,4,0.4422951799056133,18046.23675463807,139.26887204193804,5243.741925630758,37.651930749117504,0.6614529368095382,0.8913418514299494,392.8858394902013,0.998322845284971,0.12129032258064518,0.1396774193548387,0.8683602771362587,0.2918279569892473,0.14913978494623656,1.956741167988464,0.37086021505376343,0.24086021505376345,1.5397321428571427,0.3584017105214837,0.1910989174004672,0.12659474337053672,0.15960044065370899,0.48705765467968776,0.06147479380394392,0.06642635084468033,0.11497061603777181,-1.425454262904744,-1.7971548792577883,-1.9404653452517795,-1.8671357983000856,-0.9063176779372076,-1.6582799086980842,-1.6495310040301892,-1.5637581562464942,0.7700141888664997,4.033033033033034,1.5892828656229763,0.5315315315315318,0.5695364238410596,0.9642438895841073,0.9096352591814699,0.9717056748795709,0.18221394897650467,-0.13704623976771282
20,3.0,6.0,5,13.865401001331811,215.40542920255425,4,0.5228739379643406,27510.57101879541,674.1496309869697,8656.402796422033,12.840476948342866,0.8386297889576726,0.9548370362094095,19.29800893854509,0.999732426427461,0.10838709677419356,0.1531182795698925,0.7078651685393258,0.2789247311827957,0.12311827956989245,2.265502183406114,0.25709677419354837,0.14516129032258066,1.7711111111111109,0.09104327816850409,0.11622277865499606,0.09471416819197274,0.11022476206567501,0.0650470277539373,0.14436156862960384,0.09943096583118033,0.13729444212378827,-1.5021842554435902,-1.4605714390330038,-1.4961175714483297,-1.470484040885172,-1.0836056513585426,-0.9916805093684479,-1.0437548452511987,-0.9998712723778114,0.7661823744626537,3.7687687687687688,1.2333634979137746,0.3993993993993996,0.5397350993377483,0.9614542170592109,0.9246328374606644,0.9910684141185757,0.1806494738258656,-0.1050031638786435
20,3.0,7.0,5,6.894213035201177,56.343483354562416,7,0.6877161373068406,22552.00916439034,0.9851591702044813,6918.493887207969,7022.716832420039,0.8924365459327904,0.9613408719858858,12.358902605592789,0.9987595975193141,0.10516129032258063,0.10333333333333332,1.0176899063475546,0.2756989247311828,0.06311827956989247,4.367972742759796,0.32344086021505375,0.2836559139784946,1.1402577710386657,0.03781129406598517,0.04022230264225499,0.05138722740300749,0.09675668543217261,0.053034551927638306,0.058800463485000565,0.07458530587527473,0.11960945865570687,-2.0503706514508657,-2.0452329261848208,-2.021441092094561,-1.9247612987842335,-1.3677146890290712,-1.359386906902807,-1.336588650804727,-1.2715596729848515,0.7512749053050665,3.9009009009009,2.266498079273693,0.6196196196196196,0.5794701986754967,0.981165933937023,0.9182904456818992,0.9852607772160124,0.18015013104013677,-0.14279062211839463
20,3.0,8.0,5,12.36492960977409,178.72708388115927,4,0.4964454268226193,20722.177126033843,1233.569920579054,8149.69839941618,6.606596240276842,0.8226863429326834,0.9332156157857652,14.138698415415952,0.9993074296648025,0.1374193548387097,0.05,2.748387096774194,0.31440860215053756,0.06946236559139785,4.526315789473683,0.3236559139784946,0.19763440860215054,1.637649619151251,0.017948986620264767,0.023198756264550265,0.030627194382594446,0.06855704777878285,0.026736493266014873,0.031324879199346504,0.03988542591536416,0.08709688037808673,-1.897000015388209,-1.886859184657104,-1.872509881991305,-1.7992418628192506,-1.3513509510305366,-1.344980097041045,-1.333094001583863,-1.2675421305373173,0.7809399356966696,4.055055055055054,1.1144152514667882,0.5315315315315318,0.5728476821192053,0.963993615546061,0.9178904197944525,0.9849398105779178,0.16594453946311435,-0.13222896562610467
20,3.0,9.0,5,7.701217294817588,72.15649982423415,5,0.22211925152471557,15846.23315024364,11.46375101424272,5063.336846395125,441.68238128203996,0.8033757218732838,0.9202471290719639,38.54095166312086,0.9990229269110733,0.10838709677419356,0.29913978494623655,0.36232925952552125,0.26924731182795697,0.3456989247311828,0.7788491446345256,0.39365591397849464,0.30075268817204304,1.3089023954236683,0.2861958217655649,0.22403303059025478,0.22911697960434574,0.32486076358905075,0.5071215993193815,0.2016563502786299,0.2455637904544887,0.38140121822057665,-1.3623861882715755,-1.4810317926320447,-1.4713284284183379,-1.2885892222171957,-0.7201738282951585,-1.166507198775645,-1.1023514369519916,-0.9038713245247045,0.8232898697773958,4.121121121121121,1.6719497597319883,0.641641641641642,0.6390728476821192,0.9639250906256116,0.9081105451033419,0.983515030535353,0.1844264117486643,-0.10918533010379074
20,3.0,10.0,5,5.449198573079501,33.08678439026007,6,0.4607960773583808,11460.796912126496,5.098239130172348,3235.325577129115,634.5966704429071,0.7188458584000508,0.9279749146750204,12.791863949365833,0.998140180562943,0.10838709677419356,0.18989247311827956,0.5707814269535675,0.26924731182795697,0.17913978494623656,1.503001200480192,0.2827956989247312,0.2511827956989247,1.1258561643835618,0.048393627965986806,0.053400857562966204,0.10764113998556586,0.14817650395278684,0.07412864964945759,0.07593268723500833,0.09697157776892533,0.1412412326931674,-1.59318975109218,-1.5848065927719792,-1.493996921261139,-1.426132173475424,-1.0586421537905601,-1.0565794155555306,-1.0325235287633137,-0.9819055645949433,0.8227028126386227,3.988988988988989,0.9098272894455567,0.3553553553553552,0.6258278145695364,0.9639406855164963,0.9056832515940538,0.9796488459035466,0.18290015974178,-0.13341233829235444
20,3.0,11.0,5,8.73753205950135,95.90973724043614,6,0.3652782405696151,14444.631362324622,916.6510330463848,3799.1372232247218,4.144584019720923,0.7983404854438931,0.9149561273364891,12.90992533099849,0.997129852603741,0.10193548387096774,0.2793548387096774,0.36489607390300227,0.24989247311827958,0.40419354838709676,0.6182495344506518,0.32967741935483874,0.30010752688172043,1.0985309924758153,0.5208719593867602,0.2797636780732192,0.25547927199020676,0.3833515730002663,0.8311289862744737,0.11639770876083255,0.16862684252059343,0.4140214753011174,-0.9702019778841533,-1.458429991246188,-1.5076042762313144,-1.2486714882488585,-0.26824844002168047,-1.4035856775854774,-1.3206206775795484,-0.9308159030309697,0.8138550556529227,3.944944944944944,0.8648423275731727,0.3333333333333329,0.5761589403973509,0.9436812396984865,0.8797176271917431,0.9571128188478621,0.2064507495521719,-0.11379225276902181
20,3.0,12.0,5,8.07007698158524,91.32676741009112,3,0.4444277718618478,10716.957829954292,1519.9981700795722,5304.404407121185,3.489743942812443,0.699671441751044,0.8813136562316466,13.69065827509263,0.9975642001184056,0.12451612903225809,0.34881720430107527,0.3569667077681875,0.2918279569892473,0.3217204301075269,0.9070855614973261,0.33096774193548384,0.16118279569892474,2.053368912608405,0.28071045182357746,0.26226031263376365,0.30426340130736024,0.336920457291154,0.11877049218524054,0.12052196125252895,0.18187499000570795,0.29114777918406076,-1.81378526791113,-1.8603097735684626,-1.7543933402821994,-1.672044184525767,-1.8666338480174458,-1.8629238593984045,-1.732964933677609,-1.5015016370689982,0.7569407596704637,3.988988988988989,1.5892828656229763,0.7297297297297298,0.5794701986754967,0.9707746090361402,0.9164735327388819,0.979407414040143,0.18482697580445204,-0.1617546585700493
20,3.0,13.0,5,5.669292586269342,38.00672526276851,5,0.14716345962479338,12145.916635083044,428.60846422168925,2262.4709633181697,5.278642752486454,0.595513705025795,0.9321812427719328,30.356101534281834,0.9971934384724248,0.11806451612903228,0.30924731182795695,0.38178025034770524,0.2958064516129032,0.2886021505376344,1.024962742175857,0.3111827956989247,0.1911827956989247,1.6276715410573679,0.13024548876127778,0.19229908348548994,0.2683096956626881,0.3261563253393763,0.09163092681274745,0.12222258015120291,0.21929533457042577,0.27815189983219424,-1.9421352153669544,-1.803571436741237,-1.6338420651272982,-1.5046723107498452,-1.7952010119813069,-1.7347430234253098,-1.5428990779266518,-1.4265814173650293,0.7857319479645848,3.8568568568568558,1.7589165903277326,0.5755755755755753,0.5960264900662252,0.9696589152482558,0.9206090801859682,0.9856135773562389,0.18509899727610285,-0.1755395338136812
20,3.0,14.0,5,6.417764613820244,44.44094218817012,4,0.4892291578953183,20017.583049261186,340.8863189490638,8153.54645731598,23.91866732127289,0.8407380674845757,0.9515927085908404,84.91362426663864,0.9993635942972607,0.10838709677419356,0.32591397849462367,0.33256351039260973,0.26602150537634406,0.20946236559139786,1.2700205338809034,0.3004301075268817,0.15559139784946235,1.9308914996544575,0.11921068058360304,0.1308608328974014,0.18534203494293253,0.1866696074814508,0.1918362313461905,0.09556397942563877,0.21092059904336508,0.24867888069850633,-1.9117124089171647,-1.8864262930968452,-1.7681773682890656,-1.7652959336035217,-1.0859742023394388,-1.2153405338207355,-1.0603294855246594,-1.0095916012088941,0.8121946877013259,4.231231231231231,1.0069386314760271,0.5755755755755753,0.5728476821192053,0.9130640263271579,0.903073002468833,0.9798274712483738,0.17631073260642174,-0.11406929845255058
20,3.0,15.0,5,5.41868249006203,32.57850163137632,6,0.4037405534665769,14799.67523495313,1416.2729456064876,4426.348119842052,3.1253496252776096,0.7835700983583518,0.8982354276181749,15.696882228135028,0.9967587609499886,0.11161290322580646,0.30892473118279573,0.36129481378350153,0.2756989247311828,0.349247311827957,0.7894088669950738,0.39215053763440866,0.25161290322580643,1.558547008547009,0.2839851640654928,0.37838274734722693,0.3591834000762027,0.36876475288126087,0.38356447752958434,0.43958654472601694,0.435334188689984,0.47282555418798317,-1.576990639423446,-1.36908418588579,-1.4113698892119357,-1.390267388358207,-0.9969453585238419,-0.9063423062491011,-0.9132195325905101,-0.8525857088482307,0.7592117187573281,4.143143143143144,1.5892828656229763,0.641641641641642,0.6125827814569537,0.985435549735754,0.9127563121156026,0.9841626477095379,0.21216607637623008,-0.15586387477878524
20,3.0,16.0,5,5.817871458457725,38.82202008232422,7,0.5200768386758827,19383.256212410895,1643.2626196793951,3393.3000100230256,2.0649773014888315,0.858749168747959,0.9378624054407827,11.011083128366527,0.9985794954919297,0.10193548387096774,0.3818279569892473,0.2669670515347789,0.25311827956989247,0.4276344086021505,0.591903444807644,0.35989247311827954,0.29795698924731184,1.2078671959581377,0.5395917627679073,0.5248637461722222,0.46063872513176607,0.49112977058164925,0.4888587009606505,0.7059110551683845,0.5640973962014372,0.600200892101458,-1.072774068106631,-1.1070910785352048,-1.2567385685758141,-1.1856929177318085,-0.8915987499029674,-0.5129879664682804,-0.7603576884839576,-0.6973813023612088,0.7777682831701267,3.988988988988989,1.5107033044866556,0.5535535535535532,0.5529801324503312,0.9316437203903207,0.8725346373530211,0.9597748224850611,0.2152464490158827,-0.12941187669062829
20,3.0,17.0,5,9.492497665478794,110.53126772160618,4,0.3441292399627015,20221.585359466844,157.98340008373208,5821.960968783122,36.85172597689029,0.5492201863590127,0.9105193861255269,41.599787456712086,0.9985539322354114,0.10838709677419356,0.15301075268817205,0.708362614195362,0.28215053763440856,0.1393548387096774,2.024691358024691,0.30172043010752686,0.14795698924731182,2.0392441860465116,0.044690431428839,0.06266022522605129,0.07370876735136475,0.12095494662431433,0.060493167743261314,0.08038404000695756,0.0808023649438482,0.1318654469948098,-2.2078746631126105,-2.166343568134085,-2.140808603317081,-2.03161505435929,-1.4759422095239532,-1.444694136651806,-1.4440369584275985,-1.3638181078990015,0.7880222110576759,3.922922922922923,1.5892828656229763,0.5095095095095097,0.5761589403973509,0.9620356905498301,0.9241307887424106,0.9847290499348783,0.1784170019291907,-0.14151233392121876
20,3.0,18.0,5,6.700890061639134,54.37788846760477,4,0.3450041178800596,12378.478701025211,489.5230809018805,2280.9413109478855,4.659517395473075,0.6265087799788948,0.8988143859818694,16.87086902964337,0.9978335975771616,0.10193548387096774,0.33946236559139786,0.3002850807728856,0.25311827956989247,0.39182795698924733,0.645993413830955,0.29731182795698924,0.2646236559139785,1.123527021535961,0.28241055545021143,0.26991470734926265,0.2799822324737593,0.41492850416811033,0.3314896562580031,0.35350768001634936,0.3328593118208065,0.44124733553479484,-1.6584405491563288,-1.6873200447287775,-1.6640527126589886,-1.3521747013041954,-1.1235345257839071,-1.0865298479750927,-1.1212326088013995,-0.9390698525117986,0.7865531939314341,3.7687687687687688,1.9466563433422632,0.5755755755755753,0.5960264900662252,0.975204470430033,0.906997039341064,0.9826953561586329,0.1986138682406197,-0.14743165634956315
20,3.0,19.0,5,6.420217037341604,47.3233812201164,5,0.6331788985964367,12953.64420667489,78.5575932282192,6161.362596043118,78.43115277403705,0.8095077088844611,0.937032811608479,69.52447402764324,0.9990148951209713,0.10193548387096774,0.07666666666666666,1.329593267882188,0.2595698924731183,0.09301075268817205,2.790751445086705,0.2645161290322581,0.18516129032258064,1.4285714285714286,0.025852728348112038,0.028998201059010544,0.0344741097619599,0.08762530238762463,0.031349064649108374,0.03638168416643172,0.04160265537785551,0.07362429582185552,-1.9066844325264278,-1.9005278440666185,-1.8898099267848252,-1.7857778625388112,-1.453425557120512,-1.4458742942674063,-1.4380404165362866,-1.3899931077445244,0.8041786195975906,3.988988988988989,1.2975171686575868,0.3993993993993996,0.5529801324503312,0.9379019605308985,0.9069718046320123,0.9730740489784311,0.1695640834034378,-0.11889862930836093
20,4.0,0.0,5,9.914670227727074,111.72943614433134,3,0.5615871309174066,35002.73680322081,914.0911200689816,10630.549601931718,11.629638849494006,0.8478557179836699,0.964142665862685,143.67649276272863,0.9996428296329186,0.10516129032258063,0.10989247311827957,0.9569471624266144,0.2563440860215054,0.08655913978494624,2.9614906832298136,0.2509677419354839,0.151505376344086,1.6564939673527326,0.01970796147870374,0.022495777188391505,0.03268849588132938,0.06608571734425654,0.02689609741152722,0.028950201461175547,0.04425541207833387,0.07890462078960243,-2.19613323040666,-2.1898877295969927,-2.167053138117995,-2.0922338547046353,-1.5457637432618179,-1.5425008238999824,-1.518188682522214,-1.463148834859368,0.8106051375830878,4.0770770770770755,1.3650078065460138,0.5315315315315318,0.6192052980132451,0.9551990525079259,0.9111330184006604,0.9811363958563245,0.17220536437912337,-0.1312933869157325
20,4.0,1.0,5,6.020579885248981,39.114631998389775,6,0.5231127495457139,16084.499883227601,1084.3196837106354,7016.722498382263,6.471082840044399,0.715821262148847,0.9363610776860811,20.951209718566474,0.9990924123399578,0.10516129032258063,0.4387096774193549,0.2397058823529411,0.2759139784946236,0.3545161290322581,0.7782832878374278,0.40118279569892473,0.2832258064516129,1.4164768413059985,0.4472625288083864,0.5169435826920419,0.4323259797276489,0.33974925388876087,0.8557235319544144,0.7970361998585703,0.328035487825286,0.2388592320563543,-1.2043825860347956,-1.0525516495630867,-1.2369284519221078,-1.4386477170048655,-0.25663524221790057,-0.36102674757954123,-1.195273059285759,-1.3538974719107912,0.7995966241470742,4.1871871871871855,0.8017583181542541,0.5095095095095097,0.6125827814569537,0.9681759935535079,0.8935001340731372,0.9640897042850647,0.20693336603641804,-0.14563100224230133
20,4.0,2.0,5,8.696020403907056,92.89468862457129,4,0.19805989026935755,6454.869930079562,913.6052623675541,3233.0468536148496,3.538778711975235,0.8056591338452674,0.8640766176342334,66.70677074521701,0.9990437053804695,0.10193548387096774,0.18634408602150537,0.5470282746682054,0.2563440860215054,0.22569892473118278,1.1357789423535019,0.38838709677419353,0.27440860215053764,1.415360501567398,0.17370221664495766,0.1155393127787243,0.12509691406489848,0.1854658708624631,0.11368632206323362,0.10065250252474241,0.12370493171046465,0.17238672495809193,-1.4745666462362588,-1.578361040723388,-1.5613050587777586,-1.4535738607097646,-1.1234707778565918,-1.139992146915725,-1.1107714193184068,-1.0490635009043716,0.7705045072179277,4.011011011011011,2.154434690031882,0.7077077077077075,0.5860927152317881,0.9829657297269765,0.9172762602588339,0.9858471653977126,0.1838648788208401,-0.14964965039573644
20,4.0,3.0,5,7.531237506889093,69.6745622463725,5,0.24988736553143276,9454.775917235656,447.1622655648158,2548.0272434396693,5.69821615028546,0.5369122685739071,0.8021129572180394,82.68125864382051,0.993670474394169,0.11161290322580646,0.18634408602150537,0.5989613387189845,0.31129032258064515,0.22559139784946236,1.3798856053384174,0.4353763440860215,0.13204301075268815,3.2972312703583064,0.23617198143765297,0.21564228598734977,0.2544628278032169,0.2971746123707203,0.15723456214770135,0.1904510508237462,0.22877843470176445,0.26780970184265346,-1.7572023265226289,-1.8044313201329611,-1.7151238520407277,-1.6168644986417609,-1.6945320890320408,-1.6277443407233685,-1.5506802147484566,-1.4722008043749502,0.7553375874065873,3.878878878878879,1.3650078065460138,0.7517517517517519,0.6225165562913907,0.9654123196894987,0.9060986089471701,0.9687815521181296,0.1866880321620209,-0.17029578887849334
20,4.0,4.0,5,8.408305381469345,88.2221358602433,5,0.4090595895008703,16004.110763515484,497.20049086296126,4623.071839605907,9.298204496101597,0.590546877323304,0.9359215147446145,17.701375491453902,0.998191772189308,0.10516129032258063,0.19279569892473117,0.5454545454545454,0.26602150537634406,0.41817204301075267,0.6361532527642066,0.3908602150537634,0.2939784946236559,1.3295537673738111,0.10614415404786091,0.22682373818500043,0.2342351404983848,0.43088759502975776,0.1211644412992837,0.1899757201751939,0.2306195250123235,0.4781936477459323,-1.8230362458755238,-1.5769079053657162,-1.5617922073353776,-1.1607157316658576,-1.3759707669984382,-1.2682346754900231,-1.2045996908085201,-0.8169791033457663,0.8045644966757016,3.79079079079079,1.1144152514667882,0.5975975975975976,0.5529801324503312,0.9915190872013002,0.9169639300800174,0.9843651224552122,0.18677963150225346,-0.14670083643977813
20,4.0,5.0,5,5.7527931785499185,36.70702165952259,5,0.30006359636069624,13166.925212505656,423.2502562992492,5925.3249522870665,13.99957794260071,0.7042110522296527,0.9488658648400095,8.145342403341402,0.9988625351487459,0.10516129032258063,0.29612903225806453,0.35511982570806094,0.289247311827957,0.39838709677419354,0.7260458839406208,0.37655913978494626,0.28795698924731183,1.3076923076923077,0.2382117041766837,0.3230567019925479,0.38096907050775075,0.48827315388359277,0.2552192529986451,0.3018341020904658,0.3739932694851249,0.5037277770802963,-1.7913641794369077,-1.591849050725882,-1.4556666716144218,-1.2033384429967204,-1.4573924379500254,-1.366176158748225,-1.224974569806567,-0.9711091321302774,0.7946634983033313,4.0990990990990985,1.5892828656229763,0.6196196196196196,0.6059602649006622,0.9491270675656882,0.8821801711718981,0.9741244682910268,0.2095691086736516,-0.13709078052616375
20,4.0,6.0,5,4.372571543509879,19.018198384268427,4,0.40498761686540785,16848.129629939613,1424.1603733538823,2491.857097278738,1.7497025924197296,0.76102828596317,0.9424543322027069,31.977952368351367,0.9979503886321541,0.10193548387096774,0.12666666666666665,0.8047538200339559,0.26301075268817203,0.12612903225806452,2.0852514919011083,0.23688172043010752,0.1979569892473118,1.1966322650733299,0.049831730665526854,0.05838658742005686,0.06752577697821252,0.12248053607802797,0.06121068371261779,0.07264933669770049,0.08108946316589818,0.11521868467908954,-2.0848934973771605,-2.0661221220385526,-2.0460685825802813,-1.9254848674690779,-1.67116015913069,-1.650797953456696,-1.635773492859449,-1.5750192913943657,0.7163906523153374,3.944944944944944,1.2975171686575868,0.861861861861862,0.5264900662251656,0.9655378327401961,0.9104265923780192,0.9732490443917149,0.17096575505284195,-0.12703966605012681
20,4.0,7.0,5,6.335133559308406,45.08409243364911,5,0.4300367188693939,13394.011841397789,711.7675350539995,4239.641329779845,5.956497200252604,0.5923423208702985,0.8808097176190536,19.024317410298366,0.9913058497067069,0.12451612903225809,0.1664516129032258,0.7480620155038762,0.2950537634408602,0.2290322580645161,1.2882629107981223,0.30935483870967745,0.1682795698924731,1.8383386581469652,0.08940974269152624,0.09396841143025172,0.12246320824158094,0.2193527656666119,0.10071733463799437,0.11142657761431644,0.13362292271334764,0.1847924821005528,-2.253111934036494,-2.241832227432888,-2.1713263481548477,-1.9315884239175378,-1.8718674172286192,-1.8495760023457444,-1.8033740496419044,-1.6968640115191336,0.76729698962232,3.9009009009009,1.9466563433422632,0.6856856856856854,0.5728476821192053,0.9592389247354247,0.9138097065473322,0.9725089396398796,0.1853752763440184,-0.16397577328625185
20,4.0,8.0,5,8.7270843286823,87.53069328055224,5,0.4449177679031404,21571.34462581737,2409.735241199912,3510.872988497279,1.4569538298112215,0.6861103829220137,0.9079362345602608,26.85793067513025,0.9987194337162094,0.10516129032258063,0.06333333333333332,1.6604414261460103,0.2627956989247312,0.07333333333333333,3.583577712609971,0.27322580645161293,0.15827956989247313,1.7262228260869565,0.016612823650017868,0.020834189704045186,0.029348584430559026,0.05616299795138274,0.021180966361360735,0.025014341629588047,0.033886029234574996,0.0669265121470198,-2.0355926698535094,-2.0268545227604786,-2.0092298883231443,-1.9537245645583938,-1.6553601087377137,-1.6488771774881483,-1.6338735483659343,-1.5779961128982427,0.7866226001321668,3.922922922922923,0.9098272894455567,0.5755755755755753,0.6158940397350994,0.9583179564701696,0.9076255454744806,0.9804913480943467,0.16893675769317998,-0.1526186602858416
20,4.0,9.0,5,9.272124270457114,94.61379166681502,4,0.5053270828459426,24672.56256569684,553.9997579428974,5546.257899471687,10.01130022162096,0.8986495192553806,0.9222896703342496,29.148956975204236,0.9990279519281826,0.10193548387096774,0.3217204301075269,0.31684491978609625,0.2595698924731183,0.43698924731182787,0.5939960629921262,0.48365591397849467,0.2941935483870968,1.6440058479532162,0.6687012287929529,0.6146465098006,0.6810778932529802,0.6065286468120713,0.978300163524652,0.7350463612625143,0.7697407067489077,0.690904339642742,-0.8820813289518477,-1.0260017491549611,-0.8491285214448461,-1.047615518946746,-0.04915961811183722,-0.6002358456697814,-0.5216379826541389,-0.700236826229137,0.7607112437766564,3.8568568568568558,1.5892828656229763,1.0160160160160154,0.5993377483443708,0.9727091216597825,0.8750301462162503,0.9499045030668463,0.2239314272043233,-0.08854511053224838
20,4.0,10.0,5,8.91632836530864,94.30839375483438,5,0.6715844494256646,19886.736044301404,1698.6721322306355,9087.53319988549,5.349786475835138,0.9233416153079731,0.955627807615339,78.21639853001292,0.9993398609905879,0.10516129032258063,0.1532258064516129,0.6863157894736841,0.26634408602150533,0.14946236559139786,1.7820143884892081,0.2346236559139785,0.18838709677419355,1.245433789954338,0.0718523391041356,0.09773956918210905,0.09155602485446872,0.14577140456909665,0.07927634964616503,0.08826293165170894,0.09000038515313684,0.1320651985993468,-2.2899729060907825,-2.2261026212321444,-2.241358974903542,-2.1075960448541484,-1.9383191614099535,-1.919400494456809,-1.915742785205415,-1.827187403910941,0.7711012301975322,4.121121121121121,1.6719497597319883,0.5755755755755753,0.5496688741721855,0.9428888462517503,0.9041211760325739,0.970223052946465,0.17183341079080838,-0.09677080019371623
20,4.0,11.0,5,9.525202539751225,110.12225854597945,5,0.43347694385973967,15040.325624538633,471.83306018188557,3545.3423423773565,7.51397611055629,0.7406596201128104,0.8513534460619223,12.007020489745923,0.9967911658764472,0.10516129032258063,0.292258064516129,0.3598233995584989,0.2629032258064516,0.4046236559139785,0.649747541854903,0.4111827956989248,0.28763440860215056,1.4295327102803739,0.16757797618565468,0.4625110445334578,0.4709175415320064,0.5677320941398821,0.20793092139629016,0.27103514388855277,0.3342140357961453,0.5807258166143707,-1.968742546246532,-1.271203000991951,-1.2513209846198956,-1.0223470707131461,-1.6476366168906433,-1.5163692432899047,-1.3849465447734703,-0.8721606684619918,0.7618327184183358,3.7467467467467457,0.9571521538991856,0.5535535535535532,0.609271523178808,0.9674489950431825,0.8790389065290749,0.9479728143469626,0.21730051060939967,-0.12625723263611124
20,4.0,12.0,5,10.782527374899983,141.84827301679906,5,0.38838408102045663,14541.938651952752,1317.475108441107,3623.3879518190315,2.750251544491326,0.7328534769609585,0.9450454350960148,7.9840520633126975,0.9969831309508935,0.11161290322580646,0.2687096774193548,0.4153661464585835,0.2627956989247312,0.3674193548387097,0.7152472929470296,0.3282795698924731,0.23795698924731185,1.3795752372345231,0.3764723575692289,0.37705948325009664,0.5119398052155472,0.5711258007541979,0.4621612708776011,0.454917877042332,0.5760582348551673,0.6421420166120156,-1.5495778598990264,-1.5481187474328908,-1.2129169914386968,-1.0658291928204366,-1.1553928665526372,-1.170953229006559,-0.9107177760912089,-0.7687556489657226,0.724628232418109,3.878878878878879,0.9571521538991856,1.28028028028028,0.5993377483443708,1.011567655945972,0.8907206328496079,0.969680515561945,0.21721682201358836,-0.11905773782224063
20,4.0,13.0,5,6.444997588472069,47.13715415531379,6,0.39119881910855236,15041.540638005623,197.03356122590557,3489.757053568079,17.71148545382558,0.587896059965503,0.88370967289307,26.65728268658549,0.9986189074936208,0.10516129032258063,0.3518279569892473,0.2988997555012225,0.25311827956989247,0.46376344086021504,0.5457917922559703,0.4532258064516129,0.2753763440860215,1.6458414681764935,0.6718561176328877,0.591496929134802,0.5842088248597447,0.5861481738095479,0.8045429687260724,0.700166890593362,0.7189626583041717,0.7129940066337878,-0.8004578575007966,-0.9964820630769264,-1.0142603019737535,-1.0095295506517794,-0.37886126771568707,-0.5811771067664213,-0.5447446063022807,-0.55631385466166,0.7839916781025399,3.944944944944944,1.2333634979137746,0.7077077077077075,0.6059602649006622,0.9663201313525637,0.8753266108489859,0.9504668587041937,0.21719084241086806,-0.1341629879538982
20,4.0,14.0,5,7.368422423281679,72.42439219855493,4,0.42924423663583455,19756.9392293655,507.7248920728123,4725.867647959745,9.30792978982408,0.5003576252744707,0.9403856252927028,56.59430113333077,0.9986238727256748,0.10516129032258063,0.36526881720430104,0.2879010891963497,0.2564516129032258,0.4016129032258064,0.63855421686747,0.366236559139785,0.25559139784946233,1.4328986116954148,0.6470311549586116,0.53300932090465,0.5122288624757234,0.51615903451785,0.8719128582513241,0.6678801292983306,0.6418018814514055,0.6402386348631316,-0.8761425671438001,-1.159168629647329,-1.2107500778406104,-1.2009945680536156,-0.24642483656530834,-0.6389601933528686,-0.6891317240456016,-0.6921392295591724,0.7855965479051458,3.966966966966966,1.2975171686575868,0.4654654654654652,0.5794701986754967,0.9708274318016119,0.900562659026673,0.9743556203665626,0.19410674554385765,-0.1321444394819301
20,4.0,15.0,5,8.910930079838005,93.7947829718052,4,0.2244543244746986,8713.558009761868,1170.75995068623,3249.2820380638846,2.7753614531820534,0.5847001310202282,0.8968292390741133,15.754248239261932,0.9967754181498556,0.10838709677419356,0.4055913978494624,0.2672322375397667,0.2890322580645161,0.3356989247311828,0.8609865470852017,0.2835483870967742,0.19473118279569893,1.4561016013252348,0.5987568128186771,0.4817044521816257,0.3842379184955195,0.3955376722196081,0.768871357638582,0.6163302547965233,0.3987110015740497,0.44162753219885326,-1.0390068652683797,-1.3421103451109098,-1.594496929778359,-1.5652365658139376,-0.4989834041764687,-0.8283042447062239,-1.2981222416357872,-1.2054697848575318,0.7830283106848601,3.9009009009009,1.4360089846512607,0.4654654654654652,0.6158940397350994,0.9592435464727034,0.8879395882506405,0.9679590364207402,0.2096794414622462,-0.13711218919810206
20,4.0,16.0,5,9.366874637257581,98.0615863424001,5,0.4288030025409688,20168.76429990468,1174.814199427444,7884.44373096993,6.711226111169308,0.8824806988675121,0.970719064033267,128.3550450546254,0.9999229949434261,0.11483870967741935,0.1596774193548387,0.7191919191919193,0.28913978494623654,0.32440860215053763,0.8912827311899237,0.41376344086021505,0.31473118279569895,1.3146566450290398,0.07988134436600115,0.1357273079396749,0.17205217515748392,0.4774400329242525,0.08670657630568766,0.13607575351192705,0.16928308209121032,0.4453620158927884,-1.9102863468967448,-1.794342842120642,-1.718927679658574,-1.0849026529646721,-1.5337354026506864,-1.4508274861843038,-1.3950609010451251,-0.9314289250425671,0.7740783821727887,3.8568568568568558,1.7154331750298604,0.5755755755755753,0.5860927152317881,0.96761046715304,0.8913603912079379,0.9723817870772512,0.19613901777402035,-0.08958463654039107
20,4.0,17.0,5,9.660689787985282,108.57599668982189,6,0.4578406106795315,21600.055993218502,208.65110929543144,7199.138240523572,34.503234920885234,0.7150549353583151,0.9432965795356911,34.57317318486117,0.9987115628391576,0.11161290322580646,0.2456989247311828,0.4542669584245077,0.26602150537634406,0.32451612903225807,0.8197481776010602,0.5088172043010752,0.32612903225806456,1.5601714474118031,0.2812207814464616,0.23231138095967854,0.3336488510566312,0.4406001586684547,0.19236356763110862,0.10665717954473448,0.16453937026858909,0.4037988935092586,-1.7547897693993249,-1.8741946066376298,-1.6267946384794003,-1.365689342754815,-1.6369557732673685,-1.8106695399586195,-1.6933511743211724,-1.208408640551075,0.7802618148192711,4.055055055055054,1.3650078065460138,0.641641641641642,0.6026490066225165,0.9665776562341143,0.891351609983844,0.967958700598565,0.2054235479068215,-0.12733559082632678
20,4.0,18.0,5,4.903968661458604,27.949453292056226,5,0.41554163176723447,17559.018289536587,537.242371189254,3324.813052032303,6.188664986852039,0.658609672238156,0.9336334384484828,10.010973724598287,0.9956957147894598,0.10516129032258063,0.10311827956989247,1.0198123044838372,0.28290322580645155,0.13301075268817203,2.126919967663702,0.26806451612903226,0.1913978494623656,1.4005617977528089,0.02571100568031403,0.03306580338479136,0.056530716351367756,0.09379384922711034,0.031587024352365205,0.03832855752597355,0.048362800377654495,0.09595382314936317,-3.0211332058247,-2.9983270120806815,-2.9255656156691257,-2.8100178790731967,-2.508329067260566,-2.4908675254984325,-2.464877391489756,-2.341609788968111,0.7873246233479685,4.0770770770770755,1.6719497597319883,0.6856856856856854,0.6125827814569537,0.9595167037951663,0.9094856163223975,0.9612391039228497,0.1759703318638303,-0.19992500341885094
20,4.0,19.0,5,12.040408528094654,172.47998736250818,3,0.3386061569709863,14367.585060159023,883.6279440700029,3373.9570623584304,3.818300547194033,0.8345126364007329,0.837974800855191,2380.190145902897,0.9987594347729307,0.12451612903225809,0.22301075268817203,0.5583413693346192,0.29827956989247306,0.24236559139784947,1.2307009760425907,0.33537634408602146,0.20408602150537636,1.6433087460484717,0.2748077145897981,0.18205298609377893,0.16644024409563338,0.19029780461963594,0.43560625391737157,0.1556988446389411,0.13314618367493192,0.15107453076827562,-1.4717808274864208,-1.6600269434554158,-1.691713069741722,-1.6432940491919346,-0.8753670188605193,-1.3094996011538023,-1.344478471370671,-1.316671849030991,0.7818680494327467,3.7687687687687688,1.2333634979137746,0.5755755755755753,0.5033112582781457,0.955376505735281,0.906030912200516,0.9730632134174693,0.18011268616455414,-0.13769659779250876
20,5.0,0.0,5,7.132219175453706,63.16339299436862,6,0.7159831005491297,28892.293320212986,767.6494381948855,10900.555238391433,14.19991300198682,0.8914961393687086,0.9484163738390872,8.708331930493673,0.9996691714210708,0.11806451612903228,0.1032258064516129,1.1437500000000003,0.2789247311827957,0.17935483870967742,1.5551558752997603,0.3532258064516129,0.26774193548387093,1.3192771084337351,0.12600436100539844,0.07807286848312203,0.06508839303356978,0.14361523749791696,0.03640883266969212,0.048596505234278595,0.0670577326102246,0.12076858890851162,-1.8909209654915333,-1.99462247162483,-2.022714850760397,-1.8528192014842293,-1.306310330665505,-1.2897878851329274,-1.264760578059557,-1.1919464543625393,0.8046382972501355,4.055055055055054,1.2975171686575868,0.48748748748748744,0.6158940397350994,0.9505953326510289,0.9008163267546188,0.9753965813947285,0.184528134744276,-0.13307467118194763
20,5.0,1.0,5,6.23966399221456,44.67280168024699,5,0.5882316037816164,20193.655917748227,223.39534662224563,6585.693819064935,29.47999552650097,0.867391358738896,0.9466710418053894,7.271578485777419,0.9963647787993919,0.10193548387096774,0.3149462365591398,0.32365995220211674,0.2632258064516129,0.4080645161290322,0.6450592885375495,0.4774193548387097,0.311505376344086,1.5326199516741459,0.7853462821722121,0.7213731830487591,0.6759115628327326,0.6489700950437104,0.8977179357456536,0.8405495801814897,0.7765564373809927,0.7300782572091443,-0.5042968558213496,-0.6545920991163554,-0.7613973870353825,-0.8246923424393984,-0.19953814686384663,-0.31106569386524563,-0.43590745590332536,-0.5265799507215017,0.7663337957580261,4.033033033033034,1.4360089846512607,0.5975975975975976,0.5827814569536424,0.9244436671773713,0.8813491725609559,0.9569397677842859,0.21387665283267895,-0.10896160538556733
20,5.0,2.0,5,5.7499645057408815,40.223939594606065,5,0.5168841329375242,16245.558648520604,721.4105880039067,3416.6665743354774,4.736091528389066,0.7578036893952892,0.8870589192741607,59.82853563640279,0.9949186689358351,0.11161290322580646,0.19290322580645164,0.5785953177257525,0.27913978494623654,0.21548387096774194,1.2954091816367264,0.3070967741935484,0.20451612903225805,1.5015772870662463,0.1442304356961449,0.12659722903679285,0.16499180784586348,0.21906620901590942,0.16449198787436453,0.14001200537715264,0.15794316982974294,0.20857436688592548,-2.302232124541412,-2.349669818662798,-2.246378890322311,-2.1009053555275905,-1.7837831552061751,-1.836047142845473,-1.7977646744076328,-1.6896686715853855,0.7534049298404213,3.966966966966966,1.8504070195423021,0.7517517517517519,0.5860927152317881,0.9474795492879838,0.9067791943768796,0.9684243310584036,0.1830718010541661,-0.17122629920334018
20,5.0,3.0,5,7.093977991266679,59.986004452096374,5,0.1854619912928166,7206.847070180353,476.76570319818626,2279.250341743545,4.780650802803417,0.7501973803281187,0.9120605246134236,13.57517380419297,0.9950910090414177,0.12451612903225809,0.06311827956989248,1.972742759795571,0.28215053763440856,0.1989247311827957,1.4183783783783783,0.31537634408602144,0.20139784946236555,1.5659369994660972,0.0352280244347723,0.05302515619110416,0.08604747757584054,0.21180160292317082,0.03851457614096716,0.06305338941917063,0.08038795746850005,0.20003805024333352,-2.0451587435941985,-2.007431736027425,-1.9374298174142686,-1.670851646083726,-1.7520372842860028,-1.7073221854309542,-1.6757348011859374,-1.4577060943456326,0.7594596259554889,3.7467467467467457,1.5107033044866556,0.5315315315315318,0.6158940397350994,0.9597527282361246,0.9055792989527242,0.9796164984718578,0.17918558258834416,-0.17145983161047512
20,5.0,4.0,5,12.533697098544346,177.36826090978929,4,0.39975672458076905,24114.747100197736,415.59348478311625,6058.669086258007,14.578354348889313,0.9192987219500608,0.94621899507025,76.07903828927851,0.9996711562931253,0.11161290322580646,0.35559139784946237,0.3138796492289084,0.26623655913978495,0.41483870967741937,0.6417833074131675,0.42516129032258065,0.3270967741935484,1.2998027613412229,0.32445842465185654,0.46832136270584274,0.44296502536826105,0.48059954922192205,0.37415472129602795,0.5536597144879774,0.533128129562704,0.5460094218349115,-1.7676373593430454,-1.3912023430407152,-1.4575503085984467,-1.3590749626058116,-1.3697030836446284,-0.9768447349905065,-1.021779443521815,-0.993587897868379,0.7771748918839213,3.922922922922923,1.5892828656229763,0.5095095095095097,0.6125827814569537,0.9683899406230021,0.8696760992494296,0.9522746620758722,0.217791133337166,-0.09291199110991853
20,5.0,5.0,5,7.985821922005957,73.75260487421946,5,0.3261218387853414,15091.019392960014,721.1157549808435,4648.112957464861,6.445723762599444,0.944664808574309,0.9447786326971581,14.669600209974718,0.999690439332787,0.11161290322580646,0.1496774193548387,0.7456896551724139,0.26924731182795697,0.30236559139784946,0.8904694167852062,0.3709677419354839,0.2611827956989247,1.4203375874845616,0.11922423675599025,0.17389140441246878,0.16800851160959893,0.2884931499151864,0.16592529168724024,0.20816235994455587,0.2112811296685968,0.2956523344475107,-1.7879235394684039,-1.6769523706784135,-1.6888943006921102,-1.4443174969691208,-1.2241978984968445,-1.1622052140479058,-1.1576276968255097,-1.0337934041001837,0.7985020058200576,4.033033033033034,1.2333634979137746,0.6196196196196196,0.5496688741721855,0.9425298371752898,0.8944225900604088,0.9747542893696515,0.18621987527708425,-0.10691430858408207
20,5.0,6.0,5,9.978288819395452,125.64789048989476,4,0.4028336047948474,16217.034239625864,405.0062569147273,6636.453561869722,16.386051940098803,0.4902453744760087,0.9333803360595864,20.001169885116777,0.9994546263368095,0.10838709677419356,0.12999999999999998,0.8337468982630275,0.26602150537634406,0.15612903225806452,1.7038567493112946,0.2435483870967742,0.10548387096774192,2.3088685015290524,0.07583178344638362,0.0806071798083888,0.09818888123967134,0.14286332318606906,0.1056001000688969,0.11824020124625279,0.1394935124645934,0.1862622898984811,-1.8027391916161404,-1.7934240106533157,-1.7591280657617423,-1.6719833599411014,-1.209875614770205,-1.1927770549605616,-1.1640272049458498,-1.1007619883975983,0.7987716996544315,3.944944944944944,2.6388908144575076,0.7297297297297298,0.6357615894039735,0.9472510918483763,0.9349499268388747,0.990718845748696,0.16374075093514365,-0.13873356743461185
20,5.0,7.0,5,5.421119217557445,37.70716481409789,6,0.15336015469124054,2341.324659232294,122.6246255069623,1509.45988891102,12.309598358979835,0.22283614466758384,0.8594376187454794,62.07791861048555,0.9845679294362203,0.10193548387096774,0.2889247311827957,0.3528098250837365,0.30236559139784946,0.33408602150537636,0.9050531058899259,0.34344086021505377,0.16709677419354838,2.0553410553410556,0.17068955559273796,0.5242417578283521,0.465980793214345,0.5169546953571185,0.12448708763847331,0.5631657553928775,0.3822931848996843,0.4638672771817371,-2.6776506634438366,-1.5361127806611659,-1.724223893458105,-1.5596410116056123,-2.6815328854477336,-1.3379418805419245,-1.8919208556146334,-1.6420746135245492,0.757115368948835,3.8568568568568558,1.7589165903277326,0.9499499499499499,0.5960264900662252,0.9599021320168842,0.8973776625457424,0.9561148628703215,0.1814278795097278,-0.21263739345307797
20,5.0,8.0,5,5.887234721894376,42.84687610049821,5,0.260325386373811,4129.372640589958,74.19000758568217,2514.888775140214,33.897944709545484,0.5112680599499779,0.8438141519418787,47.38797117846173,0.9965421390158473,0.11806451612903228,0.08989247311827957,1.3133971291866031,0.29827956989247306,0.13978494623655915,2.1338461538461533,0.2966666666666667,0.08849462365591398,3.3523693803159174,0.034624541465373616,0.03573693161158926,0.039713930263246745,0.07839338278538961,0.050525882105187575,0.048738229317315834,0.05212584032325991,0.08654813660279453,-2.071099911820726,-2.0687134091254586,-2.060181224591514,-1.977198992135052,-1.5083729239685695,-1.5112128613737736,-1.5058311657361574,-1.4511465158754584,0.7568637751104461,3.922922922922923,1.05931476351837,0.5095095095095097,0.5562913907284768,0.963079944116992,0.9257272360296898,0.983880562531827,0.17797763138192996,-0.18866266117577246
20,5.0,9.0,5,8.03595139911158,75.15407420282223,5,0.4845062546027836,15589.334147136025,297.19126467870484,4258.447614213766,14.328979752542855,0.8461079792507838,0.967371635232407,133.66271644709482,0.9979649061094887,0.10838709677419356,0.12333333333333334,0.8788142981691369,0.2724731182795699,0.09322580645161291,2.9227220299884658,0.3081720430107527,0.22075268817204302,1.3960058451047248,0.05485787330436452,0.04511276518570621,0.053951250888843456,0.09042630349150262,0.08133899194776556,0.053049411908135426,0.07063740026380222,0.10849012402304609,-1.7996505005715844,-1.818206216382478,-1.801376805470961,-1.7319244502952942,-1.29725506931246,-1.3372032120914166,-1.3123669483843365,-1.2589145460797302,0.7749170144495796,3.8568568568568558,1.2333634979137746,0.5095095095095097,0.5331125827814569,0.9532533581877032,0.9136175965569309,0.983064732047993,0.17612610111668614,-0.14081804329153494
20,5.0,10.0,5,7.025440233656438,55.278902956832844,7,0.6019144833054928,20055.52523006017,284.57471268584305,5630.768990671036,19.786610474020357,0.7657575963220311,0.9240673792725502,11.988624115211415,0.9996006867961515,0.10193548387096774,0.10333333333333332,0.9864724245577524,0.25311827956989247,0.14634408602150537,1.7296105804555475,0.2779569892473118,0.20817204301075268,1.3352272727272727,0.03031126648690281,0.03211758162426841,0.034115264405469185,0.08220967141635252,0.05361302035089628,0.05290806420871074,0.05392613503212798,0.088310137140234,-1.6077890202343248,-1.6047940657251414,-1.6014818147620002,-1.5217390510746933,-0.981556947442719,-0.982288101414492,-0.9812321966829155,-0.9455704041225295,0.8213743519513825,3.812812812812813,0.9098272894455567,0.3553553553553552,0.5662251655629139,0.9440607281114796,0.9078068676639296,0.9840884782751714,0.17215342038730225,-0.1447680960707738
20,5.0,11.0,5,10.749121143632458,129.2057276168405,5,0.45424603557794463,21952.74748606668,108.47458450502842,6910.659221487593,63.707634862314166,0.9251858837252611,0.9151652874550787,43.22721559062097,0.9996430473818986,0.10516129032258063,0.1598924731182796,0.6577000672494955,0.2595698924731183,0.26591397849462367,0.9761423372422159,0.33999999999999997,0.2578494623655914,1.3185988323603,0.0969237834423341,0.12743408665119482,0.14728293633296272,0.21855705494857636,0.12416439191342159,0.1517736604801452,0.18582818675214036,0.2483735107703587,-1.7213673793779543,-1.6632112240992156,-1.6253770283426163,-1.4895203414657363,-1.2218914799818248,-1.183373372566769,-1.1358633888182494,-1.0486054629872539,0.7812752471273232,3.8568568568568558,2.0479120966650832,0.7297297297297298,0.5794701986754967,0.9716167796741952,0.9080499548438355,0.9842117951747975,0.16671324315636313,-0.10119814487068993
20,5.0,12.0,5,9.023631340014711,91.89696827955255,6,0.572549343341571,31657.661665833977,1179.7370907753925,7716.736304949549,6.541064416206204,0.9021343128422423,0.9617236825089288,22.764509738667208,0.9996519482580675,0.10516129032258063,0.3486021505376343,0.30166563849475636,0.25311827956989247,0.43741935483870964,0.5786627335299902,0.47591397849462364,0.2950537634408602,1.6129737609329446,0.46637800743870145,0.48635683427660414,0.46992221928978034,0.5466526873913456,0.6853866101384178,0.5870444056328117,0.5556791661418182,0.6321412394950866,-1.2669742481632185,-1.2195386861642867,-1.258559255513087,-1.0763787447969266,-0.5992471518935927,-0.786560495381132,-0.846302168937072,-0.7006641218565457,0.7970956740809988,4.0770770770770755,1.1144152514667882,0.6196196196196196,0.5695364238410596,0.9877951860005963,0.9013061921076387,0.9752827258304397,0.19287942935614147,-0.08067419247857618
20,5.0,13.0,5,5.404653402119017,30.934766419118418,5,0.38239920466907085,12614.847497323572,564.4990421750987,3167.3843694501625,5.610965002253608,0.7490949470764726,0.9409215863844779,14.670251427184045,0.9977518229937822,0.10193548387096774,0.2970967741935484,0.3431053203040173,0.25311827956989247,0.5189247311827957,0.4877745544964774,0.4151612903225807,0.3270967741935484,1.2692307692307694,0.8359305329653989,0.8290588016538176,0.7411822239476905,0.6594226851061449,1.2038822703013092,1.0287603191914185,0.8849874037596944,0.7834219641832723,-0.3336663275464036,-0.3476412943215281,-0.526354954398,-0.6926284576903146,0.3162947610839484,0.04461760345273835,-0.17842591999643065,-0.335990461521964,0.8318037839885838,3.922922922922923,0.9571521538991856,0.2892892892892895,0.6158940397350994,0.9334115576441168,0.8606434744759078,0.9453746431544403,0.2288647133476779,-0.11904265728857263
20,5.0,14.0,5,5.224120595160273,32.76718702889761,6,0.2012780174002733,9353.500977495163,438.6789189510193,3130.5698725395564,7.136358136437143,0.6824759432881917,0.9065676928448274,10.207373407065685,0.9967952366451002,0.11161290322580646,0.3923655913978494,0.28446149630035633,0.2627956989247312,0.44161290322580643,0.5950815680545412,0.43021505376344094,0.2913978494623656,1.4763837638376387,0.7232266033799366,0.5349796844009482,0.47465093886237797,0.49123740902116036,0.7620282956126233,0.6279653068050366,0.5430137425629709,0.6065330642995372,-0.6306669643827083,-1.0596139455474076,-1.197081445236534,-1.159286848961722,-0.400374567315507,-0.6259283207545585,-0.7688547491875212,-0.6619869136945495,0.7956599187070947,3.878878878878879,1.4360089846512607,0.3773773773773774,0.5662251655629139,0.941616457863459,0.8927010311992944,0.9626212762799744,0.2118085208790059,-0.1553160851498599
20,5.0,15.0,5,7.41154100794841,69.24758370300306,5,0.6584454874435753,23799.19115657486,314.1685589629707,9343.29257218312,29.73974417753357,0.8821248165721196,0.9366174760816044,23.268866769905593,0.9989065409040023,0.11161290322580646,0.14290322580645162,0.7810383747178329,0.28537634408602147,0.08268817204301075,3.451235370611183,0.3167741935483871,0.21107526881720426,1.5007641365257263,0.09772174033201508,0.07528079713896917,0.08481129428013987,0.10323915348555782,0.05739449221516597,0.049033369639125565,0.06361875709178201,0.09648777735285946,-1.9226176465288616,-1.9704358810096283,-1.9501278421230988,-1.9108608788371573,-1.4885746218171798,-1.5017786130667594,-1.4787451834590564,-1.4268380080812915,0.8155738700394718,4.1871871871871855,1.3650078065460138,0.5535535535535532,0.5596026490066225,0.8999873232640501,0.8891763186094578,0.9755220332649321,0.1874280071867483,-0.12440153966185297
20,5.0,16.0,5,14.932066420386123,241.91680755576806,2,0.4329355204945041,16685.882844233893,493.5910022414538,8138.949405298708,16.489258046315268,0.8392170562521072,0.9454994461658591,203.08867095334023,0.9988926380290285,0.10516129032258063,0.3153763440860215,0.3334469826116604,0.2627956989247312,0.42086021505376336,0.6244251405212061,0.4811827956989247,0.2612903225806452,1.84156378600823,0.38178101421347355,0.56191974569047,0.5792113720887412,0.589336344851141,0.31113093019713106,0.6213068271996184,0.6659740828865208,0.7145116310652606,-1.3849308499552666,-0.9813850316771353,-0.9426484231363943,-0.9199665135606727,-1.2773940343565442,-0.7022240088747047,-0.6193959527945332,-0.5293910778426671,0.7749264422863216,3.922922922922923,1.5107033044866556,0.3993993993993996,0.6158940397350994,0.9796017118926084,0.8921648126928133,0.9646671123081578,0.20084509175617823,-0.09666172044303759
20,5.0,17.0,5,4.991342408533982,30.022790810400544,5,0.41079024422364474,11022.348331756137,1010.6695071712436,4933.0294707489065,4.880952117132663,0.6114935200227334,0.9292613543721908,48.200040347704665,0.9976465854652,0.11806451612903228,0.20301075268817206,0.5815677966101696,0.2725806451612903,0.1996774193548387,1.3651050080775444,0.2935483870967742,0.14516129032258066,2.022222222222222,0.13148036344191627,0.10036177672254237,0.10768759724030517,0.15007944956008315,0.07638155853609996,0.08958641936843058,0.12042680966491426,0.17658227825691625,-1.8809002392373098,-1.948291872933876,-1.9324267882720303,-1.8406213277922077,-1.4842361965052342,-1.4630162516261613,-1.4134563667890425,-1.3232156619977233,0.7706650475805772,4.0770770770770755,1.1723818032865998,0.5755755755755753,0.5662251655629139,0.9703947685447013,0.9359027656381818,0.9905707240528281,0.1676551246983959,-0.17238428576483894
20,5.0,18.0,5,6.221977966171048,42.89490897197986,7,0.4333531808142005,17652.786449938,537.0406565629029,5003.908614068101,9.317560137985568,0.7040039578455104,0.9370832725231757,133.5908024048184,0.9983466923538066,0.10193548387096774,0.12655913978494623,0.8054375531011044,0.2564516129032258,0.12612903225806452,2.0332480818414322,0.2782795698924731,0.19440860215053762,1.4314159292035398,0.039311871606689704,0.04761471064009383,0.0597361637865953,0.11943698194238568,0.04901843718546448,0.061033385145938236,0.07523110509424047,0.1200977624292807,-2.4441363936310876,-2.4230127110828885,-2.3921738947142437,-2.2402859530695856,-1.884141101794439,-1.8603363739496102,-1.8322070087207072,-1.7433145249012678,0.7854848631700987,3.988988988988989,1.6719497597319883,0.7517517517517519,0.5761589403973509,0.9558728852218684,0.9010631710151368,0.9700385253462429,0.18111442698974406,-0.15042151600726583
20,5.0,19.0,5,5.575030894529696,35.23629740437578,5,0.39653188270653517,12550.823102059205,179.56154173873142,4229.192831232079,23.552887719051267,0.6238821426951355,0.9244808773375056,20.080910148757955,0.9943133508312098,0.10193548387096774,0.431505376344086,0.23623224520308997,0.25311827956989247,0.43086021505376343,0.5874719241327676,0.3978494623655914,0.2840860215053763,1.4004542013626042,0.31062622874998413,0.4519089431408373,0.49571809077886775,0.5072322601713202,0.24998354904386277,0.47182839185571607,0.5923219431372576,0.5313400009064251,-1.6822696302595959,-1.3374993044762342,-1.2305924251132694,-1.2024945509347023,-1.5203116024953531,-1.0706237482480827,-0.8263787802801605,-0.9499914746391247,0.7844184916929066,4.055055055055054,1.8504070195423021,0.48748748748748744,0.5894039735099338,0.9771502728398174,0.8974906691372865,0.9715884361230822,0.19645328629447373,-0.1652904500035867
21,1.0,0.0,5,1.7289136134674286,1.571992858352222,2,0.46243971665628836,52.97054645641488,0.29967467506217427,8.776439116517453,29.286555878292294,0.576482708435906,0.7641809733552998,2.564763424452265,0.9595150713193887,0.10193548387096774,0.13,0.7841191066997518,0.2627956989247312,0.08,3.28494623655914,0.25150537634408604,0.04548387096774194,5.529550827423168,0.012886225089013709,0.017446696356290887,0.02444761753797806,0.03725677651384376,0.017303421671020638,0.02257739713024847,0.0323201459591811,0.05033621131644561,-2.2685398949312563,-2.258059227684526,-2.241970029655293,-2.2125326042076656,-1.6608427450923324,-1.6519292675526547,-1.6354631740843077,-1.6050144556257553,0.7590607970908533,1.3463463463463456,0.15423686462966274,-0.17317317317317288,0.5099337748344371,0.8751434526055012,0.8987911778776547,0.9465188957159638,0.14367264917489683,-0.2230845981028583
21,1.0,1.0,5,2.413568337827218,4.673240883535399,3,0.48546099663748066,73.26145753060042,0.11855109103616336,11.105363911762938,93.67576303768733,0.6466586775827581,0.799623048787295,4.682126275248878,0.9947921237570302,0.10193548387096774,0.10666666666666666,0.9556451612903226,0.25311827956989247,0.08333333333333333,3.03741935483871,0.33086021505376345,0.02956989247311828,11.18909090909091,0.00965618651248233,0.011893035535518971,0.01478415732743552,0.029337183360713094,0.01983438518674702,0.02168830759572536,0.02645965594268962,0.052087302926954626,-1.5491009108222173,-1.5456020200210971,-1.5410797123738325,-1.5183157938474166,-0.844261491836833,-0.842664623639154,-0.8385548429933101,-0.8164805780443957,0.7139478889565641,1.3243243243243243,0.06852291595284057,-0.3713713713713717,0.5331125827814569,0.9452109704377458,0.9482218692305805,0.9905839230094109,0.10996599870401164,-0.21864933461272115
21,1.0,2.0,5,2.7887017471473032,7.122231068347308,3,0.3318742042174607,66.05968799654714,2.2479337471645273,6.375867197899326,2.8363234485632165,0.5359529902403379,0.8218356324471883,3.5611198067235486,0.9974227253399632,0.10838709677419356,0.07999999999999999,1.3548387096774197,0.2789247311827957,0.12666666666666665,2.202037351443124,0.2637634408602151,0.04913978494623655,5.367614879649892,0.021258253629070113,0.025289027164797376,0.030260019987613466,0.05500029745726005,0.0326014401899952,0.03875293487957268,0.04597020683874836,0.08455550080565709,-1.4742023226809349,-1.4681310830198058,-1.4606436644105576,-1.4233793149079859,-0.9567395427842796,-0.9506558266601807,-0.9435180762424752,-0.9053579238071154,0.7419319946120142,1.1921921921921912,0.1259215613694151,-0.283283283283283,0.543046357615894,0.9304958941311782,0.9327282640421974,0.9881937318661643,0.13852085502998454,-0.2431132896121867
21,1.0,3.0,5,2.220915522023768,3.8652204704040276,2,0.5999923030328675,78.72608400914294,2.8556323099099425,9.676807732453094,3.388674269748079,0.667150731687365,0.811293589522251,3.7458899321595776,0.9896060393998855,0.10193548387096774,0.10666666666666666,0.9556451612903226,0.25311827956989247,0.07999999999999999,3.1639784946236564,0.29172043010752685,0.03559139784946236,8.196374622356496,0.01150030608543449,0.012335353298887825,0.01690423087843376,0.02951988407015953,0.017459604161505157,0.018052734266239663,0.024260426010857088,0.04372074742479299,-1.725932125567691,-1.7244741232830798,-1.7164968091363282,-1.6944697298537907,-1.1351008804280374,-1.1344156541442694,-1.1272440850214265,-1.1047621310336515,0.7344340234129594,1.3463463463463456,0.13936192742241435,-0.32732732732732733,0.543046357615894,0.9387394117884021,0.9434127214853727,0.9899256554168541,0.1374387923697808,-0.2404214737300363
21,1.0,4.0,5,2.053825467253221,2.9689984812313437,2,0.480085223834416,72.22917467443554,1.022438422798579,11.16191423904162,10.916954987362132,0.5966331404266938,0.8156843686339303,1.1567753071117122,0.9858058115296847,0.10193548387096774,0.06666666666666667,1.5290322580645161,0.2627956989247312,0.06655913978494624,3.9483037156704364,0.3049462365591398,0.02258064516129032,13.504761904761908,0.007411787376639648,0.010337135430446147,0.013539694111590004,0.031474689882557846,0.011353530047630912,0.016722870530860315,0.020999649566329024,0.04981811596873651,-1.930839418296933,-1.9251488637822876,-1.9189190632846385,-1.8840308827066632,-1.2065971086798208,-1.200044077945898,-1.1948244677257678,-1.1596528676699798,0.6983037695022943,1.2582582582582587,0.2314005380130654,-0.3713713713713717,0.5397350993377483,0.8726445678797782,0.891201798711336,0.9678204148270649,0.15783305456803332,-0.2247230323181308
21,1.0,5.0,5,1.9829206509951136,2.6897055646388566,2,0.34173079050645505,68.62608513790809,3.7103666310598538,8.459597677594926,2.2799896934116375,0.39706223297792265,0.8475691566873736,1.5363710352548192,0.9850949017226411,0.10838709677419356,0.09,1.2043010752688175,0.26602150537634406,0.06333333333333332,4.200339558573854,0.28397849462365593,0.03225806451612903,8.803333333333335,0.008429669194699459,0.011067381349512887,0.014842440333976909,0.03145865098121053,0.011535846009092477,0.014611600394650716,0.020119702007271017,0.04202106343204615,-1.897557271462772,-1.8925095106293806,-1.885285221636836,-1.8534869614849736,-1.3798389415967003,-1.375545365892569,-1.3678563737640441,-1.337283336546787,0.7049081414890283,1.2582582582582587,0.1466108684046983,-0.19519519519519515,0.5231788079470199,0.9288728903112445,0.9240565981376963,0.9757182652558924,0.14337309731452527,-0.2494233514287131
21,1.0,6.0,5,1.5064661910995423,1.0702400157733107,2,0.5818239208321456,67.56352754375976,0.4605189514988812,11.077470965971411,24.054321608083317,0.6917206827387978,0.782510423009355,28.648739309255205,0.91441099957358,0.10193548387096774,0.09666666666666665,1.0545050055617353,0.2693548387096774,0.08333333333333333,3.232258064516129,0.228494623655914,0.041935483870967745,5.448717948717949,0.018340131822664443,0.02339804768570043,0.02751414428913064,0.045578434765790855,0.020669656170929168,0.026301422808216568,0.030708838850727165,0.05004178117274125,-2.576066592226492,-2.5627936363856345,-2.5519921976244055,-2.5045879828676165,-2.3059379648860214,-2.2926773684181088,-2.282299636283581,-2.236778157291131,0.7242607161801753,1.5665665665665658,0.31368698245668797,0.24524524524524513,0.5496688741721855,0.9024959840238351,0.9052002377510547,0.9693080411513904,0.15487702864286698,-0.2825741639376072
21,1.0,7.0,5,1.8955412438284767,2.376410810327135,2,0.4692001496640823,71.31953779550112,1.4473761081964416,12.48458654425748,8.62566852772938,0.6668123164485256,0.7809788644357728,46.60651268306793,0.9826012691707497,0.10193548387096774,0.13666666666666666,0.7458693941778127,0.2595698924731183,0.06,4.326164874551972,0.2444086021505376,0.029032258064516127,8.418518518518518,0.010460444972880262,0.01628651690920544,0.020488211133368482,0.03334374144060339,0.014864406825238213,0.02161240586651458,0.027103653220778838,0.043413383186093335,-2.013077447524804,-2.0012251330184356,-1.9926773838748189,-1.9665246363610958,-1.505782802883759,-1.4954684654660189,-1.487075076891168,-1.4621456041651817,0.740114307263154,1.3243243243243243,0.18891927762076643,-0.32732732732732733,0.49337748344370863,0.9114321594486176,0.9291469120772335,0.9793779876345965,0.12302422461642445,-0.20163542355801725
21,1.0,8.0,5,2.272039663807074,4.342640422748196,3,0.397353042355585,58.68758867136429,0.6798116746543915,9.476918648439865,13.940505880923304,0.7256088968592667,0.8423382327251769,6.212147937281167,0.9848962606706442,0.11161290322580646,0.08,1.3951612903225807,0.28215053763440856,0.07989247311827957,3.5316285329744272,0.217741935483871,0.035591397849462365,6.117824773413898,0.012252390408406063,0.014404288815772883,0.018672818152203268,0.03921083699194202,0.018170568987968316,0.019614553474526144,0.02441048711185441,0.050255527033042126,-2.078614820030779,-2.07408636774467,-2.065103680009178,-2.02188349914536,-1.5559547709071615,-1.5536664156389153,-1.5460660569734967,-1.5051081146879337,0.7512863139611509,1.2582582582582587,0.18891927762076643,-0.1291291291291294,0.5298013245033113,0.9456745046968366,0.9345754091356064,0.9886069889510665,0.14423487750312286,-0.2194191006264704
21,1.0,9.0,5,0.759095768964624,-0.8088550880697918,2,0.2994546780529097,80.23250213557061,0.3969749702496414,6.829714242459179,17.204395123864483,0.4036013809368516,0.5976914087355039,7.0167703897087135,0.9209556938733995,0.11161290322580646,0.043225806451612905,2.582089552238806,0.3359139784946237,0.07258064516129033,4.628148148148148,0.34225806451612895,0.13193548387096773,2.594132029339853,0.08275017997326242,0.09496475383579253,0.1277218230475359,0.22979157372600714,0.09171332004141985,0.10432334686163218,0.132415473016659,0.24126523995985236,-3.833485096785273,-3.7824364229744383,-3.6455339849516957,-3.218951325009498,-3.5158898777437346,-3.467077683715652,-3.3583357807767436,-2.9369888621939566,0.7863684845211982,1.4124124124124113,2.776153294436798,0.6196196196196196,0.5596026490066225,0.8433508051376309,0.8824831077347332,0.9211489126305393,0.1711429058177671,-0.3065961610439649
21,1.0,10.0,5,2.326369690363154,4.19466449837816,2,0.2657037202444822,65.43551513749355,2.849386798488202,9.305041643033011,3.265629519997068,0.5708327872033128,0.8081693542458863,4.020278651467837,0.9951255166710502,0.10193548387096774,0.09333333333333334,1.0921658986175113,0.28215053763440856,0.07311827956989247,3.858823529411764,0.3116129032258065,0.05526881720430107,5.638132295719846,0.01542962198615576,0.01734458249725996,0.020349958377420683,0.03864231381792254,0.02474402092636473,0.029044256025666782,0.03370938225566433,0.06050429561848965,-1.7495736395584176,-1.746170770138578,-1.7408302413817602,-1.7083248729502056,-1.0441398735499412,-1.0395359059463944,-1.0345412743661697,-1.0058537932834932,0.7160628471187815,1.3463463463463456,0.09288978720164498,-0.3053053053053052,0.5364238410596026,0.9604648213180759,0.9560389225635315,0.9921600718373749,0.122743389993022,-0.24149630260854593
21,1.0,11.0,5,1.9989223674018082,3.096085316614043,2,0.36326969189455194,65.0728285929012,2.8223108483889137,7.388869809020765,2.6180212619877157,0.5609994390313581,0.8251453493033558,4.057932573387545,0.9882865065591381,0.10193548387096774,0.07666666666666666,1.329593267882188,0.2724731182795699,0.06999999999999999,3.89247311827957,0.20086021505376345,0.05526881720430108,3.6342412451361863,0.015393696211043695,0.019523262031367044,0.027992509534444203,0.05412216668571032,0.020238002122337086,0.025596101924697832,0.03580259830379417,0.06902177233110629,-1.9915932268832097,-1.9832402280388235,-1.9661092225810914,-1.9132559674241996,-1.4979537256336315,-1.48976175086971,-1.4741570843181884,-1.4233684380913754,0.7171633153191448,1.2362362362362358,0.18891927762076643,-0.06306306306306284,0.4900662251655629,0.950738834563145,0.9204677253708465,0.9768080235552845,0.15465932633179694,-0.22556945556024055
21,1.0,12.0,5,2.200147409456011,3.9508170544002272,2,0.5767434191126976,77.17099810192812,0.38273206013947975,7.075379710978559,18.486509095684497,0.6964713330088489,0.7848011884934005,5.836226988943197,0.989986438951638,0.10193548387096774,0.0932258064516129,1.0934256055363323,0.25311827956989247,0.0964516129032258,2.6243032329988853,0.30150537634408603,0.05946236559139785,5.070524412296564,0.5773865321307182,0.2680541476900627,0.15612897205444812,0.1075596220150775,0.0432810686561055,0.04290794232915044,0.05241187541637364,0.09181266202749776,-0.8590531222196283,-1.4878379832349453,-1.7153500690885248,-1.8140777599164113,-1.190790604148592,-1.1912550198821392,-1.1794258463893297,-1.1303852295942958,0.743489546764996,1.1701701701701699,0.2834343306151309,-0.06306306306306284,0.5562913907284768,0.8927960111415206,0.8988926374462739,0.9421278783633101,0.1511614149502435,-0.2570852015214739
21,1.0,13.0,5,2.8262615767205754,7.421809453143915,3,0.3450148884336075,76.7955231978538,0.3325168407840392,9.50028257577585,28.570831340076488,0.4812871196151176,0.8107974802419855,4.23068875990644,0.9980980128438574,0.11483870967741935,0.09,1.2759856630824373,0.28215053763440856,0.07655913978494625,3.6853932584269655,0.25731182795698926,0.05247311827956989,4.903688524590165,0.014791092409990568,0.01871942345330651,0.024032150886269876,0.04439184604869432,0.025731522707667976,0.0331614486684058,0.043372751083202564,0.07745140174168934,-1.40248101600585,-1.3968888926801344,-1.3893260303160788,-1.3603432574879133,-0.7631700832455507,-0.7573500271253697,-0.7493512457878025,-0.7226565437974294,0.7491707958335916,1.2142142142142145,0.10547817173227994,-0.23923923923923943,0.5231788079470199,0.9534008635428811,0.956384687271017,0.9920096012474191,0.12595787221873386,-0.23871158255612393
21,1.0,14.0,5,1.409877902008013,0.6269613390331452,3,0.44377777903772886,79.19224845863567,1.0016523546384595,8.621907702694774,8.607684754863678,0.5140373776850311,0.7406705337519036,5.487988865925152,0.9589552030473962,0.10193548387096774,0.09,1.1326164874551972,0.28215053763440856,0.05333333333333333,5.290322580645161,0.29311827956989245,0.07870967741935483,3.7240437158469946,0.048217825493253826,0.05998491513350914,0.07504560703046854,0.12256689798453667,0.05991900650685884,0.0839852101498269,0.09872065887227542,0.16085502538662672,-2.59905107740897,-2.566918444726158,-2.525791904904583,-2.3960245424111175,-1.8678666014537324,-1.8200489577404493,-1.7907707862673479,-1.6673147129949881,0.7991202229464557,1.3683683683683687,0.9098272894455567,0.2672672672672673,0.5264900662251656,0.8693127034062373,0.9000259404069191,0.9708430963049832,0.1519655012376312,-0.27033406737568366
21,1.0,15.0,5,2.864200932694165,7.480774367868518,3,0.556562594016309,82.63648579387916,3.165398224356704,9.462976470194217,2.989505837647759,0.6800353266223651,0.8820870961070962,14.92187894099116,0.9980614622078325,0.10193548387096774,0.16322580645161291,0.6245059288537549,0.2563440860215054,0.10333333333333332,2.4807492195629557,0.3075268817204301,0.022795698924731184,13.490566037735848,0.016799737515336484,0.019307172588714377,0.024159259649730987,0.03613167635830643,0.024375873310188312,0.028078385247029436,0.03556977584396941,0.05222784633501694,-1.4262188347585516,-1.4225815786826141,-1.4155431977765491,-1.398176149720442,-0.9487176614381198,-0.9451172600436968,-0.9378324724153276,-0.9216338101969602,0.7474499787911467,1.1261261261261257,0.16225952870780871,-0.503503503503503,0.5,0.9469599941687867,0.9516065110037163,0.9926296851221297,0.13092026943894586,-0.20288391372497497
21,1.0,16.0,5,2.470245700990866,5.236438970585628,3,0.43270371942145003,77.24026381200073,2.5550553152816797,8.723249499932658,3.4141137562694888,0.697639048649989,0.7992725371451571,10.782256327878935,0.9960024126302205,0.10838709677419356,0.09666666666666665,1.1212458286985543,0.26602150537634406,0.12000000000000002,2.2168458781362,0.3235483870967742,0.05279569892473118,6.128309572301426,0.017555714538170633,0.023326493896278836,0.02988173477712918,0.05180238046505345,0.03317312911270315,0.04428653888337927,0.05687057750773487,0.0994142548920907,-1.5757087281928106,-1.566453172903208,-1.5559394466551015,-1.5207816740982105,-0.7993015389818333,-0.7901137869648823,-0.7797102268840344,-0.7445382350505283,0.7265748159071085,1.3463463463463456,0.1706994934038408,-0.3713713713713717,0.5033112582781457,0.9351015944478921,0.9323506932395583,0.9776724607270066,0.1279670875371701,-0.2172159557069745
21,1.0,17.0,5,1.2309262474137932,0.05122826783904744,3,0.528601929838211,95.3276190753873,1.3069141205226262,7.559545064701869,5.784270707610732,0.671543209012547,0.573662872234032,1.5764543787801084,0.8743489770764604,0.10193548387096774,0.09333333333333334,1.0921658986175113,0.2627956989247312,0.09322580645161291,2.8189158016147635,0.1989247311827957,0.03903225806451612,5.09641873278237,0.045868283048513994,0.05820549174540128,0.06930563459509961,0.11643804385500853,0.059474881864036606,0.06612908395388065,0.0774052576808479,0.13335165778685149,-2.9853556164338344,-2.9467540747179313,-2.912023153178668,-2.764551897166243,-2.3889602641243375,-2.372058403583285,-2.343416605033049,-2.2013111745699754,0.6092079897430333,1.5665665665665658,0.003618749812411277,0.3333333333333329,0.5695364238410596,0.8615977299170636,0.8891431542027088,0.9597793189259104,0.15651383013943154,-0.22706603390027413
21,1.0,18.0,5,1.343322325685615,0.5493730305941256,2,0.4129573937461335,89.83291607412787,0.09967071085988609,10.271902341837826,103.05838348316527,0.5666820596778541,0.6671472487619443,3.923466623637058,0.9379676994869818,0.10516129032258063,0.05,2.1032258064516127,0.2862365591397849,0.049892473118279566,5.737068965517241,0.15483870967741936,0.055161290322580644,2.8070175438596494,0.02943212415374167,0.03477697410654131,0.048535767132250565,0.08948011434210118,0.033172284089948156,0.037804305059183974,0.0524900101315418,0.09669143080871202,-2.4958383164367572,-2.482093907993225,-2.4467128453431277,-2.3414234852159614,-2.2308284154778,-2.2201406333329388,-2.1862552909522592,-2.084266297847832,0.7474119729189937,1.3243243243243243,0.6711611767496287,0.3113113113113108,0.5728476821192053,0.8593156566190481,0.8953544096142148,0.9531143925078618,0.1628179719262679,-0.2681097213684287
21,1.0,19.0,5,2.7408575072640247,7.059183504085464,5,0.32670121445043177,68.07012072833103,1.413719105018758,9.490108795860827,6.712867331403085,0.4602087223547152,0.9195996439160448,4.7924391176058485,0.9986046630906626,0.10193548387096774,0.13666666666666666,0.7458693941778127,0.25311827956989247,0.10333333333333332,2.449531737773153,0.33021505376344085,0.06225806451612903,5.303972366148532,0.010527197366207629,0.013370230829004313,0.016308712621600406,0.02661935251611946,0.021153647605981624,0.02675042694970229,0.03194791925526646,0.05166827839651541,-1.2893227484820384,-1.285618161849114,-1.2817892022141348,-1.2683540248833134,-0.6487267959710113,-0.6450175511824614,-0.6415729324001305,-0.6285033373918728,0.7327090412842968,1.2362362362362358,0.050547968211912354,-0.5255255255255253,0.5562913907284768,0.9440163131010199,0.929122653376579,0.9833817722336732,0.13435103894911304,-0.2174805021322293
21,2.0,0.0,5,1.119963308178578,-0.15616186863952697,2,0.5327847355562801,26.23503564256273,0.12983673793652573,6.58744397291346,50.73636381818152,0.5453915035654557,0.6341172991322681,5.152457703737463,0.9102295750446822,0.11806451612903228,0.12,0.9838709677419357,0.24268817204301074,0.08333333333333334,2.9122580645161285,0.21193548387096772,0.06881720430107527,3.0796875,0.0743223753694756,0.08605990918789848,0.12728215976615173,0.16873441465326744,0.09302175901224044,0.09380230438874895,0.140157319607782,0.19287386008522264,-3.17687685376206,-3.136594255894492,-2.9951216630203765,-2.8528597074722066,-2.506233733525746,-2.504076869044606,-2.375985038822179,-2.230314540800694,0.6643867319247387,1.4344344344344344,0.2434368873543108,0.3333333333333329,0.5596026490066225,0.832172144934404,0.8703131236909211,0.9431849978830278,0.1790364066294048,-0.2785522487822807
21,2.0,1.0,5,1.444419982107806,0.5836519406502445,2,0.46716574778047915,47.32942208017102,4.054124721024835,9.1694745073324,2.261764286574406,0.5620913469367043,0.5413540262828631,34.857310867710446,0.9513000961753565,0.10193548387096774,0.11000000000000001,0.9266862170087975,0.26634408602150533,0.06333333333333332,4.205432937181664,0.1556989247311828,0.03236559139784946,4.810631229235881,0.028501797921745536,0.03216955270809639,0.041943220800984525,0.07075073497555383,0.03248409882340671,0.03708241465638638,0.045570728675136715,0.07997249445617953,-2.0492172423504735,-2.0414807109468898,-2.020864749811695,-1.9600999901554252,-1.7371380035056287,-1.7288819023130009,-1.7136414573242116,-1.651874395249806,0.7355669730620678,1.5225225225225214,0.45898789521698724,0.2892892892892895,0.5695364238410596,0.9076518321521091,0.9180948027966215,0.9832232248491537,0.16095105316368716,-0.2717894338241357
21,2.0,2.0,5,1.8132226758745957,2.0915690657074197,2,0.3801449670965109,36.45480335854993,0.9246586340740083,5.105189722105378,5.521161576799559,0.49312049387470225,0.5174602001656874,77.30473796907563,0.9748058512026434,0.10193548387096774,0.16,0.6370967741935484,0.26602150537634406,0.09666666666666665,2.7519466073414907,0.2637634408602151,0.035591397849462365,7.410876132930515,0.015508323853839396,0.02108463234867232,0.024227547746527786,0.03572607878372114,0.02441638402084609,0.03193367923290943,0.038151185936220744,0.05488497427236621,-2.3136516305399937,-2.300546760733508,-2.293160602464133,-2.266137931041295,-1.4698050886331326,-1.4584796024580098,-1.4491123654098912,-1.4239013974869716,0.7206877026131128,1.3023023023023015,0.1987459549580982,0.047047047047047236,0.5264900662251656,0.7578053539429008,0.854116627831285,0.9259228464110248,0.16485455201598045,-0.24370533218689394
21,2.0,3.0,5,1.1712820891768994,0.08475502840909677,1,0.5069565430740808,38.19818014665476,0.9274008552449198,5.398103503099334,5.82067988461552,0.572635054062751,0.6226806272678609,42.931542317895556,0.9031181394494804,0.10838709677419356,0.12666666666666665,0.8556876061120545,0.2193548387096774,0.08333333333333333,2.632258064516129,0.1618279569892473,0.04204301075268817,3.8491048593350383,0.0916705956218423,0.09660536853609858,0.10780248509430242,0.15242366750311565,0.10806483971614024,0.10180519655973365,0.113311846443904,0.15670612961653782,-3.1235190380679296,-3.1065495806531125,-3.068045480078543,-2.9146043252692406,-2.8173053508080503,-2.8370773330596313,-2.80073192620491,-2.663664848214809,0.6946371387326972,1.5005005005005003,0.07396196474389663,0.3113113113113108,0.5264900662251656,0.8476536448829991,0.8906009795033307,0.9473243307953071,0.1537493378349483,-0.26167271341730175
21,2.0,4.0,5,1.7553240713704736,2.022817982476621,3,0.5795328521747967,45.72165566414841,0.5272752213369772,5.687982121243456,10.78750127271449,0.700208495296633,0.7822321371168344,3.8349490873740613,0.9582970100160763,0.10516129032258063,0.06666666666666668,1.5774193548387092,0.2595698924731183,0.06666666666666668,3.8935483870967738,0.2619354838709677,0.05526881720430108,4.739299610894941,0.015767407454718864,0.021481201611205012,0.029991409378895925,0.05727523061313486,0.01943527611276474,0.027403335147842028,0.03969410301441732,0.07454436317047293,-2.5579154687003824,-2.5430659274755287,-2.520948805714161,-2.4500410661118424,-1.9124729749806688,-1.896932238916633,-1.8729605817542148,-1.8049893616033594,0.6838058591757568,1.39039039039039,0.058853157751914506,0.0030030030030028442,0.5596026490066225,0.8708648489901847,0.8934280902843814,0.9592783822638147,0.16157850492898815,-0.24329515563046483
21,2.0,5.0,5,1.468820548332286,0.7476737299073362,3,0.6845109228879495,48.10341201822156,1.1501232210602597,6.242463289708684,5.427647381950925,0.7397589730838662,0.7290476577819831,5.926001248189412,0.9214295249522286,0.11483870967741935,0.1,1.1483870967741934,0.20602150537634406,0.1432258064516129,1.4384384384384383,0.24494623655913977,0.09215053763440859,2.6581096849474917,0.10334206916935801,0.12621033070275717,0.15939095448297694,0.21687472636988395,0.14241679701893065,0.15408574682868995,0.20306520154516383,0.27831389269287177,-2.1484056979887782,-2.093613004262265,-2.0141117376798023,-1.8763797678646108,-1.5430609367731887,-1.5220648391793743,-1.4339354506667235,-1.2985394734021107,0.6888350506831162,1.588588588588589,0.26275984069701697,0.24524524524524513,0.5165562913907285,0.883559636005335,0.884562129270039,0.9576222454405694,0.17336573448897605,-0.1778126723613701
21,2.0,6.0,5,1.5313832648989336,0.991386006946164,2,0.4267640421700456,32.33255717464326,1.0989087086955762,5.9014538932686404,5.370285854112276,0.4674792919356209,0.5931440428408058,5.05839817793731,0.9461737556759785,0.12182795698924731,0.12978494623655915,0.9386909693454846,0.12483870967741935,0.13333333333333336,0.9362903225806449,0.15,0.09,1.6666666666666667,0.09847474469003303,0.14189474448004233,0.1888203186625008,0.2570092253035421,0.11351104187267042,0.15066207140249196,0.19377670266104757,0.2655756002460377,-2.3097467389865933,-2.19850281949452,-2.078277466622136,-1.9035745353159528,-1.9725623124986822,-1.889896059242851,-1.7939599554051213,-1.634197334385806,0.8134378515445413,1.5445445445445445,1.5107033044866556,0.5095095095095097,0.5529801324503312,0.8994639388882355,0.8976838312188256,0.9721730564427163,0.18374821290738216,-0.23468158765314545
21,2.0,7.0,5,1.8006764255097825,2.150149096718155,2,0.6549175313862723,40.36611441768429,0.2694594899732492,7.573010482988314,28.104448960918507,0.7648489679927492,0.7777128274915659,27.24509898724559,0.9588663584593746,0.10516129032258063,0.11655913978494623,0.9022140221402214,0.2595698924731183,0.03655913978494624,7.1000000000000005,0.2250537634408602,0.052258064516129035,4.306584362139917,0.6241347016464764,0.2847911991131308,0.1596248539544537,0.09550752240901512,0.01728101744011837,0.024244591557031417,0.029995258491671735,0.04953837183749767,-0.7474420614400847,-1.4222572364000765,-1.6711618079530726,-1.7986649072662861,-1.4864874568166655,-1.475954165241855,-1.4672555500544229,-1.4376941053573409,0.6952713909183275,1.39039039039039,0.15423686462966274,0.025025025025024978,0.5629139072847682,0.8609386287767765,0.8840685165630653,0.9165829379857899,0.155838816778335,-0.21826279568808532
21,2.0,8.0,5,1.3919545936456847,0.9686141461824787,2,0.40661394181572297,23.491108476583285,0.1629191250777291,7.723806949518506,47.408841324389996,0.539633604305898,0.7396871081292036,29.359757206914512,0.9437341351089245,0.11483870967741935,0.06666666666666667,1.7225806451612904,0.28569892473118275,0.06333333333333332,4.5110356536502545,0.2118279569892473,0.05483870967741935,3.862745098039216,0.014400915291324637,0.01311057379596872,0.019517931452319073,0.04218334720949662,0.015912975047754983,0.014722744798652123,0.020011126900595883,0.045103157419505775,-2.570838897193352,-2.574204626888509,-2.557491660585335,-2.49837113850527,-2.370881816864912,-2.3737493429921033,-2.3610084688130737,-2.3005562553430403,0.728098049083287,1.3243243243243243,0.19383261628943232,0.025025025025024978,0.5496688741721855,0.9187366950618757,0.9111194289437676,0.9671636340070766,0.14730508382839258,-0.2833124523925145
21,2.0,9.0,5,1.7285140462572162,1.939721534297112,3,0.3989592316131675,31.725666619966496,0.45480208043048687,5.978023907744921,13.14423166685276,0.5979443648271959,0.6795336090493747,38.23371165697204,0.9458371611510215,0.13118279569892474,0.07333333333333333,1.7888563049853374,0.1661290322580645,0.11000000000000001,1.5102639296187679,0.12451612903225806,0.03623655913978494,3.4362017804154306,0.10172667790185555,0.1281777997746775,0.17082494151918104,0.2491024695539118,0.1127717801848693,0.14083692351461866,0.18652784215219076,0.26995431693368127,-2.3794749418010075,-2.309407424342187,-2.196437571376438,-1.9890848515720565,-2.0489212093893525,-1.9841089478667677,-1.8785925878342709,-1.6859315905995356,0.6697565380975228,1.4124124124124113,0.07978144572076629,0.2672672672672673,0.5562913907284768,0.921061373111614,0.9100468037236995,0.9762531224112493,0.17169136414501204,-0.24184899748392813
21,2.0,10.0,5,2.079464950888001,3.181012767072291,3,0.3785013414630247,35.5955446134371,0.37254139527765257,6.246756947412842,16.7679539149124,0.5378046658598741,0.6988637687081691,7.945413279614203,0.9545757942105946,0.11806451612903228,0.1032258064516129,1.1437500000000003,0.2563440860215053,0.03645161290322581,7.032448377581119,0.1572043010752688,0.12591397849462366,1.2485055508112723,0.0912195097399634,0.09517384084195647,0.09994708605003419,0.14763155859528285,0.10629996090394046,0.10399610090623221,0.11942207859453693,0.17217879932274097,-2.2126191515437403,-2.202991492475805,-2.191370013058498,-2.0752720352567415,-1.7200387100110537,-1.7244727798389037,-1.6947835355702248,-1.5932465568345664,0.6780371844496806,1.4124124124124113,0.34716868189265593,-0.08508508508508507,0.5827814569536424,0.9377480027405035,0.9137767271854816,0.9630462098161261,0.17392237335246527,-0.19467817814268834
21,2.0,11.0,5,2.061436292662071,3.595081728568158,3,0.5262084182237561,37.92136602182932,0.06611971385036508,6.025467988529198,91.12967430810997,0.6608573372898539,0.82728523591485,26.385306740631442,0.9435861214634927,0.10193548387096774,0.06,1.6989247311827957,0.3029032258064516,0.06333333333333332,4.782682512733447,0.14129032258064514,0.08494623655913977,1.6632911392405063,0.040394510691467087,0.04867999460487102,0.06368917818302267,0.12046381180909593,0.04737859238878977,0.05594920466231148,0.07532374085292975,0.1394674460314169,-2.1993051583030288,-2.1803157843229815,-2.145916465818528,-2.0157955505197194,-1.8259430285707094,-1.8095152540042507,-1.7723789908398935,-1.649431143603235,0.7469277629784014,1.3243243243243243,0.1795784647002097,0.24524524524524513,0.5562913907284768,0.8648888087737937,0.8962922957075619,0.9606720977225754,0.16150114359813858,-0.27142889735477704
21,2.0,12.0,5,0.834456428950253,-0.5317490700220424,2,0.6394586609760906,51.330178833230214,0.9735099115861612,9.09026353309503,9.337617855666268,0.6654087767747481,0.6622156495206126,27.590186499869443,0.8104889347736275,0.10193548387096774,0.09655913978494624,1.0556792873051224,0.2864516129032258,0.09935483870967741,2.883116883116883,0.22580645161290325,0.1978494623655914,1.1413043478260871,0.07945681723597542,0.08349553738544832,0.10024911068029933,0.1744851431242586,0.0992326923180202,0.10062431520382846,0.11618265751905052,0.18887267738187424,-2.617214411475782,-2.6057318468584656,-2.5580994334182368,-2.3470375108479846,-1.9946129827499464,-1.9915314443199292,-1.9570798481004024,-1.7961187917895882,0.7513831796893485,1.6766766766766759,2.776153294436798,0.7517517517517519,0.5397350993377483,0.8633094176286735,0.8599108183773984,0.9343625635935954,0.19573832024857346,-0.2973502284395345
21,2.0,13.0,5,-0.08484941946958394,-1.306529440142303,3,0.15483358213672793,45.82268982310243,0.6037423998180647,6.023034132980136,9.976165554705373,0.28378118549659637,0.3283167893751363,1.7586558186873587,0.46807912772297655,0.10516129032258063,0.12569892473118277,0.8366124893071002,0.30881720430107523,0.24075268817204298,1.2827154979901743,0.4046236559139785,0.3027956989247312,1.3362926136363635,0.7630262196533449,0.4382852550484759,0.3524775538861416,0.4907640265514075,1.2490430508074273,0.21169881800261167,0.2150572269803421,0.3657778067899326,-1.1075232876232866,-2.6252362608434416,-3.026268084514758,-2.3799708924118135,1.099745769628517,-3.481048305841475,-3.4662179540048466,-2.800653026558933,0.8161885561897724,1.5445445445445445,2.920555512182745,0.861861861861862,0.5662251655629139,0.8066750218126396,0.8523111917477637,0.8098425051618349,0.21110455602803085,-0.43757788344755066
21,2.0,14.0,5,1.37718526570015,0.6394717270542181,2,0.6218065790006866,43.8891525035228,0.3921571442141871,8.107136259123074,20.67318262266604,0.689472671211177,0.7287930961588488,3.2462201304840823,0.9438763723808323,0.1117204301075269,0.07655913978494625,1.4592696629213484,0.16440860215053762,0.09301075268817205,1.767630057803468,0.17032258064516131,0.05580645161290322,3.052023121387284,0.09207692805520626,0.1152474520643641,0.1400634934236324,0.2358125177491984,0.10719372902508618,0.11781331731042227,0.13935017184491175,0.22642683427786445,-3.0152039939523436,-2.9382549013549597,-2.85584106109394,-2.537859450664019,-2.772544865026961,-2.7395665068697563,-2.6726853733140654,-2.4022751385959085,0.6827248477054246,1.4344344344344344,0.6379766808606282,0.3993993993993996,0.6059602649006622,0.8783802700764528,0.885782392659353,0.9539974228691008,0.18312568495774462,-0.25338736676959395
21,2.0,15.0,5,1.7854547865355102,2.052481907660974,2,0.2574846714418628,52.232424498418766,1.00553319225769,4.341516513905656,4.317626257724815,0.28670109097384633,0.6395893720864805,102.17910829099331,0.9724558977857438,0.10193548387096774,0.11000000000000001,0.9266862170087975,0.26602150537634406,0.08,3.3252688172043006,0.3356989247311828,0.03258064516129032,10.303630363036305,0.01662630710368681,0.02054452326008361,0.027908302822457383,0.05176550016671962,0.025685805486682478,0.027019370226039487,0.03767444624168181,0.07162829021119539,-2.2454406414894974,-2.236493766193494,-2.219679273367655,-2.165203623982462,-1.5825607569349818,-1.5803946720773216,-1.5630878266475086,-1.5079372178235384,0.6526543954003677,1.28028028028028,0.04341478330055092,-0.15115115115115163,0.5397350993377483,0.8780537855402518,0.9056925168609442,0.9697104694226908,0.15582837666136867,-0.2183626463844912
21,2.0,16.0,5,2.389713447433936,4.614555630055555,2,0.6161465248479929,44.62203548762734,0.06041008949800446,12.319090461901265,203.92438687428537,0.7660551984351299,0.7811894678635918,9.832535661532667,0.9886361995913635,0.11483870967741935,0.11666666666666667,0.9843317972350231,0.28537634408602147,0.06,4.756272401433692,0.3203225806451613,0.05580645161290323,5.7398843930635834,0.03096687184033964,0.03749466829110097,0.04905299694696824,0.07419328325024896,0.05104179970975239,0.060549593499879005,0.07948206523433719,0.12179643307599393,-1.7772490314207208,-1.7652767679528452,-1.7440782889622508,-1.6979699071291132,-1.0133963683730918,-1.0032429562468175,-0.9830248917481303,-0.9378372041475359,0.7367337583894722,1.28028028028028,0.11969557023590428,-0.4374374374374374,0.5033112582781457,0.9327223968005899,0.9349575383062162,0.9779226513776855,0.14048209032101386,-0.17736648454239234
21,2.0,17.0,5,2.4514833777563916,5.091432925018751,2,0.3318846757876951,39.46592445005798,0.3302642555811894,9.18352728086659,27.80660372920372,0.6036878342532674,0.8401408019200352,1.3747463366721777,0.9986068068661293,0.11483870967741935,0.12333333333333334,0.9311246730601569,0.2724731182795699,0.08655913978494624,3.1478260869565213,0.323763440860215,0.0389247311827957,8.317679558011049,0.0096184357195936,0.012189590040318226,0.015191221176727616,0.02624131421482992,0.016747085137297384,0.021363951713310663,0.027070987015763496,0.046806982131652984,-1.466510653859443,-1.462703408914613,-1.4582587340546775,-1.4418962736142014,-0.7979209215270859,-0.7941742817996924,-0.789542957753878,-0.7735269732883515,0.6725812656420485,1.1261261261261257,0.04126820845702952,-0.283283283283283,0.48344370860927155,0.9903615691859101,0.9735177130175936,0.9976436441526056,0.12142157037825026,-0.22332380971113874
21,2.0,18.0,5,1.2763045660674135,0.39026803533988375,2,0.5178665615463767,29.60978310725307,1.0020682344317904,6.049000705935363,6.036515776159065,0.5847241055006425,0.714692046483031,3.878863961199453,0.920052880938212,0.10516129032258063,0.06666666666666667,1.5774193548387094,0.28623655913978496,0.049892473118279566,5.737068965517242,0.19193548387096776,0.06881720430107527,2.7890625000000004,0.03102792660703384,0.04282538098069536,0.05557443551470137,0.10604117981436477,0.038371783769589274,0.04670716804507615,0.0627914501481601,0.11431598077992575,-3.1121086396130933,-3.074218012328912,-3.0332710708724395,-2.8711838495161306,-2.649049006301472,-2.6260870745908194,-2.581778836954791,-2.4398414391470666,0.6978068183195423,1.39039039039039,0.18891927762076643,0.3993993993993996,0.5264900662251656,0.8218867793419153,0.890306752938844,0.9176486530273106,0.15717093601083432,-0.2807163484179543
21,2.0,19.0,5,2.076094856269619,3.2958775414878554,2,0.6719035592365707,50.82721054411261,1.0029540779371675,6.871256312014622,6.851017871273951,0.7680351039458393,0.8062519020059267,4.8322306818816125,0.9814313276022795,0.10193548387096774,0.15,0.6795698924731183,0.2564516129032258,0.08,3.2056451612903225,0.2193548387096774,0.06838709677419355,3.2075471698113205,0.015230294571435524,0.020112781530463628,0.024661178232283934,0.038226228697171794,0.02226068821712527,0.026748199507427753,0.032936995518120876,0.05054404965644726,-1.9056321679911346,-1.8961840461027057,-1.8873824237335433,-1.8611326351953554,-1.3870556100401377,-1.3806894676182047,-1.3719098224483965,-1.3469318319712484,0.7166433968337274,1.3023023023023015,0.26942037136818825,-0.08508508508508507,0.4735099337748344,0.8718897977212013,0.9059962797083801,0.9539602512982279,0.14250849436467547,-0.21187434231089375
21,3.0,0.0,5,0.5990856389220037,-1.0710297884967381,2,0.39063732555146136,-326.1956881171679,0.5626387782111728,5.000698513752202,8.887937887344323,0.5130825743092144,0.4715798127481322,13.920461894692727,0.7109437035887957,0.12451612903225809,0.12645161290322582,0.9846938775510206,0.23860215053763442,0.15655913978494623,1.5240384615384617,0.25150537634408604,0.10258064516129031,2.4517819706498956,0.1284753530044355,0.1445401719713171,0.19335503095276574,0.2712801625745,0.1489186713026609,0.17337899632838813,0.22913825778376384,0.3253160400909669,-3.031518808054546,-2.975638803956003,-2.805840779740694,-2.534785333465271,-2.2889907784332477,-2.223204517433883,-2.0732394894394877,-1.8145684913007918,0.8320601759267919,1.786786786786786,3.0724688427090037,0.971971971971972,0.5894039735099338,0.8300976144096399,0.8596823046648142,0.9192563095889729,0.18542440643773167,-0.33468935071717665
21,3.0,1.0,5,0.7674441301766255,-1.1527955280803035,2,0.3685527303178743,-341.5040002026841,2.252031800450135,7.61427645020085,3.3810696850190625,0.48406252770473823,0.636504608250607,11.783286806023726,0.9066929281174021,0.10193548387096774,0.13,0.7841191066997518,0.2726881720430107,0.05333333333333333,5.112903225806451,0.22161290322580643,0.03559139784946237,6.226586102719032,0.03066773599905695,0.03411477105555119,0.04206789506992279,0.0665674790775272,0.03510176575774204,0.03733824550189345,0.042989319401079015,0.07006995713075885,-3.2862558037449077,-3.2745695745943784,-3.247606683828466,-3.164547548045643,-2.990332964593541,-2.9834018511701306,-2.9658885093829945,-2.8819624321745816,0.6082844765071047,1.5445445445445445,2.266498079273693,0.22322322322322294,0.5728476821192053,0.8865527068278204,0.8922916566808738,0.9559668429020736,0.17246472629864792,-0.23675639440048662
21,3.0,2.0,5,1.1778195277996655,-0.09989299778880367,2,0.2307049223548041,-328.1353160261841,1.4870595918225678,8.43387323298073,5.671509924255301,0.41872661488482876,0.6308721283349823,3.3409098248424924,0.9449966445352213,0.11161290322580646,0.12333333333333334,0.904969485614647,0.28537634408602147,0.11000000000000001,2.594330400782013,0.3223655913978495,0.01935483870967742,16.655555555555555,0.04498700950259609,0.04332360513217817,0.05481914467530712,0.07941346188926969,0.049987131610790485,0.049435801843437946,0.06124990045762902,0.08720594236750148,-2.8663499117906786,-2.8713424082466026,-2.836840009762711,-2.763023297656966,-2.5067476044688344,-2.508202368524743,-2.4770291451027324,-2.4085403403253967,0.6212434409332012,1.5445445445445445,0.007944004296546008,-0.32732732732732733,0.5894039735099338,0.9001186886008314,0.9010050232094192,0.9598894658007575,0.163572474005138,-0.25151400823648784
21,3.0,3.0,5,0.7270875642881739,-1.0829685571423875,2,0.6899489312172247,-288.52415329178956,1.6091077869708865,7.264594326968334,4.514672283479398,0.7694712678346934,0.7473502814060162,18.85136792825407,0.9165561606791058,0.10193548387096774,0.05333333333333333,1.9112903225806452,0.2665591397849462,0.05333333333333333,4.997983870967742,0.16279569892473117,0.0453763440860215,3.5876777251184833,0.01838857375960046,0.02689940694869287,0.03599199171309192,0.07688598558500387,0.0214580264583544,0.028648968338404118,0.03812938897278949,0.08270233040815488,-3.259360520183148,-3.2311009941132074,-3.2009098094801924,-3.0651246448257634,-2.9251476734749433,-2.903651848585194,-2.875312103217025,-2.742070566865038,0.6872231089921239,1.4124124124124113,0.05594325706169377,0.3113113113113108,0.5894039735099338,0.8513465580099581,0.8815301360303793,0.9489597903412061,0.16164343254537988,-0.23635120812474572
21,3.0,4.0,5,1.2324297847400434,-0.04866434108468898,2,0.6221010553818659,-295.90380727727256,0.36517863855764665,10.106306203739788,27.674965446108423,0.7243681520752895,0.7727880103904488,9.754351223506408,0.9659588859305185,0.10193548387096774,0.06333333333333332,1.6095076400679118,0.26301075268817203,0.06666666666666668,3.94516129032258,0.23795698924731185,0.048602150537634406,4.896017699115045,0.010986961740863548,0.012819689452767923,0.01670500311521888,0.03713796789806141,0.012707643473016558,0.017315376901617288,0.022233884941037667,0.04937426089161217,-2.948793905221011,-2.943329532055308,-2.931745266929872,-2.8708233177882323,-2.183481498934969,-2.173291102314493,-2.162413401058691,-2.102390138070329,0.6919744514461724,1.3243243243243243,0.4473533054498463,0.2672672672672673,0.5165562913907285,0.9081019790794445,0.9124351170398275,0.9647059719808233,0.146700492231474,-0.1957051849054341
21,3.0,5.0,5,0.8264466515560382,-0.9102115617575626,2,0.5768655374070938,-317.29267558218896,4.050344904048051,8.065375949153067,1.9912812711560093,0.6791003841565926,0.6909181839459435,56.97889480016117,0.9123793457036943,0.10193548387096774,0.15989247311827956,0.6375252185608608,0.26623655913978495,0.09666666666666665,2.7541713014460516,0.16817204301075267,0.05526881720430107,3.0428015564202338,0.056597461814587295,0.0706475233940864,0.0769731607924047,0.10918348577255602,0.06825182283825931,0.08111765501191788,0.08851538895547065,0.12667162284885036,-2.945025006862938,-2.9011648506467194,-2.8814180728203347,-2.7808669202569907,-2.331662984341405,-2.299466747871751,-2.2809542110866174,-2.1854697439615234,0.7684060467665874,1.6546546546546546,0.7814350607844542,0.2892892892892895,0.5662251655629139,0.8713438370703668,0.8829358738571651,0.9479275409384198,0.18589367001476806,-0.24837130461756662
21,3.0,6.0,5,1.55500590777959,0.9153190282779291,2,0.3727864545412555,-334.1723351099814,1.5467908697103134,7.822876293667539,5.057488020428143,0.5233167904827037,0.7001488026128982,175.36442881708894,0.9515447424160427,0.10516129032258063,0.12666666666666665,0.8302207130730052,0.29225806451612907,0.11333333333333333,2.578747628083492,0.27290322580645165,0.026236559139784944,10.401639344262298,0.037054982805219204,0.040049280725850823,0.054530370816161876,0.08372669501139554,0.051685644858313055,0.05977638273134948,0.07646573962858853,0.11750089690828783,-2.0938843289169453,-2.087373351259691,-2.0558848165414068,-1.9923986105766354,-1.3919995648333154,-1.3801234358499421,-1.355625675785102,-1.2953915131717209,0.6312196427929677,1.5225225225225214,0.0017793043899185772,-0.283283283283283,0.5629139072847682,0.9380028872612656,0.936120753881298,0.985874265870663,0.13396727389548804,-0.2511760104279011
21,3.0,7.0,5,1.43965292543524,0.4588040510874474,2,0.6177323647679502,-327.59569285910436,0.7179565664698512,10.954352845937477,15.257681811866927,0.6962650036123011,0.735740262376432,7.885360105992879,0.9631100259736397,0.10193548387096774,0.15333333333333332,0.664796633941094,0.25311827956989247,0.06000000000000001,4.218637992831541,0.2591397849462366,0.05559139784946236,4.661508704061896,0.04524417904403282,0.05881736703150706,0.060980409896835834,0.07490345083469394,0.05654916960941134,0.08131981615217732,0.08494419287535507,0.10572778639470588,-2.270344763175515,-2.238068640222838,-2.232925070595887,-2.1998170209910217,-1.5028058607159183,-1.4633491433130836,-1.4575759388114997,-1.424470126466529,0.6081267561277198,1.4784784784784788,0.001691329517029647,-0.23923923923923943,0.5596026490066225,0.8683843365269277,0.8954858149711318,0.9733036258628689,0.15496473939325314,-0.18957833417633627
21,3.0,8.0,5,1.0164923630319758,-0.4548358068926146,2,0.4576902220341077,-298.88066186320657,2.4886518506786293,7.979045406570988,3.206171809204725,0.5244153631527667,0.5509021758955996,12.401268496667731,0.8490908532142688,0.10516129032258063,0.06,1.7526881720430105,0.21043010752688174,0.0464516129032258,4.5300925925925934,0.2035483870967742,0.06838709677419355,2.9764150943396226,0.04339664476684115,0.05384186347940248,0.06098738451595746,0.1349208074670564,0.04580204597666664,0.057459685969853805,0.0655349020871723,0.14379083444181284,-3.2658735673654684,-3.2302132662468392,-3.205818235484428,-2.9534072331186736,-2.8877732630943282,-2.852492721000144,-2.828053983630214,-2.5912211669390945,0.7269430979102537,1.5665665665665658,0.9571521538991856,0.3333333333333329,0.5629139072847682,0.8603405210583095,0.8889887179506167,0.9560180086110018,0.16819268910664387,-0.3179826956834323
21,3.0,9.0,5,1.0802858840819145,-0.2924522090070196,2,0.5090771172262192,-317.8760541530158,0.7902480188735256,8.902003644588934,11.26482247595947,0.7011509583285158,0.6808587548159563,3.6611355148537466,0.9354041775508422,0.10516129032258063,0.07666666666666666,1.3716690042075736,0.2924731182795699,0.07333333333333333,3.9882697947214076,0.1610752688172043,0.042150537634408604,3.821428571428571,0.02809088459090802,0.03386728542300115,0.04082803873155848,0.07516165394133544,0.03449738373522118,0.04048160838163934,0.05088737306138034,0.09055151621025591,-3.1303472926301024,-3.1117425276174004,-3.0893231728355115,-2.978740673181837,-2.461615532563097,-2.4463583389607026,-2.419828123990449,-2.3187016545057695,0.6638646728705938,1.3683683683683687,0.0758367791499719,0.24524524524524513,0.5562913907284768,0.8331670859240956,0.884033636354029,0.93891434473604,0.16737252136950853,-0.23026133559282908
21,3.0,10.0,5,2.148522080338907,3.234177035687215,2,0.5553445077847874,-310.9566240458181,1.689024376770341,14.368613943643622,8.507049478538901,0.6002090461327001,0.7433674714007402,12.133692519239359,0.9915027545881847,0.10806451612903227,0.1,1.0806451612903227,0.1461290322580645,0.29333333333333333,0.4981671554252199,0.22580645161290325,0.10333333333333332,2.1852237252861606,0.10654003386306568,0.17993218304501626,0.2115231073668855,0.2984758347199047,0.1512699112991474,0.21687016884309013,0.25925306863557096,0.3596251574280034,-1.621734610567642,-1.4885192534353773,-1.431178021265668,-1.2733486245649426,-1.1103156697136767,-1.024496874247401,-0.9690512167951855,-0.8377436262292399,0.681776531053021,1.5005005005005003,0.06513490946272796,-0.5475475475475475,0.543046357615894,0.8798383351020554,0.8913154412350854,0.9562304862939766,0.16656026239882185,-0.20300315325369933
21,3.0,11.0,5,0.5604989093588244,-1.3441956970126538,2,0.7153114898495,-303.8201162464935,0.5596271739726124,9.303004754866254,16.62357581535441,0.7525075313825529,0.8244234726065349,3.412719562603687,0.9705125128817745,0.10516129032258063,0.08,1.3145161290322578,0.2961290322580645,0.06999999999999999,4.2304147465437785,0.14612903225806453,0.06494623655913978,2.2500000000000004,0.06281012121791453,0.06981635952366,0.0868244968428251,0.13399109650634328,0.06968986549400041,0.07560209747736837,0.09528358619711214,0.14813511074111624,-3.253572188842384,-3.2292491539739334,-3.170203272431166,-3.006458506955345,-2.8452994170352977,-2.827217199512657,-2.767022511415005,-2.605379198720864,0.7066624134956275,1.4124124124124113,1.4360089846512607,0.44344344344344305,0.5132450331125827,0.8775362331641562,0.8919025500834424,0.944102411396272,0.16425333746973303,-0.2033650384141033
21,3.0,12.0,5,1.0266309390815647,-0.5126160540041118,2,0.5188586592511937,-306.11010304782474,0.46410283234784294,6.556387972124399,14.127015642107558,0.5998884558199007,0.6021533149946069,84.63351454166883,0.9013816383770291,0.10193548387096774,0.10333333333333332,0.9864724245577524,0.2565591397849462,0.09333333333333334,2.7488479262672807,0.2517204301075269,0.05204301075268817,4.836776859504133,0.016930111668243375,0.022318668548656356,0.028546557315875777,0.049881206595179174,0.020558668509420817,0.028609051500669013,0.03600459304080432,0.061628524466318446,-3.003261101096636,-2.986799155245102,-2.967773065341884,-2.9025960895779304,-2.3250038969525892,-2.3058938479636133,-2.288338265665773,-2.2275120185960278,0.7372262057131306,1.3683683683683687,0.6711611767496287,0.3113113113113108,0.5463576158940397,0.8808547044338793,0.886128209011927,0.9491901637562905,0.1493215714833533,-0.26328657264327726
21,3.0,13.0,5,1.3849782845372518,0.32673849291484647,2,0.5405842342068068,-311.6715752609369,3.1116744185649674,7.0581990028575765,2.268296117597244,0.6590671930662998,0.8199617110715993,4.910831486868264,0.9678627095216819,0.10193548387096774,0.09666666666666668,1.054505005561735,0.26602150537634406,0.0732258064516129,3.6328928046989715,0.1953763440860215,0.05193548387096773,3.7619047619047623,0.013623468417924122,0.01572871189582393,0.018548350206516805,0.03343774441651819,0.01995892325460408,0.0221638721136716,0.025514476707270663,0.044371912765969856,-2.5899776472045555,-2.5844498052749243,-2.5770461414973775,-2.537950322659851,-1.825157316597086,-1.8210509799971815,-1.8148110573713465,-1.7796923381549092,0.6997730793322139,1.39039039039039,0.03922776758927715,-0.6356356356356354,0.5397350993377483,0.8871691719870057,0.9066924932120185,0.9754322569259885,0.16413237728578686,-0.21066925093170927
21,3.0,14.0,5,1.176085319506697,-0.21858917974464864,2,0.7202619708354354,-307.64068880792274,0.7679816100837854,6.082020487877309,7.919487143987435,0.7884255711759476,0.8005018637486058,25.057980529166173,0.9300130770544994,0.10193548387096774,0.09,1.1326164874551972,0.2563440860215054,0.07666666666666666,3.3436185133239835,0.2327956989247312,0.05247311827956989,4.436475409836066,0.02594110652495201,0.03499193965954388,0.039431165702138934,0.06149780127738248,0.037474898394689746,0.04953681387259732,0.057617874047462464,0.08929089996181688,-3.395746483389558,-3.3641936327411868,-3.3487176832641135,-3.271789377740879,-2.2642986705728565,-2.2359235361107657,-2.2169131915698816,-2.142403768022089,0.8085357063251062,1.3023023023023015,0.8648423275731727,0.3113113113113108,0.5364238410596026,0.8033307105742131,0.8623641053085371,0.9293921455316762,0.16728249242704368,-0.21382007005323767
21,3.0,15.0,5,1.223353862919486,0.1857098215254287,2,0.48040818711167455,-324.6643307623377,2.8398776607065193,7.360345817837879,2.5917827094026067,0.5746897616723631,0.699782121637948,3.3450363186973213,0.9249212132522306,0.10838709677419356,0.09666666666666666,1.121245828698554,0.13462365591397848,0.06634408602150538,2.0291734197730955,0.14053763440860215,0.03634408602150537,3.8668639053254443,0.1286260002976394,0.14712286370121555,0.1805200272719604,0.23191907925100305,0.13402185642362427,0.14772273854846313,0.185444252511412,0.2380335982861632,-2.453553922310381,-2.4014717489040303,-2.3074343531347834,-2.1627084999083945,-2.1166686924811398,-2.083180285795431,-1.9909794049410723,-1.8624377984522895,0.7279850413007236,1.5225225225225214,0.37472541051816183,0.5755755755755753,0.5860927152317881,0.8917433187939215,0.8985893957705557,0.9573818622954083,0.17501495282522006,-0.24854704552634782
21,3.0,16.0,5,1.558648094225244,0.832919194024027,2,0.7575685710964313,-315.8296114536067,1.486201180002686,8.93168621804442,6.009742380926032,0.8246884478889054,0.8544920515331121,3.144617277869583,0.9916916679647013,0.10193548387096774,0.09666666666666665,1.0545050055617353,0.24989247311827958,0.08333333333333334,2.9987096774193547,0.22634408602150535,0.03924731182795699,5.767123287671232,0.01681600726200568,0.017986469807900238,0.024993947689587123,0.04224537883848252,0.027779157100173216,0.029996197485435805,0.04053657407409263,0.0685001321539447,-2.0867648651133983,-2.0842806097402997,-2.0694075455482746,-2.0327921402321394,-1.2072181658836059,-1.2044652405095688,-1.1913771297310265,-1.1566544475922143,0.6951485077218788,1.28028028028028,0.1259215613694151,-0.23923923923923943,0.4768211920529801,0.8348406667387911,0.876575006127197,0.9506276921692295,0.1598930713943568,-0.1600945100962209
21,3.0,17.0,5,1.5363360820371275,0.7691364615409073,2,0.5423814275132064,-321.33114442357453,1.3830410858573832,9.226863167755539,6.671430995150492,0.6562600430794138,0.6730012303787622,9.5395950552219,0.9597050680762541,0.11483870967741935,0.13655913978494624,0.8409448818897637,0.26924731182795697,0.08333333333333334,3.2309677419354834,0.23720430107526883,0.04903225806451613,4.837719298245614,0.04115955073284838,0.05023947386523528,0.05825186436816986,0.0921203355237209,0.05691444950286503,0.06538453160797598,0.0773933458880584,0.12246575100786734,-2.3411110057855393,-2.3189414070862306,-2.2993783029186825,-2.2166848259883003,-1.6047695116928797,-1.5903566840160561,-1.5699222928644796,-1.4932263647837118,0.6697070027165024,1.4344344344344344,0.004663034929742726,-0.4814814814814818,0.6059602649006622,0.8830635045548462,0.8984918332144594,0.9613122830873108,0.1608105683912275,-0.20247205641391033
21,3.0,18.0,5,0.9148174940583901,-0.7795253394393153,2,0.4378520640354949,-304.4746858420965,2.462757347715732,8.372633270050587,3.399698828557515,0.500383902179357,0.5543810767915495,2.8582160663564067,0.8756456030070837,0.10193548387096774,0.06333333333333332,1.6095076400679118,0.2595698924731183,0.0964516129032258,2.6911928651059087,0.2178494623655914,0.0553763440860215,3.9339805825242724,0.03640704920048607,0.045811909401574966,0.06193106276632399,0.10550536326312385,0.04687455562294038,0.05321498266466177,0.07343734335752362,0.12106140898578345,-2.376861778197198,-2.3536631311723224,-2.313902566820143,-2.206419329965215,-1.8156445437875168,-1.803566425601187,-1.7650440893535224,-1.6743232137111328,0.7497342045205845,1.6766766766766759,0.822081575524054,0.5315315315315318,0.609271523178808,0.8850883488568028,0.8796515519174326,0.9645071860778939,0.1688978851611524,-0.23435048640181144
21,3.0,19.0,5,1.5731725562126995,1.0140836922041645,2,0.546670685419564,-292.5502198416109,0.5821584873860652,10.951793322881208,18.812391402306222,0.6355489625883892,0.7570843836040149,2.7076310939274166,0.9565699593091743,0.10193548387096774,0.14333333333333334,0.7111777944486121,0.24989247311827958,0.06666666666666668,3.7483870967741932,0.23225806451612901,0.048494623655913977,4.789356984478935,0.022364004338795228,0.027477716920775053,0.03340235638549753,0.049828014787182295,0.030631465325525124,0.036488431002730304,0.042758088247039236,0.06275755353672786,-2.2602840027458257,-2.248461153756032,-2.2347634504558465,-2.1967875032887356,-1.6851207622276219,-1.6749391913252536,-1.6640402099610776,-1.6292737480968884,0.7487932520913321,1.4564564564564557,0.053177231778509665,-0.06306306306306284,0.5264900662251656,0.9200293997287028,0.9162513929051211,0.9769963797434721,0.1336016827814718,-0.24874822455879425
21,4.0,0.0,5,1.2823601033643297,0.038538953049179536,2,0.6312142944067394,14.671641590307281,0.507084291009209,9.292864673892446,18.326074853152335,0.7136740245888012,0.7187757275802004,7.113570205856772,0.938264802205816,0.10838709677419356,0.06655913978494624,1.6284329563812603,0.21032258064516132,0.11989247311827958,1.7542600896860987,0.26344086021505375,0.07290322580645162,3.613569321533923,0.0755214755503452,0.08915673434577981,0.11615561841469509,0.20874588991161813,0.07810030631135746,0.11248676120856956,0.1474586656728713,0.25743014383101015,-2.8659559078589014,-2.823685536545274,-2.739986879133012,-2.4529497781199456,-2.170949241254844,-2.089973785161723,-2.0076196744251873,-1.7486516991654875,0.7482812023141159,1.4344344344344344,0.6379766808606282,0.3333333333333329,0.5298013245033113,0.8773771557888042,0.8977219281907756,0.9553882410071257,0.16053764090592243,-0.20042550153923547
21,4.0,1.0,5,1.0979701612258355,-0.2313057908422853,2,0.5916148185066175,21.78062676063594,1.3245388906842674,5.992432795951974,4.524165230706238,0.6846587960131083,0.7365378767958712,7.60820479664883,0.929739069704041,0.10193548387096774,0.06,1.6989247311827957,0.2596774193548387,0.03666666666666667,7.082111436950146,0.2121505376344086,0.04193548387096774,5.05897435897436,0.028824612597090463,0.028326922676398532,0.03529537036342076,0.07092375831875926,0.03232016114933302,0.03173409022697787,0.03834353635940184,0.07773984862260878,-2.9427293210207472,-2.944237356275134,-2.9231224726026426,-2.815165966232305,-2.561511754555723,-2.5630631225767817,-2.5455674868514215,-2.4412828744240196,0.7153641753922125,1.4124124124124113,0.9571521538991856,0.4654654654654652,0.5496688741721855,0.8434078080809245,0.892595218993458,0.9447200222199768,0.15761717156883276,-0.2352734657894465
21,4.0,2.0,5,0.9911136330493899,-0.5416359854672654,2,0.507837745049915,23.214758289333233,0.06971899854199425,7.182693112762734,103.02346939817761,0.6071464906811216,0.5237646693222884,29.165463321777878,0.8363978482993762,0.10838709677419356,0.15666666666666668,0.6918325326012355,0.28591397849462363,0.09666666666666666,2.957730812013348,0.19903225806451613,0.055698924731182785,3.5733590733590743,0.05781739347877503,0.06521521750442727,0.06489861654466192,0.09474301232811044,0.06971770838842693,0.0793945232972496,0.08122070596476644,0.11582963907996065,-2.8528562469876517,-2.830456206550032,-2.831414849831724,-2.741048321773275,-2.193089594060356,-2.1702770324631415,-2.1659719067597956,-2.0843832408668037,0.7849500401263833,1.588588588588589,0.7427982482564911,0.3333333333333329,0.5132450331125827,0.9342392236288605,0.917744188422567,0.9514566070466854,0.15531193148146288,-0.24887132120916547
21,4.0,3.0,5,1.784880275254178,2.248747344727187,2,0.3717932568755222,11.10795736866316,1.5669088880984707,6.449569802219988,4.116110292824295,0.4273418371782338,0.7296207712045452,5.0062703492147484,0.9797727164126692,0.10838709677419356,0.05,2.167741935483871,0.2789247311827957,0.03634408602150537,7.674556213017753,0.26623655913978495,0.04526881720430108,5.8812351543942984,0.013106791727334173,0.019279223228055843,0.02602209724711701,0.06370887197789439,0.016749553989854154,0.022367509788210106,0.031559465996033216,0.07644900233751327,-2.087522288430609,-2.0744660750292416,-2.060203235154696,-1.9804864212480942,-1.7228984805624106,-1.7130544295903205,-1.6969478440829173,-1.618290250516884,0.6912739614743897,1.2582582582582587,0.8648423275731727,0.22322322322322294,0.5099337748344371,0.9217401233583924,0.9291411831130092,0.9657379163331352,0.12203125741275342,-0.2876804488497623
21,4.0,4.0,5,1.4133755523377425,0.7277475439745769,2,0.44557430817239185,9.598329584397167,0.17588330528145701,9.247926081262474,52.579897031520375,0.5068596284194513,0.71642195588497,46.3142493607642,0.9694828596694474,0.10193548387096774,0.08333333333333333,1.2232258064516128,0.27290322580645154,0.08,3.411290322580644,0.2452688172043011,0.048817204301075265,5.024229074889869,0.025368970772733642,0.030580737622640436,0.038113194593586135,0.06791337403219258,0.02818613962391619,0.0345588078140596,0.043703182326209594,0.07382292999627092,-2.4990570439136137,-2.4856935224712258,-2.466379506103265,-2.3899686941111775,-2.202885032375119,-2.1884396164938025,-2.1677113612542116,-2.099436618500886,0.7542671431625985,1.4124124124124113,0.3300034791125282,0.047047047047047236,0.5529801324503312,0.8907746104747751,0.9042452759000215,0.96815045714935,0.15959467214982687,-0.2744959042948568
21,4.0,5.0,5,0.6095131198802641,-1.2978928826443594,2,0.4376985332802915,19.2787015121919,2.8552019719189174,9.262045140234328,3.2439194254301786,0.5862324815968768,0.674447781112069,3.633951350325567,0.9381336396379196,0.11483870967741935,0.05655913978494624,2.03041825095057,0.30204301075268813,0.05645161290322581,5.350476190476189,0.23053763440860214,0.061290322580645165,3.7614035087719295,0.017817682743262838,0.0291276237587701,0.03732288288335383,0.07787912812309014,0.019462989358226327,0.03245625265726437,0.04044137394597889,0.07943474885447552,-3.4515313824433322,-3.411786606282388,-3.382987274876423,-3.2404667359300596,-3.0102984050614254,-2.9704084270584157,-2.945893699293161,-2.826182058609469,0.7136321938543474,1.5445445445445445,1.1144152514667882,0.5315315315315318,0.543046357615894,0.7813284070709924,0.8549237023288836,0.9066387436724507,0.17038592415875223,-0.2597789997172565
21,4.0,6.0,5,1.0322601301029466,-0.4833400585399512,2,0.4725370183159475,17.65356568594285,1.7201521695816773,9.697655895876228,5.637673263659339,0.5172392725879222,0.623325714354003,4.850131389147422,0.8789899703449169,0.10838709677419356,0.18666666666666668,0.5806451612903226,0.2724731182795699,0.11989247311827955,2.272645739910314,0.20881720430107528,0.05204301075268817,4.0123966942148765,0.0629685414415101,0.07622912403782016,0.08447217189966083,0.09802423414494132,0.06614092594165212,0.08608386241473373,0.09038088959129695,0.10527133359554121,-2.846879583953651,-2.806591414842614,-2.781547469462671,-2.740373729804122,-2.531888250538825,-2.477818757678404,-2.466168613751113,-2.425797490027046,0.7208991963599345,1.4564564564564557,0.3300034791125282,0.2892892892892895,0.5298013245033113,0.8897745457201663,0.8954295380281602,0.9514213656560153,0.1695273515045732,-0.26563169685310245
21,4.0,7.0,5,1.720064756369732,1.4648502850740375,2,0.3300175778955311,7.995288349310886,0.8824321798305764,6.217493018653395,7.04585934280766,0.4202953518305377,0.7423294739263866,2.701037633722514,0.9689607472784235,0.10516129032258063,0.11000000000000001,0.9560117302052784,0.2789247311827957,0.0532258064516129,5.240404040404041,0.25763440860215053,0.01946236559139785,13.237569060773481,0.022038586938676177,0.022699957313921947,0.025139659487310194,0.04316019744139732,0.033463311509383295,0.034760065428598316,0.037444333781103796,0.06462889615213296,-2.125223080899011,-2.1237858467017072,-2.118484092153771,-2.079323382253818,-1.3315275622780671,-1.3297411183639478,-1.3260431963518065,-1.2885929945161998,0.7441198652700424,1.4344344344344344,0.31368698245668797,-0.15115115115115163,0.5728476821192053,0.9113088451468089,0.9221813572620972,0.9769443338735245,0.14015575719703366,-0.24786158875241068
21,4.0,8.0,5,1.1990041284673352,0.03653790320260164,2,0.5964455263586376,11.648650448407249,1.0103871750857394,7.4541923275517465,7.377560316835177,0.6487578471429469,0.6902415334665888,4.07919225281838,0.9486336299477799,0.11161290322580646,0.05,2.232258064516129,0.2129032258064516,0.09333333333333334,2.2811059907834097,0.1752688172043011,0.04526881720430108,3.8717339667458432,0.0662498854167963,0.07859365190359517,0.09082255302891842,0.15579222888950536,0.07322044342053902,0.08539121807560665,0.10081771604237345,0.18073791709462292,-2.8932500659154035,-2.8550025705268576,-2.81711098857754,-2.6158006850708557,-2.4155966074096744,-2.383874196446234,-2.343665933447568,-2.135358612515893,0.7548473248690604,1.39039039039039,0.4706224849841282,0.42142142142142086,0.5264900662251656,0.8411725156627092,0.8914157207746088,0.9386302011118347,0.16564102346923074,-0.2675300171603614
21,4.0,9.0,5,2.3053906348813893,4.134116619065973,2,0.2674702285406696,8.953655622518081,0.14659510593836547,6.987885863244526,47.667934195446584,0.4604907894810545,0.7854400831449933,205.56999160808726,0.9923838150784069,0.10516129032258063,0.06999999999999999,1.5023041474654377,0.2756989247311828,0.07322580645161289,3.765051395007343,0.302258064516129,0.02924731182795699,10.334558823529411,0.00923125866899027,0.013504542039470034,0.017054640445397184,0.03523449495473681,0.01570013260574585,0.023730407337526703,0.030043898900483725,0.06129314573924813,-1.6770278059780095,-1.6697946195277684,-1.6637855343675927,-1.6330133468237678,-0.9382919733587844,-0.9306370476859378,-0.9246186597397184,-0.8948300572481407,0.6672689495836909,1.28028028028028,0.15042386651718054,-0.1291291291291294,0.5132450331125827,0.9214013506834282,0.9437773025140342,0.9903190425512938,0.11782850636453839,-0.22627342183018756
21,4.0,10.0,5,1.789219888333458,1.6874175270217417,2,0.6540901757537056,8.495676588695321,1.152839914596267,10.700899339499966,9.282207532905815,0.7333455868577583,0.7804280779618663,27.358081003300395,0.9813976921832758,0.10193548387096774,0.11000000000000001,0.9266862170087975,0.25311827956989247,0.0464516129032258,5.449074074074074,0.25870967741935486,0.03881720430107527,6.664819944598338,0.01218869820185572,0.014752849971262189,0.01764531890675194,0.03208922937733131,0.02027620694978667,0.024153654895803258,0.02752019648100314,0.04774547796562184,-2.016652094676316,-2.0114172871503957,-2.0055122083899852,-1.9760244486804257,-1.2473917736538487,-1.2424549774823748,-1.2381686711694826,-1.2124176891858758,0.7105650435679689,1.3463463463463456,0.6064329395408061,0.09109109109109068,0.5165562913907285,0.8493325560466788,0.8994464513518923,0.9512957242123815,0.14227572439004646,-0.2309199573271103
21,4.0,11.0,5,1.9983139358648494,2.7394735418531253,2,0.4302014233353658,4.242518511175973,0.8813681602237569,7.504797314584169,8.51494035441318,0.47210446318814225,0.700343834133319,19.357120423940852,0.9837928753545688,0.10193548387096774,0.12655913978494623,0.8054375531011044,0.2627956989247312,0.08333333333333333,3.1535483870967744,0.33408602150537636,0.04849462365591398,6.889135254988913,0.02531094958438127,0.026360086923795448,0.03284000315154773,0.054983943157396,0.034688922843532415,0.038334110977163896,0.046128696191389214,0.08208339849564741,-1.884175135056708,-1.8821470436491552,-1.8696206927802548,-1.826814157574575,-1.2030548580558786,-1.1985119066731897,-1.1887976147413835,-1.1439877287878222,0.7421950313662374,1.4344344344344344,0.1466108684046983,-0.06306306306306284,0.5264900662251656,0.931865528389977,0.9238237307474795,0.9827241692454649,0.143071913908466,-0.22539125902879192
21,4.0,12.0,5,0.9515437478202657,-0.7237944616581165,2,0.5063582851267414,1.3568616402920277,0.12292611401587873,5.854926424974739,47.62963892455301,0.5917365445610785,0.6862912062350153,22.27820094112779,0.9036395193869529,0.10193548387096774,0.10333333333333332,0.9864724245577524,0.24989247311827958,0.06,4.164874551971327,0.24182795698924728,0.05193548387096773,4.6563146997929605,0.019513109393018414,0.024088998251395134,0.03164151687149991,0.05169052257578062,0.02300266682683366,0.026772510488033665,0.03662926564882472,0.05830349350610761,-3.229682312016589,-3.214609527822091,-3.1897318511981556,-3.1236912751160526,-2.7538392591640757,-2.7432132900619846,-2.715430287582751,-2.6543376545132253,0.7752109152649487,1.3243243243243243,0.6711611767496287,0.20120120120120072,0.5132450331125827,0.8505059394431798,0.8862269338645047,0.9425475906899787,0.14953331632101635,-0.2576574448920431
21,4.0,13.0,5,1.5452902618215067,0.8311167351673956,2,0.4686149021779392,28.209409366923637,0.4290807594876991,9.276492003328151,21.61945460897342,0.48687791414075265,0.6623535719019142,8.600817464368879,0.98583066974423,0.10193548387096774,0.08333333333333333,1.2232258064516128,0.2595698924731183,0.0532258064516129,4.8767676767676775,0.2170967741935484,0.049032258064516124,4.427631578947369,0.03669485993669158,0.039991768753521034,0.056999508958845244,0.08889856207482379,0.046718435255952505,0.05219657398295561,0.07180469729336647,0.11243953286787939,-2.160614120902206,-2.1532194258583273,-2.115072464813518,-2.043525514901818,-1.6034356347330185,-1.594221313202269,-1.561240119807856,-1.492891642525402,0.7491700682268834,1.4564564564564557,0.5764488282925874,0.2892892892892895,0.5894039735099338,0.9406251070975553,0.9243724557230503,0.979311416408663,0.15322304471871798,-0.19936288801179894
21,4.0,14.0,5,1.145306214985794,-0.2637164416087221,2,0.2976814902323506,0.6828835940207263,1.3566591776904235,7.813070680778711,5.759051948537055,0.4082992660583581,0.7473705351788914,4.886541714574667,0.9619845571657353,0.11161290322580646,0.06666666666666667,1.6741935483870969,0.2789247311827957,0.09,3.099163679808841,0.28053763440860213,0.03892473118279569,7.20718232044199,0.029245356242455937,0.036575929581114545,0.0477271665530691,0.08029397888575723,0.03658771513523985,0.04213011045856693,0.05396043867247431,0.09336417196749539,-2.6514922066968256,-2.631469682773749,-2.6010115045756836,-2.512059420078988,-2.2278629222666213,-2.215046294084308,-2.187689003752777,-2.0965690151601644,0.7669641543545659,1.2582582582582587,0.49510201595563513,0.11311311311311288,0.5298013245033113,0.9183799836297325,0.9253803732803441,0.968225696097643,0.1454137690296808,-0.24238939699700512
21,4.0,15.0,5,1.3742468079083547,0.4146940678007156,2,0.5899952990481941,6.925776586992827,1.1849925628534106,9.69886006326966,8.184743404562157,0.7207342550539074,0.7386186376807822,529.2691570455144,0.9603830762121607,0.10838709677419356,0.12,0.903225806451613,0.27279569892473116,0.11333333333333333,2.407020872865275,0.21580645161290324,0.03602150537634409,5.991044776119403,0.03256668280266581,0.03795644791791087,0.0549289140183878,0.0867015200005167,0.04206893978319006,0.04707998720161122,0.06745922890843638,0.10757629137372096,-2.5911142943130727,-2.5766786767001095,-2.531220660379053,-2.4461228535696167,-2.0415538976152536,-2.0308742946531186,-1.9874418159864435,-1.901943862492442,0.7723322546082482,1.28028028028028,0.8648423275731727,0.3113113113113108,0.4867549668874172,0.8842199465680525,0.8878639210295273,0.9661758662224634,0.16735340394760861,-0.20434217736557525
21,4.0,16.0,5,1.0413733143911381,-0.39015636732509007,2,0.4940509011414691,29.636515046601822,1.0479893327022962,8.101068470102302,7.730105848704839,0.539958037622901,0.6192711135184612,8.508080737297966,0.896077497285325,0.11827956989247312,0.06290322580645161,1.8803418803418805,0.15806451612903225,0.05311827956989247,2.9757085020242915,0.15559139784946235,0.055698924731182785,2.7934362934362937,0.10342800244658491,0.11709489559950087,0.15903566354147738,0.26391993165235345,0.10982147246326528,0.12630083013641885,0.16090854326912798,0.27330933866024487,-2.611996074729376,-2.572180118658279,-2.4499934771676704,-2.144432632802631,-2.344424593404738,-2.301023623579772,-2.2098787899537204,-1.9138536883795711,0.663605094150028,1.5225225225225214,2.154434690031882,0.4654654654654652,0.5596026490066225,0.880080668281904,0.8997929940319356,0.9607740540148079,0.1511620570761324,-0.2609670716882181
21,4.0,17.0,5,1.5353404387234806,0.7198130926408148,2,0.6025533893686343,21.644268530763377,4.468632660817821,7.610054380190084,1.7029939486673624,0.7160109326610289,0.776205021115419,31.141468605628756,0.9915077375206742,0.10193548387096774,0.09666666666666665,1.0545050055617353,0.2563440860215054,0.056559139784946234,4.5323193916349815,0.1955913978494624,0.04225806451612903,4.628498727735369,0.011939009610746884,0.016123295449453037,0.02042053244360607,0.03630290120795975,0.01796132748630544,0.024172867182595578,0.029012107188335617,0.05121875251251356,-2.223133754974931,-2.2137191265471587,-2.2040503584166964,-2.1683150845293184,-1.5053968616503208,-1.4958750040834732,-1.488456786327581,-1.454415546288398,0.741423511582448,1.1481481481481488,0.34716868189265593,-0.019019019019019347,0.5827814569536424,0.8996019735292445,0.9081786804051457,0.9700180789570174,0.13957386982230782,-0.20121364919982884
21,4.0,18.0,5,1.068583423870431,-0.4964991074706213,2,0.38004149748919913,11.98165007671618,0.4983107462763542,9.803011145468298,19.672485931161766,0.4428505297376417,0.6495141817593553,6.535604793088726,0.8972272585405037,0.10193548387096774,0.07333333333333333,1.3900293255131964,0.2694623655913978,0.08655913978494623,3.1130434782608694,0.25784946236559136,0.055053763440860215,4.683593749999999,0.02865701260082995,0.036509441603158097,0.04260951672305207,0.0823998292793718,0.031467968059744916,0.0359982044661807,0.04376254662046896,0.08677972121290356,-2.872512114537345,-2.8492904536715704,-2.831250955874401,-2.7135807236886555,-2.600388828940067,-2.588225703968192,-2.567379404686141,-2.451883606329694,0.7245546811862802,1.5225225225225214,0.3842240846055061,0.025025025025024978,0.5364238410596026,0.9092328963467462,0.9256272589829281,0.963581080376228,0.14051196108502317,-0.286959555669078
21,4.0,19.0,5,1.2779315833998464,0.07300286912469023,2,0.6890790514575098,16.988759666678618,2.9294235771651196,10.70740006191547,3.6551218285330056,0.816192883276811,0.8139442386835821,3.3732170164043387,0.9737903398679049,0.10193548387096774,0.15333333333333332,0.664796633941094,0.26301075268817203,0.05,5.2602150537634405,0.23225806451612901,0.048602150537634406,4.778761061946903,0.013570223961115811,0.0154877762108051,0.017410961515175297,0.02788191347540522,0.014413227526589426,0.018304932554771752,0.019496836782230426,0.031245139632803353,-2.3384748962521322,-2.3339290604439746,-2.3293698706624473,-2.3045469599052457,-2.0058333543722346,-1.9979130859910792,-1.9954873622279101,-1.9715776077820313,0.7142126721520825,1.39039039039039,0.1987459549580982,0.1351351351351351,0.5099337748344371,0.8616840328294457,0.8744520359622567,0.9514544584040152,0.16325430384276882,-0.19540862831221895
21,5.0,0.0,5,1.2547956152080457,0.21620449922425022,2,0.6006259035012417,546.2325609394901,0.6771140839612549,7.965007469169835,11.763169099323594,0.6403276613698858,0.728326310781647,3.4519282603753267,0.9375727110166482,0.10516129032258063,0.08,1.3145161290322578,0.2693548387096774,0.04666666666666667,5.771889400921658,0.21924731182795698,0.0421505376344086,5.201530612244898,0.023350861424141906,0.0302427836640305,0.04125292684173214,0.0731458882109503,0.026430960024099285,0.035897163002238545,0.04746474395052654,0.0844682502064264,-2.7733020278714564,-2.7537316610233513,-2.7224671554851594,-2.631903604106766,-2.3051548615824053,-2.282741388146229,-2.255352405583314,-2.1677378566002297,0.6978993889380858,1.3683683683683687,1.1144152514667882,0.3333333333333329,0.5794701986754967,0.8859534052295797,0.8836145015848329,0.961419611011956,0.1600229368106048,-0.252419301715031
21,5.0,1.0,5,1.597097073410208,1.4669415626064852,2,0.5709737244094454,549.2256960773992,0.0022775038925508424,6.638844980661396,2914.965371684076,0.6446313362729124,0.6200549947231216,19.853001319453707,0.8956457947435832,0.10193548387096774,0.10666666666666666,0.9556451612903226,0.26645161290322583,0.0332258064516129,8.019417475728156,0.17526881720430107,0.04526881720430107,3.8717339667458432,0.02636139973622808,0.03228856150283223,0.04539454807737899,0.07656480900137069,0.027476494201865116,0.037727246011382706,0.049669586923266104,0.08521142569637732,-2.7511981986704894,-2.73444989311739,-2.6974164736885338,-2.6093390641826426,-2.3506901995786187,-2.325913069079166,-2.297047192239971,-2.2111388809437935,0.5661573781149468,1.5445445445445445,0.0009682466119303124,-0.0410410410410407,0.5596026490066225,0.894606865263833,0.8994166050399485,0.9450392537663441,0.17854756232990615,-0.22541976462735003
21,5.0,2.0,5,0.2928988856572865,-1.4979671026100552,2,0.4478028738752846,573.7357617959545,0.5150402720996832,5.463298092656827,10.607516321751703,0.5540095219470662,0.5756240391980669,2.90151433080377,0.8168456935607074,0.10193548387096774,0.05,2.0387096774193547,0.3764516129032258,0.03989247311827957,9.436657681940702,0.17408602150537633,0.09795698924731182,1.7771679473106476,0.026022875801330485,0.03481663735326749,0.049310042154862684,0.09433197220654267,0.027735560071470662,0.03351026416692077,0.04702058779166527,0.09143844009491689,-5.400813591206544,-5.352051186292152,-5.271683613286045,-5.022031906193318,-5.399360187691566,-5.367291024089363,-5.292262975642341,-5.045593475555954,0.74126326008001,1.3463463463463456,0.6379766808606282,0.5095095095095097,0.5662251655629139,0.8070208186979534,0.8589656057296247,0.8873025607774989,0.17616204402554606,-0.28644125758011363
21,5.0,3.0,5,2.252113124536496,4.162628607929481,3,0.4819627356017674,539.6682931571913,0.15445785749874558,6.427815918328824,41.61533781718439,0.5601704573701654,0.6991933560410653,3.4711580942512756,0.9486204287021561,0.10193548387096774,0.05333333333333333,1.9112903225806452,0.2563440860215054,0.10333333333333332,2.4807492195629557,0.2679569892473118,0.019784946236559138,13.543478260869566,0.013105994273062844,0.01688472718042324,0.025167867601239784,0.047190157970108206,0.021895623502205936,0.027854072952880705,0.04125386136482188,0.07813971909713195,-1.6431120606772722,-1.6368207248518118,-1.6230298538497105,-1.5863642233981698,-0.963040710336306,-0.9571740262386158,-0.9439806063330654,-0.9076628231951551,0.6819446892738346,1.3243243243243243,0.03728821307182838,-0.503503503503503,0.5562913907284768,0.9050479004069344,0.8981097252403365,0.963801712348755,0.16144724093898202,-0.2371833078865635
21,5.0,4.0,5,1.5135377718387575,1.0899349509463434,1,0.6386592783967413,565.9261525190649,0.16860630167051427,6.003873074636561,35.60882965317134,0.7564656047756447,0.6840740024984993,24.309816552516555,0.9378994524140248,0.10193548387096774,0.07333333333333333,1.3900293255131964,0.24989247311827958,0.08655913978494624,2.8869565217391306,0.19655913978494627,0.05806451612903226,3.3851851851851857,0.006851132623066435,0.011761297622571061,0.014673481543870062,0.030793639112763775,0.008468811209870315,0.014271422763297466,0.017125754424808542,0.036711525737636135,-2.8059749789795023,-2.7921021341484344,-2.783874248595956,-2.738329456388731,-2.268761926136898,-2.255484739989439,-2.2489536302559117,-2.204138648386518,0.7102052038550709,1.4124124124124113,0.0758367791499719,-0.08508508508508507,0.5496688741721855,0.8610705359621721,0.8866715825884678,0.9608290181275105,0.1619861842043274,-0.24370162326351313
21,5.0,5.0,5,1.276836186247036,0.3990162127782293,2,0.5533166794432579,555.8418866430959,2.167905350034649,5.871236709374319,2.7082532497465723,0.6570950015643685,0.7104611820471824,143.52573888036017,0.9327302500415797,0.10193548387096774,0.1,1.0193548387096774,0.28290322580645155,0.03333333333333333,8.487096774193546,0.19870967741935483,0.05849462365591398,3.3970588235294117,0.03222862185727214,0.04153103847093672,0.05681616193109127,0.0973878085822968,0.03503680834249337,0.04569363001369191,0.06409612232307499,0.10665455314604017,-2.7699323326044576,-2.7433071759491776,-2.6995584573609235,-2.583435250595034,-2.452886603726756,-2.425797513343228,-2.379019328173973,-2.2708379946850012,0.7685396390064414,1.3463463463463456,0.34716868189265593,0.22322322322322294,0.5695364238410596,0.8784059681432342,0.89287361654552,0.9600605662409312,0.16678700506152536,-0.24420154862864088
21,5.0,6.0,5,1.646631301858987,1.8237018269620675,2,0.3601496431895629,544.5511941685876,0.3535187159632192,8.449829664253846,23.902071609507043,0.4101723910413405,0.7310879937577175,3.8709915324756237,0.9585122087814978,0.11806451612903228,0.11333333333333333,1.0417457305502849,0.30795698924731185,0.06666666666666667,4.619354838709678,0.2404301075268817,0.03913978494623656,6.142857142857142,0.024973371723608227,0.030635969356845368,0.04166751585000512,0.06841357189966772,0.031461085651562436,0.039002972473360376,0.050425349153972086,0.08268751386881311,-2.478329735306627,-2.4639365036896232,-2.4358964390313425,-2.367913120332413,-1.9659898563888174,-1.950680948538004,-1.9274952237754197,-1.8620078307188468,0.674844155047575,1.3683683683683687,0.11969557023590428,0.3993993993993996,0.49337748344370863,0.8265066347591188,0.8836492452296635,0.9481643604674681,0.14341373736900548,-0.2872378289458105
21,5.0,7.0,5,1.6417581879788006,1.6370699385646788,2,0.6149589495712307,545.1108788054581,1.4228543159219686,8.858937330567308,6.226173144667289,0.670645839593552,0.794421764997568,4.1066278838034105,0.9664816276742287,0.10193548387096774,0.06999999999999999,1.4562211981566822,0.2998924731182796,0.06989247311827958,4.2907692307692304,0.08247311827956989,0.03913978494623656,2.107142857142857,0.04255417093045764,0.048680015288681114,0.05821790788110527,0.09705777083955054,0.046816252011882366,0.05528559439924635,0.06492429618012369,0.1043602174325374,-2.5964167641811415,-2.5798046024237364,-2.5539395942216583,-2.448613038669364,-2.260142887428356,-2.2400607951786724,-2.217205974877682,-2.123697438757594,0.7740903126208784,1.4124124124124113,0.6064329395408061,0.3333333333333329,0.5298013245033113,0.9325556530302704,0.9055696729743419,0.9718858231633526,0.16370953253246387,-0.23448036218786056
21,5.0,8.0,5,1.7228838387328618,2.182680600887142,2,0.6247539897369101,552.5622520760043,0.5567671402134319,7.302389034663769,13.115696863619613,0.6865462785151306,0.6899743271581666,6.763296003940551,0.9622676208514628,0.10516129032258063,0.043333333333333335,2.4267990074441683,0.2864516129032258,0.07301075268817205,3.9234167893961707,0.21806451612903227,0.0586021505376344,3.7211009174311935,0.03822174915732248,0.051873414797166645,0.07102677763617707,0.13288173367736467,0.0394114481352591,0.05805216158528774,0.08056128345096582,0.15247773717518623,-2.5663916459726397,-2.5299637889057838,-2.478855302787231,-2.3138026596160812,-2.1471685739595827,-2.1055016666886295,-2.055187847100016,-1.894435619637484,0.6532907794621644,1.39039039039039,0.2039148620068366,0.3113113113113108,0.5761589403973509,0.9411975724647985,0.92272529208899,0.9779192910405017,0.16599280346192494,-0.26191163705677445
21,5.0,9.0,5,2.142684652817535,3.666480255062707,2,0.318110716190922,546.759524831266,0.7491462255172358,9.40514339948176,12.554482795382347,0.5385525071051307,0.825213950439029,6.518759394993186,0.9777337305063295,0.10193548387096774,0.06666666666666668,1.5290322580645157,0.2627956989247312,0.056666666666666664,4.637571157495257,0.27021505376344085,0.048709677419354835,5.547461368653422,0.02317093351561679,0.027217288619956505,0.03309974749186466,0.06720447783803303,0.030396706473519577,0.03806195154752968,0.04507492952592061,0.09347878653249679,-1.9545960876522388,-1.9464994921192469,-1.9347289260178637,-1.866486717844259,-1.3766635733186123,-1.3657802937914048,-1.3558231170905888,-1.287098281692475,0.7504015077087617,1.4124124124124113,0.1795784647002097,-0.10710710710710722,0.5529801324503312,0.8969933292362208,0.9043630095506716,0.9645461227085904,0.14821155835485955,-0.23768484134690138
21,5.0,10.0,5,2.2002574393180216,3.839306239840428,3,0.48091507706629777,547.6125951207985,1.1408893576528287,6.597792781596955,5.783025967715842,0.5542280412315224,0.7395206067458842,2.8171560425745263,0.9750279227305281,0.10193548387096774,0.09333333333333334,1.0921658986175113,0.2661290322580645,0.07290322580645162,3.6504424778761058,0.15096774193548387,0.09236559139784946,1.6344586728754367,0.042037116050464673,0.04662586308842825,0.053461245331385826,0.0838013200435727,0.05542594497009743,0.06089391018784937,0.066963181978856,0.1024401892659989,-1.9350936050922405,-1.9258242949787423,-1.9120167616302948,-1.8507295389860128,-1.4050315408397287,-1.3968980720510769,-1.3878701739726957,-1.3350989656724013,0.6002474886221705,1.28028028028028,0.0030312450863747217,-0.4814814814814818,0.5629139072847682,0.9492492560659298,0.9369454413908361,0.9793496061168527,0.16009948812274405,-0.23958425386895743
21,5.0,11.0,5,1.9958093887389852,3.3130510605644075,2,0.4806468918154968,552.1196931098689,2.0608040654138224,7.415952934790981,3.5985725471197627,0.6377470965263439,0.7915492759193872,3.3507624395997455,0.9798290110699476,0.11161290322580646,0.06989247311827958,1.596923076923077,0.29924731182795694,0.04666666666666667,6.412442396313363,0.1449462365591398,0.04193548387096774,3.456410256410257,0.031804284222317285,0.043545331899297116,0.0548038198874863,0.09663677167232372,0.04055950910847294,0.05358775118518407,0.06620495474765813,0.11584609962486415,-2.110818447187733,-2.0852211225745236,-2.0606758537351313,-1.9694734605735138,-1.7219923622464903,-1.6986094285861144,-1.675964221953965,-1.5868688865545915,0.7331209996980861,1.4124124124124113,0.2560993100258457,0.1351351351351351,0.4966887417218543,0.9768438623306702,0.9453451618460365,0.9894710814989478,0.1526652710747081,-0.25668965241238656
21,5.0,12.0,5,2.008748484204717,3.2247884241459586,2,0.2723103822402908,541.8005473601758,2.3142394354726132,6.528556499612019,2.82103761587606,0.4431485973876236,0.7232169958641053,2.3630125805208624,0.9752592311608191,0.10838709677419356,0.08666666666666667,1.250620347394541,0.2886021505376344,0.05333333333333333,5.411290322580645,0.26634408602150533,0.03247311827956989,8.201986754966887,0.02160182060272242,0.02809740795998949,0.036099099030050236,0.0696314842917044,0.027386656727580956,0.038138708267420406,0.04562491301178806,0.08814061645110512,-1.8657816194713217,-1.8533946917827142,-1.83813566080986,-1.7741902146758877,-1.3998758972910164,-1.3844005412297782,-1.3736256966768892,-1.3124331283117205,0.6769319041296972,1.3463463463463456,0.04126820845702952,-0.06306306306306284,0.5463576158940397,0.9109384527396022,0.9155190363851046,0.9751300920744015,0.14098491377662306,-0.2532941425784623
21,5.0,13.0,5,2.125357028336173,3.609712624921097,2,0.47972910046314354,554.4467997370145,0.478612547293956,6.338602517831064,13.243703186782518,0.5404206497912238,0.6310693744527165,19.347714766508613,0.9469691713323135,0.10193548387096774,0.10989247311827957,0.9275929549902152,0.24989247311827958,0.08,3.123655913978495,0.25612903225806455,0.04924731182795699,5.2008733624454155,0.04552460220435952,0.05852854065801588,0.07553675810062867,0.11587773329948323,0.05819152613250503,0.07914651494291286,0.0976915314084599,0.14951120915371277,-2.268154760022097,-2.2372530259692196,-2.1968357774565317,-2.1009720442136075,-1.641084658714351,-1.6045709602135565,-1.5722565960284067,-1.4819617212986849,0.591553868702625,1.5665665665665658,0.050547968211912354,-0.23923923923923943,0.5496688741721855,0.9539189504119084,0.9209462642605443,0.9803632793593018,0.17338772974252512,-0.25166978987695654
21,5.0,14.0,5,1.737911176354864,1.7705381657476025,2,0.5350947803777011,546.074704416016,2.0995273294854946,10.901277918023096,5.1922534014808654,0.5708478238402728,0.7893930627187087,40.24151901263994,0.946622764130218,0.10838709677419356,0.09,1.2043010752688175,0.26602150537634406,0.06999999999999999,3.8003072196620584,0.21548387096774194,0.06537634408602151,3.296052631578947,0.021655949322326003,0.028227950686330005,0.03627228846535706,0.06477291809489163,0.029592776135782487,0.03828938102174075,0.048503585491541996,0.08556762471120423,-2.324278945617924,-2.3086656607102825,-2.289554505571883,-2.221844773664282,-1.6607427539032336,-1.645859493357828,-1.628379031915507,-1.5649480999822836,0.6694016113107658,1.3023023023023015,0.10815187025522892,0.15715715715715728,0.5927152317880795,0.9105994732902332,0.9145334504262455,0.9768349828969027,0.14028636348335324,-0.23401244995506873
21,5.0,15.0,5,1.3801606122672379,0.670113112624406,2,0.5391884724360583,527.8051436874547,1.692492022439863,11.00565301006412,6.502632133059386,0.6542248039514005,0.7283349723539475,23.919518966277998,0.9267474008011871,0.11161290322580646,0.08,1.3951612903225807,0.2661290322580645,0.07290322580645162,3.6504424778761058,0.1818279569892473,0.04838709677419355,3.7577777777777777,0.022579521214266905,0.031243678973838254,0.03971810738328509,0.0822070595880207,0.0231118357945856,0.03335343768723755,0.04253133092030857,0.08276522111269831,-2.3708433522146515,-2.3498274626638844,-2.3292717830004954,-2.2262100485028635,-2.165293054721631,-2.142592329848563,-2.122249337474703,-2.033070078077211,0.6179365432086206,1.5665665665665658,0.08611414726830227,0.22322322322322294,0.5165562913907285,0.9236378780474508,0.9174002431768811,0.9761110333030678,0.1447928555962661,-0.2581102193556728
21,5.0,16.0,5,2.2951257885929683,4.300564675368209,2,0.3420078331630504,552.2572190464236,0.9878606483718779,5.768180237519617,5.839062672479488,0.5158741471292815,0.7688026655620943,10.506300616525003,0.9849406715719907,0.10516129032258063,0.10666666666666666,0.9858870967741935,0.2627956989247312,0.08666666666666667,3.032258064516129,0.2913978494623656,0.05591397849462365,5.211538461538462,0.025758229809796755,0.03609836582799503,0.04264286497792006,0.07105953320405271,0.03664752076264862,0.05402841806137547,0.06396962361542882,0.1077336072209511,-1.6638557111911294,-1.6461963427522117,-1.635019340676677,-1.5864880241515773,-1.0626258872933616,-1.0434538896994634,-1.0324882435830964,-0.9842143844166922,0.7521246764586589,1.3243243243243243,0.2434368873543108,-0.23923923923923943,0.5331125827814569,0.9299486173419402,0.9353573607968196,0.9863290523656479,0.13937097936292897,-0.21371069132392506
21,5.0,17.0,5,1.309799755308612,0.3482548693745686,2,0.24179804779678649,567.2419402510875,0.5380356649825246,5.802499568951448,10.784600253479317,0.3636743697797161,0.5555580603790178,20.387922502697503,0.8833592148582432,0.1535483870967742,0.10666666666666666,1.4395161290322582,0.32419354838709674,0.10333333333333332,3.1373569198751303,0.2243010752688172,0.035806451612903224,6.2642642642642645,0.08849781076942123,0.09005413497259762,0.09448325523019953,0.14003888046010501,0.10272361856787508,0.10316558139910458,0.11152560547562851,0.16283817671631182,-2.46150532362756,-2.457302480939225,-2.4453416724827184,-2.32231902333335,-1.9523281392647773,-1.9513664996966642,-1.9331764407724805,-1.8215285931256708,0.7232950315977358,1.5445445445445445,0.1795784647002097,0.3333333333333329,0.5529801324503312,0.8500693864318754,0.8780402491470573,0.9636248919304944,0.16859289830322652,-0.28458281841920596
21,5.0,18.0,5,1.3042907547290152,0.37138582092833605,3,0.3714355280809355,563.2197908374416,0.3024691597357617,8.938592791382694,29.5520799515279,0.48889616257011825,0.695896699607889,5.186593144822752,0.9006262074899269,0.11161290322580646,0.12666666666666665,0.8811544991511038,0.2723655913978495,0.13655913978494624,1.9944881889763781,0.2564516129032258,0.0721505376344086,3.5543964232488827,0.13993076301421262,0.13069356043624042,0.158827476078559,0.2090648393230961,0.1713671608124015,0.15654598059090533,0.18088813513595303,0.23801674247853954,-2.6982622364749442,-2.7272417579076165,-2.6389783032026384,-2.481370549927016,-2.103447448528832,-2.141070352481875,-2.079278880495712,-1.9342604626031958,0.7788414466546221,1.4344344344344344,1.9466563433422632,0.5535535535535532,0.5298013245033113,0.8576528397704057,0.866175143139179,0.9429702281408467,0.1974071260169492,-0.25996077746972135
21,5.0,19.0,5,1.1846749197409254,0.06768712119973008,2,0.3838099138557072,557.2782443183804,2.1489640507724532,5.994970215972925,2.7897024214146398,0.45792168394080646,0.6943733708405504,6.055884135658562,0.9115950331440765,0.10193548387096774,0.11989247311827955,0.8502242152466368,0.2798924731182796,0.056666666666666664,4.939278937381404,0.18623655913978493,0.05849462365591398,3.1838235294117645,0.03186377080241766,0.03310330190342274,0.03984458881816837,0.06485857701716193,0.035885975519471466,0.033932343026584884,0.03934086186464671,0.06506689552878306,-2.7570683644878073,-2.753538415001037,-2.7343405084171817,-2.663105414167815,-2.6703647060896367,-2.675775799720896,-2.6607954992059613,-2.5895405536497047,0.7011366548910339,1.4124124124124113,0.5208548550577665,0.44344344344344305,0.5894039735099338,0.8779660972740622,0.8886779385353135,0.930906254136626,0.1630118229305223,-0.29982103343909317
22,1.0,0.0,5,1.1657235951210698,-0.36868191295521235,2,0.7075694451928239,-917.1961181157828,0.5250573192026451,10.530122341939489,20.05518627553005,0.7642191321331441,0.7871497468091224,18.24140704448215,0.9622513977975685,0.10193548387096774,0.07999999999999999,1.274193548387097,0.25989247311827957,0.056666666666666664,4.5863377609108165,0.2386021505376344,0.03559139784946236,6.703927492447131,0.014985337454323637,0.02110851823335543,0.029516280401869405,0.0574180068084891,0.01831943656493893,0.024528200115830876,0.03480823442525092,0.06580372150464854,-2.8132224154881604,-2.7957344835043463,-2.7717217394347013,-2.692033827018189,-2.2887309529504933,-2.274255583010649,-2.250288282854442,-2.1780241133040508,0.7030786592722218,1.5445445445445445,0.404209583979631,0.06906906906906941,0.5397350993377483,0.9026545027447878,0.9043086151120585,0.959117025849623,0.1567648107914357,-0.19127143848353279
22,1.0,1.0,5,1.415776010814945,0.4184654305919433,2,0.7918511378501273,-919.4549833573274,0.20134433291226447,7.629885129320369,37.89471011654985,0.8436488211658005,0.8635640493906898,110.65898245992226,0.9723195376673802,0.10193548387096774,0.09333333333333334,1.0921658986175113,0.24989247311827958,0.05,4.997849462365592,0.2290322580645161,0.03870967741935484,5.916666666666666,0.006704784006691779,0.008563413532601793,0.010610146521543962,0.02282307829481451,0.010149869866030626,0.01207091082783943,0.015070936221424067,0.03198710958565603,-3.0274798587900134,-3.0218149130980945,-3.015576643950541,-2.978352660219402,-2.085023138648136,-2.0809766524844986,-2.0746573904348895,-2.039025114590229,0.6785140134868193,1.3243243243243243,0.024853948574297985,-0.3053053053053052,0.5033112582781457,0.8495831149956494,0.8835467556760157,0.9429923002416939,0.1501910436821289,-0.17555590140251093
22,1.0,2.0,5,1.8683559555056575,2.1251647984153204,2,0.5301501155175078,-917.5515288371546,0.021930097980521264,12.736914454034471,580.7960577899672,0.6729934742546452,0.8628620431140258,4.498139585400808,0.995263012525593,0.10193548387096774,0.14333333333333334,0.7111777944486121,0.26924731182795697,0.0832258064516129,3.235142118863049,0.30075268817204304,0.04526881720430107,6.643705463182899,0.01592360498046985,0.016584926016613072,0.020121842686162975,0.03330056410421411,0.025174294816339333,0.02466542504891756,0.03111832354492329,0.04997419105910209,-1.7314911413025622,-1.7303275410765693,-1.72410430484019,-1.7009162276700258,-1.0994082177558773,-1.0999821209686218,-1.0927045434518117,-1.07143890018064,0.7317702434973361,1.1701701701701699,0.13247139878661174,-0.26126126126126165,0.543046357615894,0.9749963956853576,0.949073404959708,0.9927996905662027,0.13301709435428757,-0.17804924405802663
22,1.0,3.0,5,0.8862623640085235,-0.9247621279764542,2,0.4131628091773032,-949.0816332277411,0.9398789542054349,8.530932296795777,9.076628706946364,0.5031465514955367,0.5054294232361802,9.196374385085313,0.7674125769947555,0.11483870967741935,0.07989247311827957,1.4374158815612381,0.3190322580645162,0.11612903225806452,2.7472222222222227,0.22774193548387095,0.08505376344086021,2.677623261694058,0.0688735730445279,0.11860124073375514,0.14232511719161525,0.22736055470337155,0.08977843543365559,0.11927151555166234,0.14673966340965047,0.2203628285645623,-2.964547821288232,-2.806223404068256,-2.7306906254577057,-2.459952287773489,-2.5599503220459723,-2.4770025839508087,-2.399749861435314,-2.1926885780233425,0.7254675364338545,1.8308308308308305,1.8504070195423021,0.7297297297297298,0.5927152317880795,0.9107226989189592,0.9017148578156893,0.9640916542788451,0.17551727196541664,-0.2995043553183113
22,1.0,4.0,5,1.1452602304314992,-0.2745741963159971,2,0.4542821327825748,-935.8608153495215,2.84391344329667,10.920597098561826,3.8399892670090017,0.5404638529004792,0.5745627134450371,5.055800899666619,0.8120942657588085,0.11161290322580646,0.07311827956989247,1.5264705882352942,0.2627956989247312,0.10333333333333332,2.5431841831425603,0.22225806451612903,0.062473118279569896,3.557659208261618,0.06370725486080775,0.07580388762765214,0.10696778765973704,0.19462722025722892,0.08667654356689694,0.09324360196225516,0.1251745126507164,0.22972087372782596,-2.144681876262694,-2.116973203741687,-2.045588850995753,-1.8447952452016985,-1.615738430368107,-1.6041208062404069,-1.5476326046590239,-1.3626821666103555,0.6785287931058038,1.918918918918919,1.2975171686575868,0.641641641641642,0.5695364238410596,0.9204672889393679,0.8929838991969818,0.9743392521031236,0.19552176308871333,-0.2799871154924001
22,1.0,5.0,5,0.8361556792551051,-0.9562168342320598,2,0.46841540828605865,-950.2751955638837,0.16335923660779994,15.789733604956709,96.65650949915613,0.582409660730282,0.5958891122015786,4.769055816780931,0.8714864708190659,0.11483870967741935,0.08978494623655914,1.2790419161676647,0.1270967741935484,0.1232258064516129,1.0314136125654452,0.1774193548387097,0.07569892473118278,2.3437500000000004,0.09992265101425926,0.12961441010834093,0.16174271490977143,0.2550339240598197,0.10990217881983505,0.15329275179015706,0.178313059465704,0.2769280100282797,-2.2600668662573415,-2.185511761626559,-2.104838564781251,-1.8705871741083278,-1.886586249593933,-1.7946187642457776,-1.7415875498128395,-1.5325705122370523,0.7732343506815131,1.7207207207207202,1.5892828656229763,0.6196196196196196,0.6059602649006622,0.8944285328487837,0.8918622198640906,0.9691543902344724,0.18042529128784526,-0.2444659319992753
22,1.0,6.0,5,0.7496209729771998,-1.1477482200595543,2,0.7117641029022523,-940.3717969933826,0.5106596024080379,8.32145696064947,16.295506676872957,0.8041026747118194,0.8384063813425584,1.412136729236269,0.9636196307095672,0.11161290322580646,0.16655913978494624,0.6701097482246611,0.28569892473118275,0.08666666666666667,3.29652605459057,0.2087096774193548,0.04559139784946237,4.577830188679244,0.047477996324509164,0.04944232393026663,0.06020608949777777,0.08552298039430638,0.05630991005300237,0.06019954250996723,0.0688647387291189,0.09988629389516068,-3.4094989392609074,-3.4024677390761893,-3.3639394456160154,-3.273319058555114,-2.8499005728857085,-2.8381540621556427,-2.8119855689901434,-2.7183019023062287,0.7739481163455317,1.2582582582582587,1.1723818032865998,0.3113113113113108,0.5364238410596026,0.8825852287317874,0.8918049566275381,0.9553218096509316,0.17897140675797096,-0.17650304709026637
22,1.0,7.0,5,0.7589556739932999,-1.042807044806084,2,0.6676724479740798,-932.400332713835,1.6711033748478008,7.353898293394596,4.400624404258873,0.7323218771075197,0.7048391421252019,16.079272678886973,0.9192966753310619,0.10516129032258063,0.09666666666666666,1.0878754171301446,0.27064516129032257,0.06989247311827958,3.872307692307692,0.1413978494623656,0.04225806451612903,3.3460559796437663,0.07002358800933413,0.08826101241585387,0.11075206211435293,0.15954290446946906,0.06984652481186178,0.08685607203645711,0.10970461383793623,0.15640557698930474,-3.5647401426345984,-3.4948333385028425,-3.408621745739311,-3.221599072805124,-3.4406816514260172,-3.3777625325968454,-3.293244696954412,-3.1204956277899543,0.7691391575763509,1.5445445445445445,2.3843904700937206,0.5535535535535532,0.609271523178808,0.8601140718896425,0.8884147054602926,0.9405769556370576,0.16782318720385853,-0.21907032818779557
22,1.0,8.0,5,1.5048954385514288,0.7493359462755929,2,0.6065025801763637,-931.648186101244,1.036262475777911,10.59135343905577,10.220724658687418,0.7009726735483981,0.7339205590016554,4.335533453316441,0.9810923910162903,0.10193548387096774,0.1332258064516129,0.7651331719128329,0.2627956989247312,0.10989247311827957,2.391389432485323,0.28204301075268823,0.0653763440860215,4.314144736842106,0.8206266104032768,0.37298212281794385,0.2092548932454526,0.12090813194160392,0.0399781564930302,0.0392133343502752,0.0441871905107039,0.0721888208384608,-0.40323959061384285,-1.4095648895909134,-1.7776311962687468,-1.9762387597446707,-1.4328551044067661,-1.4339966193823073,-1.426573022475365,-1.3847799328512054,0.7160342057865325,1.3243243243243243,0.34716868189265593,0.17917917917917947,0.4867549668874172,0.8470447612110115,0.8829731185794508,0.8951836235327719,0.1524169203241768,-0.2260122348929469
22,1.0,9.0,5,1.340304348044664,0.2664804181202558,2,0.18409308611044428,-946.0798163429948,1.3261427443876885,5.777902523503731,4.356923527241801,0.3828919656952944,0.659972047283514,5.262424949783158,0.9675743868093482,0.1470967741935484,0.1,1.470967741935484,0.3273118279569892,0.15,2.182078853046595,0.2543010752688172,0.053010752688172035,4.797160243407708,0.0584021422137236,0.07210256743753155,0.08935001949185337,0.15788309297938166,0.07550083783843531,0.09614171720081145,0.11660525446386073,0.1988756947026589,-1.9646618322490745,-1.9360756345424657,-1.9000884979167116,-1.7570929371109336,-1.39867753151192,-1.367449883747153,-1.3364905373717995,-1.2120233436962993,0.7760197054908371,1.3463463463463456,0.7814350607844542,0.20120120120120072,0.5562913907284768,0.9269104687184174,0.9320613385611566,0.9888022565488312,0.15254466214645934,-0.2162867750822571
22,1.0,10.0,5,0.6076379108461053,-1.418338408532011,2,0.3320205386474754,-950.0387308174194,3.240345171855123,12.703337892221098,3.9203656457834515,0.4830577237717759,0.5453295188611282,1.864234355452103,0.8073023857445378,0.17935483870967744,0.13655913978494624,1.3133858267716536,0.3434408602150537,0.1532258064516129,2.2414035087719295,0.2875268817204301,0.045913978494623656,6.262295081967213,0.14361973128914118,0.18793591789583522,0.1978527391303288,0.25079702863170356,0.1800380175181762,0.20927261010156045,0.2235360607689308,0.2676847458569076,-2.8431112041240354,-2.695985153619381,-2.663062132630672,-2.487291498748205,-2.3268186563606306,-2.243859205938027,-2.20338359386579,-2.078102195079997,0.7333884355141065,1.874874874874875,1.9466563433422632,0.5535535535535532,0.6192052980132451,0.8503334513072297,0.8786231522666386,0.9469594366259515,0.18664798066165378,-0.2759066761236164
22,1.0,11.0,5,0.560688359067956,-1.323190679112315,2,0.5098111184636254,-950.4550836000923,0.8922663039881915,5.466468242052576,6.126498577407806,0.5427038448388817,0.6303091955966802,16.298310167717595,0.8096975263177363,0.10516129032258063,0.0732258064516129,1.436123348017621,0.3433333333333334,0.05634408602150538,6.09351145038168,0.19774193548387095,0.09473118279569892,2.087400681044268,0.08818405794048863,0.08871852009318565,0.1089992577672004,0.1872515028615376,0.07995976237238227,0.07834927448840572,0.09808130645424562,0.17730795474747357,-3.677012121773881,-3.6748568361252696,-3.5930722183904313,-3.277510227756669,-3.506599933518534,-3.512738074521417,-3.4375322963936945,-3.1355714165583777,0.7657897563660709,1.786786786786786,1.5892828656229763,0.7517517517517519,0.609271523178808,0.8853210041437385,0.8743864119971093,0.9271949480375222,0.20482754596287933,-0.3077815376899497
22,1.0,12.0,5,1.4980576391481177,0.6713661073694808,2,0.5981532668519469,-920.8489603078388,0.9685493176378555,6.848813963962316,7.071208289801424,0.6880933157081564,0.737580161247912,32.472987081015795,0.9667657942565625,0.10193548387096774,0.12,0.8494623655913979,0.24989247311827958,0.07333333333333333,3.407624633431085,0.2791397849462366,0.03247311827956989,8.596026490066226,0.014889621334890824,0.021806303384033863,0.026520325876968495,0.0399528906010164,0.022815607900672982,0.03377451517421572,0.041608358637887054,0.0615842356170849,-2.8461557089782183,-2.82617220811608,-2.812552574904319,-2.7737435524804823,-1.7856494875259314,-1.765623822651357,-1.7513087162299261,-1.7148059693797084,0.7148610894470353,1.3463463463463456,0.033692057059802674,-0.019019019019019347,0.543046357615894,0.82071949258099,0.872062449273273,0.9375209281419382,0.16037959650577552,-0.2073634406626446
22,1.0,13.0,5,0.7748127340030222,-1.0726384184575062,2,0.7022252465547598,-920.5792650848816,0.7669008876940138,8.789867981686323,11.461543626734459,0.7729430459002165,0.7669894542289626,17.21707074168932,0.9588226529606949,0.10193548387096774,0.04666666666666667,2.1843317972350227,0.2897849462365591,0.056236559139784946,5.152963671128107,0.17580645161290323,0.06505376344086021,2.7024793388429753,0.042866914256082474,0.048125788594042915,0.06070572919361328,0.11715760220149092,0.04776290617528697,0.05170728371758638,0.06616017192985532,0.12832139958201216,-3.183174910465242,-3.1656852665492403,-3.1238476664410255,-2.9361034660952816,-2.7999375976767613,-2.788339634258053,-2.745842670673057,-2.56306512551154,0.7538766605466056,1.5005005005005003,1.2333634979137746,0.3553553553553552,0.5596026490066225,0.8804318419309615,0.8993053026928471,0.9484050724676016,0.17616013100024822,-0.20479389561829542
22,1.0,14.0,5,1.1668458110898725,-0.2072501713853554,2,0.5611749641208961,-924.2920267458218,0.7500686528659355,9.376930559874621,12.50142973452674,0.7111183948800319,0.7350289782867999,2.9770023346596606,0.9461759004890846,0.11161290322580646,0.1064516129032258,1.0484848484848486,0.2627956989247312,0.14311827956989248,1.836213373403456,0.25795698924731186,0.0929032258064516,2.776620370370371,0.8824174666045168,0.43320663510336943,0.25447283569776086,0.16279834511941862,1.7224332054777811,0.048165772502900585,0.0629575568844656,0.1035605439130238,-0.3193323646168791,-1.539305713484069,-2.0247135810725423,-2.273684503930328,1.4822346045182702,-1.9529025231170771,-1.9225538424270352,-1.8392476599810978,0.774001357858613,1.3243243243243243,0.5208548550577665,0.11311311311311288,0.5298013245033113,0.8595969421406752,0.8809457189101922,0.9474771513292952,0.1585702538569929,-0.2193995019304984
22,1.0,15.0,5,1.2104468043717407,-0.20971447370716367,2,0.4954176830969689,-937.2454709006371,0.1756697577924588,8.270734425247824,47.0811511849359,0.5584382821916687,0.6066355867896257,9.142458817064561,0.9699925240832161,0.11161290322580646,0.09666666666666665,1.1546162402669635,0.301505376344086,0.056666666666666664,5.320683111954459,0.2637634408602151,0.04526881720430108,5.826603325415677,0.031894216399418286,0.049532727036184,0.06238052928174204,0.08829930159608869,0.04345123102868577,0.06178500849480913,0.07961873850646793,0.11179865983591003,-2.8506182104339057,-2.7986810559639754,-2.760850294423611,-2.6845316466033537,-2.081831018998478,-2.0419294187220625,-2.003116120825456,-1.9330797979680148,0.7141338074865117,1.5225225225225214,0.822081575524054,0.15715715715715728,0.5463576158940397,0.8368353860503404,0.8911811598475234,0.9524518442099055,0.15715653786494535,-0.20117598571375805
22,1.0,16.0,5,0.6748611041228783,-1.0409114528196575,2,0.45608552855318807,-954.0819721436186,3.632069907162441,14.668837789875761,4.038699189393028,0.5479223610044619,0.6510389140538595,2.3494503990694344,0.857360974795434,0.12451612903225806,0.17634408602150536,0.7060975609756098,0.21903225806451615,0.10655913978494622,2.0554994954591326,0.20279569892473118,0.13516129032258065,1.5003977724741446,0.3105307575298208,0.37161574677121795,0.4190164725675904,0.4615408309284492,0.3090184818218756,0.3609491521818765,0.43521599490825924,0.4539778052021976,-1.7024106084983086,-1.551581931453941,-1.4345419049008288,-1.329542414954414,-1.5252748988116047,-1.4106429645343836,-1.2467060891701722,-1.2052912067966723,0.7683141954512278,1.742742742742743,4.165044248545185,0.971971971971972,0.5198675496688742,0.8923992144789037,0.8923591948095176,0.9688331265546094,0.17896128050131963,-0.2709311968010602
22,1.0,17.0,5,1.6610506510885306,1.1490097980963414,2,0.5343816391848497,-926.0300182809668,0.8675910066641009,10.014875724742557,11.54331435874363,0.6171765105112155,0.6978539552653812,16.244440895382464,0.9805037517840081,0.10193548387096774,0.15,0.6795698924731183,0.2595698924731183,0.1,2.595698924731183,0.3144086021505377,0.0521505376344086,6.028865979381444,0.03280430356115591,0.033483644189384314,0.03521142195734303,0.05301800268231868,0.06016928339802985,0.057872340480881315,0.06176111233606483,0.0900185519723095,-2.0832052727533465,-2.0817420673400764,-2.0780206738624067,-2.0396677707296096,-1.1328748321543582,-1.1356435742009485,-1.1309560366637035,-1.0968944321433012,0.7270142485651543,1.4344344344344344,0.16225952870780871,-0.10710710710710722,0.5894039735099338,0.9452749081351439,0.9327719892456713,0.9856245074948123,0.1543905643729888,-0.17626449571379055
22,1.0,18.0,5,1.4326183789386793,0.4017830831791138,2,0.6800579864091567,-915.4425351514251,2.3414817677235344,7.129078151673791,3.0446865954480247,0.7507140422015164,0.7473272638600726,8.573912913825108,0.9789799692248577,0.10193548387096774,0.11989247311827958,0.8502242152466366,0.24989247311827958,0.10666666666666666,2.3427419354838714,0.2758064516129032,0.046021505376344085,5.992990654205607,0.026998911771230122,0.03241658938472792,0.043203973429561636,0.06887659129495713,0.03961097118484409,0.04741308718795057,0.06473051044971789,0.10220573105283187,-2.841392383941808,-2.8255714890878596,-2.794069786532272,-2.7190996947604607,-1.8597667992637161,-1.844658217354484,-1.8111235060398772,-1.7385537775427298,0.6891847247700268,1.2362362362362358,0.09772146969725724,-0.19519519519519515,0.5132450331125827,0.8445244535059692,0.8797724303515552,0.9421516433172055,0.16048843261186688,-0.1703350600843352
22,1.0,19.0,5,0.73921355255135,-1.2912048702089913,2,0.3934846722308316,-958.5256931600961,0.7143959951947206,12.946506439751769,18.122311052741807,0.4846253887258899,0.6001640778940943,15.252629195204607,0.8213368781122892,0.12451612903225809,0.08989247311827957,1.3851674641148328,0.29849462365591395,0.08978494623655914,3.3245508982035927,0.3008602150537634,0.07935483870967741,3.791327913279133,0.05042381400454652,0.06549239299137241,0.07170354405077138,0.12962786157134157,0.05830652352914606,0.07552146738000676,0.0795128167354825,0.14185647508295293,-2.2356239008734513,-2.2001473632011925,-2.185524210298752,-2.0491507516962533,-1.849233532334663,-1.8154279977082848,-1.8075900576016277,-1.6851638261100195,0.6831755345723695,1.808808808808809,0.6064329395408061,0.3553553553553552,0.609271523178808,0.8460219525433554,0.8757471342594338,0.949668667245201,0.1709107787054359,-0.22501841314684717
22,2.0,0.0,5,1.0832370536973546,-0.5377322127762172,2,0.6162947029430448,1056.6127471941993,1.775941123525876,8.851584942443733,4.984165761571072,0.7470216531603922,0.8313400566016415,3.241677147210246,0.9655932228559359,0.10838709677419356,0.09655913978494624,1.1224944320712695,0.2759139784946236,0.06322580645161291,4.3639455782312915,0.1752688172043011,0.03870967741935484,4.527777777777779,0.02707696676873243,0.033062571033286955,0.04047998746118936,0.07676990904439952,0.02912424972573554,0.039052389871130515,0.04554862574040721,0.08598443741093038,-2.967713516099271,-2.949455588111953,-2.926830194082053,-2.816134808011287,-2.5252421070763793,-2.4994190730444505,-2.482522401817506,-2.37734909386809,0.7166120865161667,1.4124124124124113,0.07208715033782136,-0.06306306306306284,0.543046357615894,0.8705120096219666,0.907804821939299,0.9388898129796499,0.1482053011366435,-0.22659484127934065
22,2.0,1.0,5,1.7587154826668052,1.5527451890918105,2,0.45038669887898153,1076.0802353955225,1.855951388860792,7.84378984538826,4.226290565833669,0.5635900904875595,0.6991404461004243,17.16423632109173,0.9699357334392664,0.10193548387096774,0.12999999999999998,0.7841191066997519,0.2595698924731183,0.06000000000000001,4.326164874551971,0.30731182795698925,0.03913978494623656,7.851648351648352,0.020143660490349696,0.025731501734939197,0.029965296344597266,0.04623983834505343,0.03286092835150309,0.03790612410512725,0.04534427795959868,0.06924581496162292,-1.9969134335291459,-1.9855256057468273,-1.9768972783176653,-1.9437303228826384,-1.263411464852687,-1.2568207289963742,-1.247103978704134,-1.2158804693235377,0.7022465716470806,1.4784784784784788,0.1259215613694151,0.06906906906906941,0.5596026490066225,0.9033842230214063,0.9060505688104569,0.982896224902374,0.15711037594763397,-0.1931224199432893
22,2.0,2.0,5,0.8918693156810391,-0.8403839630041152,2,0.3769313121405169,1052.1504250898574,1.882432184017649,11.174148278559924,5.936016379995743,0.4814261181747389,0.611117712787175,4.196275265969405,0.936450954237975,0.10516129032258063,0.09666666666666665,1.0878754171301446,0.28258064516129033,0.06655913978494624,4.245557350565428,0.2590322580645161,0.058064516129032254,4.46111111111111,0.040799209570419166,0.045232655084126924,0.05512724108229623,0.09875051340405862,0.04240385747284881,0.045290401865766335,0.058307027914277006,0.10214718175559673,-2.984049983850317,-2.9702576442843163,-2.9394758314640628,-2.8037649079889535,-2.728510701860539,-2.7202859744230556,-2.6831972666701724,-2.5582820507300017,0.7303159529160463,1.5665665665665658,0.9098272894455567,0.3553553553553552,0.5165562913907285,0.929173058048418,0.9161841610075422,0.9707590890848389,0.16323495736317667,-0.2835202970561611
22,2.0,3.0,5,1.0273836650989228,-0.588723055682546,2,0.45611902005233074,1062.140507984256,0.32790409340595483,11.85607220705311,36.15713388601998,0.49861625217603145,0.7473847407370637,4.120283603999004,0.9301461439441727,0.10193548387096774,0.07666666666666666,1.329593267882188,0.2725806451612903,0.04978494623655914,5.475161987041037,0.25591397849462366,0.04526881720430107,5.653206650831354,0.016818790369454054,0.02278234196442752,0.02994853247089999,0.05849619291911213,0.015283707587562053,0.024509272769293898,0.031137411402957272,0.05980220606559378,-2.9856697639606318,-2.9675599836795152,-2.9457980967472004,-2.8591061565461966,-2.7349460205181,-2.709322982720082,-2.6909140242015126,-2.611300569345918,0.7238199437449049,1.5225225225225214,0.23741871268368808,0.22322322322322294,0.5695364238410596,0.8877283173552507,0.9020668449150218,0.9568315962840677,0.16354619048070163,-0.2653838018426539
22,2.0,4.0,5,1.0420993683209228,-0.5414517357532569,2,0.6232941242420883,1069.8567958146302,3.3220581180705757,8.5863430054608,2.5846456324032276,0.6639699607633225,0.7458369059230394,4.5993458150615005,0.93877990450075,0.10193548387096774,0.10301075268817203,0.989561586638831,0.2696774193548387,0.1396774193548387,1.9307159353348728,0.18516129032258064,0.04290322580645161,4.315789473684211,0.0750478615850739,0.08905445077696669,0.09594026854542188,0.13252535619899286,0.09025429687582988,0.09708705864283937,0.10719793771963294,0.15698628419960706,-2.696525957769881,-2.655692351611099,-2.635618030376563,-2.52896101059368,-2.1760053797150256,-2.1596622122647537,-2.135478171395755,-2.016390266483988,0.7919643063683606,1.5225225225225214,1.0069386314760271,0.2892892892892895,0.5397350993377483,0.9135545946750939,0.9039186155834781,0.9617870299917528,0.16190718706395824,-0.2324878923555166
22,2.0,5.0,5,1.1432211073105607,-0.3631549726100185,2,0.6324302637168124,1066.7375474028902,0.16521143589344464,10.098663574274017,61.12569338594265,0.726157080490697,0.7730094600415667,19.37008030582442,0.9713785986589241,0.10516129032258063,0.12333333333333334,0.8526591107236268,0.26924731182795697,0.08,3.365591397849462,0.23956989247311827,0.04225806451612903,5.669211195928753,0.026923263926098305,0.03204563929895837,0.03874361116700858,0.06316290286600812,0.035460104117458764,0.042646368671338114,0.04831839757478277,0.0808440359369053,-2.852647493793748,-2.837630865887693,-2.8179952585870955,-2.74640827198784,-2.173629218672352,-2.1574346841859073,-2.1446525402784222,-2.0713547138207704,0.6890714195755125,1.4564564564564557,0.04567301270168747,-0.1291291291291294,0.5496688741721855,0.8958566782472754,0.916188379718094,0.9718644829939954,0.14235916035763593,-0.1856306226964719
22,2.0,6.0,5,1.6279274564414798,1.1323529167770428,2,0.5926114978740873,1059.9469906899226,0.5397231298419021,14.255346663893581,26.412332315773305,0.7719246108158311,0.8007471520715256,8.148578960978492,0.9949063335752766,0.10193548387096774,0.13666666666666666,0.7458693941778127,0.25311827956989247,0.07666666666666666,3.301542776998598,0.2518279569892473,0.032688172043010756,7.703947368421052,0.011010511438023163,0.014368635782820233,0.01709450429889244,0.027201306050698773,0.01684821829616068,0.020028518905376883,0.023699133191494734,0.0369615363586985,-2.1388252500255454,-2.131562846102708,-2.125667782021792,-2.1038104387094814,-1.4958010766737189,-1.49096245748598,-1.4853778581358028,-1.4651999799017783,0.719347346461152,1.28028028028028,0.022456979955397718,-0.9879879879879878,0.4867549668874172,0.9880418934356152,0.9585947582020147,0.9954422952624149,0.12256620622365128,-0.2133679520223708
22,2.0,7.0,5,0.7282780760781435,-1.253870193078266,2,0.7430733684104545,1089.131690561412,3.346270553789253,9.590196334799831,2.865935727743256,0.8334381029591316,0.7925663535684978,9167.550819008233,0.9795617429918893,0.10193548387096774,0.09333333333333334,1.0921658986175113,0.2797849462365591,0.05311827956989247,5.267206477732793,0.16591397849462367,0.05161290322580645,3.2145833333333336,0.020600821061505587,0.027088567033949084,0.035305993240349366,0.05947831848055084,0.01964553025214516,0.02774439121317998,0.03644043605132977,0.058991701020101484,-3.047793857237187,-3.027604630262789,-3.0020328086268844,-2.9268109113999805,-2.8945340318850605,-2.8706218354350868,-2.844946430769163,-2.7783629592509933,0.6664219743092952,1.4124124124124113,0.06852291595284057,0.3113113113113108,0.5662251655629139,0.8485101987879057,0.8774560862335777,0.9535149966777168,0.16367308029296174,-0.15841388365056686
22,2.0,8.0,5,1.602186332510885,0.9850742226067561,2,0.5755925186344775,1058.6191059940531,1.4118010577589954,11.303249566348399,8.006262287613291,0.6858686571187491,0.6803243963257573,9.659700849434218,0.9735382104428637,0.10193548387096774,0.06999999999999999,1.4562211981566822,0.2756989247311828,0.07,3.9385560675883253,0.2478494623655914,0.039032258064516136,6.349862258953167,0.016173008281146765,0.01821234219964075,0.028272740735603437,0.05216263588806885,0.023893631414763868,0.02469400661632178,0.03556037321199937,0.06553899562759379,-2.375758955928893,-2.370834344323628,-2.3465403555194895,-2.288850708007876,-1.741805388103134,-1.7403771648239452,-1.7209867617955459,-1.6674916430954447,0.6738067670763713,1.4784784784784788,0.404209583979631,-0.2172172172172173,0.5794701986754967,0.9003556965231005,0.9091618741288855,0.9734671943822215,0.15589103740135785,-0.1930017415460945
22,2.0,9.0,5,1.042531147019198,-0.453623588351753,2,0.49814815615534447,1071.361564245141,0.13048672713093512,10.894880220820022,83.49416419869053,0.6658777252059919,0.7538351553612707,6.153496397722063,0.958139428810217,0.10193548387096774,0.09322580645161291,1.093425605536332,0.2790322580645161,0.06978494623655913,3.9984591679506933,0.2181720430107527,0.05172043010752688,4.218295218295219,0.025732671405994213,0.031756374299559846,0.0442407593698214,0.07545955398894308,0.026964062441372276,0.03460804862831426,0.048479270555782834,0.08288843105533106,-2.8810523084890507,-2.8632393298354355,-2.8263211602826805,-2.734002576187835,-2.569331328484193,-2.549147147791045,-2.5125197595447037,-2.4216613126510063,0.6770446799355493,1.39039039039039,0.049298336304231846,0.3553553553553552,0.5331125827814569,0.8666105660641611,0.8979900558958613,0.9497706658383075,0.15273961382109308,-0.268417344719071
22,2.0,10.0,5,1.6789679229192571,1.246455398683569,2,0.5861955855407468,1044.2719765532136,1.6213173750198593,14.601190022056102,9.0057568289967,0.7695803787908524,0.8403661771526161,1.972196585163109,0.9961328768269879,0.11483870967741935,0.11333333333333333,1.013282732447818,0.26602150537634406,0.06666666666666668,3.9903225806451603,0.20537634408602154,0.03903225806451612,5.261707988980718,0.03443154291281772,0.03805868218897643,0.04551237748679563,0.0698310549839156,0.05806061467022383,0.05872100430376005,0.07034862433801436,0.1043979192822627,-2.1422733648171732,-2.134225956262385,-2.1176887001115876,-2.0637336908242916,-1.3583709508470925,-1.357418602842107,-1.3406504099753347,-1.2915479158345902,0.734845226493787,1.4564564564564557,0.04341478330055092,-0.5255255255255253,0.5496688741721855,0.8721336027081927,0.8994775924990321,0.9657431226048876,0.16257095759363263,-0.1640379379215035
22,2.0,11.0,5,1.1548016327371393,-0.40400021841028133,2,0.5108817227211249,1050.8466689538573,1.583042841236539,11.009336857878159,6.954541324528273,0.6560952466718819,0.7174182439130588,10.484120129384817,0.9772596797358745,0.10516129032258063,0.09333333333333334,1.126728110599078,0.28215053763440856,0.07322580645161289,3.853157121879589,0.2637634408602151,0.048709677419354835,5.415011037527595,0.023785047898393617,0.030508486706774272,0.03770590908654929,0.06541674367886466,0.03509372886626969,0.042248175480679384,0.05066900283020317,0.08697286898002397,-2.938148320289031,-2.9179125511083988,-2.8962502169779687,-2.8128479479019424,-2.099703386189364,-2.084134811052075,-2.0658105030552614,-1.9868107566892443,0.7021293377161232,1.3243243243243243,0.06191441755977847,-0.019019019019019347,0.5331125827814569,0.8203419558858104,0.8717696746391939,0.9289472087187395,0.1767012061632681,-0.18052113737728218
22,2.0,12.0,5,1.1620563808991529,-0.30820616277385104,2,0.6265707995583429,1073.6246210834045,0.32196374493239255,14.557152679402067,45.21363945017737,0.7134010056551554,0.823240678171101,10.650000432639384,0.9605366422981597,0.11817204301075271,0.06999999999999999,1.6881720430107532,0.21978494623655914,0.06,3.663082437275986,0.1870967741935484,0.05225806451612902,3.5802469135802477,0.07825306520601173,0.10056930005922773,0.11638171902202622,0.17151559222602045,0.092187495061245,0.10817352308739034,0.12067620071303636,0.1858556800044807,-2.5308117421698264,-2.4695387538086973,-2.4261230894082475,-2.2747437374094726,-2.1983207053507523,-2.1596096100364575,-2.129333650025709,-1.9714977553769244,0.7508603553108167,1.5225225225225214,0.822081575524054,0.3333333333333329,0.5529801324503312,0.9084873579321618,0.9162285619765004,0.9744037535661462,0.15506895995387387,-0.20389823439617777
22,2.0,13.0,5,1.5649465514040302,0.7973354422575696,2,0.7728274696413365,1087.245016323761,4.564553577329046,9.387307410147823,2.0565663763422877,0.8483849360291708,0.8280286761137976,23.98607393508037,0.9890873747657771,0.10838709677419356,0.08333333333333333,1.3006451612903227,0.2595698924731183,0.10989247311827957,2.3620352250489236,0.2688172043010753,0.046236559139784944,5.8139534883720945,0.038094005061492034,0.04414658109440785,0.0577591700090897,0.09522501221643669,0.05322485135220611,0.06531281918224476,0.083169742336851,0.1384170581476888,-2.2728032999877312,-2.2585021989930163,-2.226338206701188,-2.1378134545385596,-1.5059227246956102,-1.4866958306684028,-1.4582929449250757,-1.3704176046430656,0.7334801192778988,1.39039039039039,0.06191441755977847,-0.1291291291291294,0.5231788079470199,0.8540799673767727,0.8989869483833643,0.9547244192328374,0.15179119893179494,-0.15084831554329026
22,2.0,14.0,5,1.1083971181231738,-0.46097869897562527,2,0.3909541543780388,1056.824188931421,2.3648753026649167,10.00586624161347,4.231033336234734,0.4548089457752015,0.684014254593625,5.573513915532025,0.94850892093722,0.12129032258064518,0.09322580645161291,1.3010380622837372,0.3144086021505376,0.06666666666666667,4.716129032258064,0.2627956989247312,0.06215053763440861,4.228373702422145,0.04266344376333203,0.05111603871783478,0.0627721762149676,0.0976891232294999,0.043371871057145656,0.05974274140957138,0.07814902820939139,0.115132351705773,-2.8683226165784363,-2.8429973857399897,-2.808073865284025,-2.7034575021344134,-2.2231852808189427,-2.185139694555524,-2.1423638398113067,-2.0564153108633016,0.672137421180796,1.588588588588589,0.29817722900196736,0.3333333333333329,0.5298013245033113,0.8417744052958576,0.8862985682431235,0.9501266324345807,0.16825318558719343,-0.21782733857156206
22,2.0,15.0,5,0.8877790265433777,-0.919865434046526,2,0.3998485044615505,1098.9923647769522,2.1246386623749367,7.907555774780344,3.721835583063908,0.5008443192070042,0.6621260034470231,8.169201330561622,0.9615274858479275,0.14408602150537636,0.09666666666666666,1.4905450500556177,0.23451612903225802,0.15,1.5634408602150536,0.4066666666666666,0.06655913978494624,6.109854604200322,0.15420972880925396,0.17043505331142356,0.22436303839255167,0.3076402684832983,0.16037144875203177,0.18275740865419426,0.25044888421547984,0.3465247076944033,-2.601839768230263,-2.5519270463887684,-2.3860325203059976,-2.1298531618781427,-2.127978430398287,-2.071242818269854,-1.8996836214057788,-1.656186327582188,0.7970747968808104,1.4784784784784788,1.2975171686575868,0.44344344344344305,0.5662251655629139,0.8989781335972066,0.9053748897000723,0.9734461018492861,0.16988063547040702,-0.21320296752629259
22,2.0,16.0,5,1.436783903664244,0.4527822734566591,2,0.5365352739444222,1078.5503238318108,4.03218382999122,14.344377603925865,3.5574711393942327,0.6674724965829668,0.7249561184065999,24.306911082596145,0.9798207619342975,0.12129032258064518,0.05,2.425806451612903,0.28537634408602147,0.06978494623655913,4.089368258859784,0.2696774193548387,0.06526881720430107,4.13179571663921,0.02986666630801038,0.03467763731918519,0.046155181241508254,0.08778634029913594,0.034829511811471155,0.04357586713479642,0.05497689725960939,0.10312681437070102,-2.5397506087633976,-2.5271557765583497,-2.4971082581900306,-2.388120392411052,-2.002855760940081,-1.9847059227913526,-1.9610472851251823,-1.8611298715128632,0.7467061799606941,1.5005005005005003,0.404209583979631,0.09109109109109068,0.5463576158940397,0.9000383677120489,0.904918113318825,0.9646707591412421,0.1569401057127182,-0.21658954527474833
22,2.0,17.0,5,1.2770456111756743,0.05959207777213171,2,0.5121201964965023,1085.872682651128,0.6620266584089428,8.141731884243184,12.298193404794775,0.6305169250713392,0.7311630669358643,2.4576582421190714,0.9502682055111396,0.10193548387096774,0.1631182795698925,0.6249176005273565,0.2629032258064516,0.11978494623655914,2.1947935368043088,0.24150537634408603,0.0753763440860215,3.2039942938659065,1.0479675771973052,0.47455969946935,0.25870705065351557,0.13229615237730927,1.2844021046055736,0.03193441137775328,0.03704510202640695,0.05721626544124534,0.12575685305755124,-1.3775496392605115,-1.9434516802904491,-2.274863806735873,0.4714943303196222,-1.6049017536137176,-1.5964290256492055,-1.5629883828690236,0.7338442362624461,1.3023023023023015,0.18891927762076643,0.047047047047047236,0.5,0.8474796372561344,0.8968528614954738,0.9508684147401738,0.16748823177090374,-0.2138021967148372
22,2.0,18.0,5,1.252665545157724,-0.1186535116460199,2,0.44215680435570137,1052.1460789130958,1.162406049959786,8.252604619876708,7.099588495915185,0.5078602426876855,0.6792180929788056,49.265588124900816,0.9716540789896162,0.10193548387096774,0.06333333333333332,1.6095076400679118,0.2563440860215054,0.056666666666666664,4.52371916508539,0.30354838709677423,0.05870967741935483,5.1703296703296715,0.02144008638028864,0.02473300706308903,0.035301837863276966,0.06918150672133998,0.031505946183794646,0.03447575671755725,0.04670811056036317,0.09315411299922073,-2.8372997823336648,-2.827752075538695,-2.7971081252689847,-2.69887522635435,-2.0226123774845233,-2.0164101963552707,-1.9908640299221985,-1.8938657478497951,0.6830591829721535,1.3023023023023015,0.053177231778509665,0.025025025025024978,0.5331125827814569,0.8757588143288134,0.9099930392213188,0.9470590513744515,0.14333240582464907,-0.23332057539033413
22,2.0,19.0,5,0.9724488516076643,-0.8304931857812141,2,0.5068338478171635,1064.5250519385463,4.233059759612261,8.471561057425088,2.001285485797409,0.6334977133943732,0.6747268925942811,111.34316491928354,0.926556576745408,0.10516129032258063,0.10989247311827957,0.9569471624266144,0.27913978494623654,0.07333333333333333,3.8064516129032255,0.2641935483870968,0.052365591397849465,5.04517453798768,0.03390800143073295,0.06456116303610857,0.06676627225872432,0.11170193113356967,0.047211615216028416,0.07921323732721312,0.07948540732974577,0.1294497394779991,-2.8708393832940335,-2.779750435564922,-2.7731977320852064,-2.639666909551515,-2.23732634793814,-2.162180519683373,-2.1615414133219715,-2.044215763096118,0.7656498185341217,1.4564564564564557,0.822081575524054,0.2672672672672673,0.5529801324503312,0.8505998629757073,0.8820580898539857,0.9384061836619448,0.1647191672946334,-0.2217055570511517
22,3.0,0.0,5,0.678237072222384,-1.144074524479558,2,0.5869850112674865,7.498597261823242,0.3221175481293717,8.689346783643906,26.975701367731798,0.6300939871732676,0.6779167690530727,6.024035310338536,0.839210322557306,0.10516129032258063,0.09311827956989246,1.1293302540415704,0.34645161290322585,0.06623655913978495,5.230519480519481,0.19075268817204302,0.08827956989247313,2.1607795371498173,0.0954962688282676,0.11470303073987578,0.14568129777485822,0.2008511208258903,0.10037858081766958,0.11982378202725498,0.14255787198067207,0.19761260964913635,-3.137034871918501,-3.0704212363779404,-2.9629812108575897,-2.771639093822363,-2.894216434736148,-2.8316583189359648,-2.7585193569582107,-2.581400045242643,0.7437753362454566,1.742742742742743,1.5499930850548158,0.6636636636636631,0.6225165562913907,0.9298759093109453,0.9050479344310478,0.9668420155566975,0.17642227397829754,-0.25709070915723015
22,3.0,1.0,5,1.4094479817404233,0.5408972614239933,2,0.4447803365098828,-0.5866638187928714,0.6517486176029764,8.340066257848516,12.79644640984725,0.4919997448834976,0.6881611219852914,5.2985086565440005,0.9516158303257698,0.10516129032258063,0.10666666666666666,0.9858870967741935,0.26924731182795697,0.056559139784946234,4.760456273764259,0.25827956989247314,0.04548387096774194,5.678486997635934,0.02848173904086517,0.039111588006498034,0.04512067569926269,0.07633459208904766,0.036773377569130156,0.04942094447786009,0.05857610392022163,0.0972743129031436,-2.3186928436048673,-2.293322909023421,-2.2789812036847565,-2.204483906554776,-1.7322302385667867,-1.7094853337506088,-1.6930210421128462,-1.623427650259305,0.7428138463792148,1.4564564564564557,0.34716868189265593,0.1351351351351351,0.5132450331125827,0.9283262930404311,0.9190143806499594,0.9726974193342771,0.1473922316887044,-0.24560499595731666
22,3.0,2.0,5,1.0337839756932783,-0.41427203183733674,2,0.32872162777346037,0.5772006850086342,1.0974622627766613,7.6036476289431665,6.9283909678182205,0.45194675475404655,0.7226717972669473,5.38777805133845,0.9637108733030162,0.12451612903225809,0.06666666666666668,1.867741935483871,0.30172043010752686,0.08989247311827957,3.3564593301435406,0.18634408602150537,0.04580645161290322,4.068075117370893,0.06271344739211468,0.07662189933007033,0.09965397147368187,0.1652883167724634,0.0661237429486345,0.08781544056781847,0.11010714429569676,0.18764683076913907,-2.6531128320641577,-2.6137431300151244,-2.5485478212984667,-2.362761176593262,-2.2388125241979977,-2.18681029806337,-2.1333696573844194,-1.9474811953013957,0.8070693517038073,1.3463463463463456,0.822081575524054,0.3553553553553552,0.5165562913907285,0.9488070329832454,0.9314693344468542,0.9723836527693333,0.14979975689653285,-0.2406899334111613
22,3.0,3.0,5,1.09308653304826,-0.36868166033420646,2,0.45618338184997564,12.361932171076841,1.313618852886195,6.599433202005874,5.02385694869257,0.5317873571145157,0.5905159397491739,3.883991689010459,0.976164322551359,0.10193548387096774,0.06666666666666668,1.5290322580645157,0.27279569892473116,0.04989247311827957,5.467672413793102,0.22344086021505377,0.0453763440860215,4.924170616113745,0.02816911172912003,0.040532452985568845,0.0523671010477722,0.10497105405048483,0.031520116321205716,0.046717339228971096,0.06025647719267763,0.12163638777995395,-2.643362844283924,-2.6097347745210393,-2.5775447409047323,-2.434462918225445,-2.2013620807794716,-2.1668186784785073,-2.13604411576221,-1.9965271160128601,0.7452138767769468,1.39039039039039,0.6064329395408061,0.3113113113113108,0.5231788079470199,0.9240280070191773,0.9238443505257461,0.9699569334664464,0.1389494418036804,-0.2424273505236174
22,3.0,4.0,5,0.835211994827111,-0.9380869475828186,2,0.6741535898052803,10.830533916529756,0.19811893082384838,14.14715158931159,71.4073689499673,0.7128778265789886,0.6998552196064775,9.639979187828999,0.8658587468900135,0.12129032258064518,0.056666666666666664,2.140417457305503,0.16967741935483868,0.059784946236559146,2.838129496402877,0.1553763440860215,0.048602150537634406,3.1969026548672566,0.053468398644284036,0.06635802558778302,0.08766079394854205,0.15983033084203604,0.04879047642188601,0.06808429084376463,0.09059412509403322,0.1597429092197285,-2.206459852856613,-2.1764128429856333,-2.1267539588285747,-1.958519548559894,-2.018425026623869,-1.977484395855512,-1.9297195116005803,-1.7829888145456396,0.7353966303609955,1.874874874874875,0.18891927762076643,0.641641641641642,0.609271523178808,0.8595955764149968,0.8839417022851344,0.9633289068190295,0.17663174356666592,-0.2328059509651224
22,3.0,5.0,5,0.879572656866803,-0.8557705765011119,2,0.7285915660504848,17.51963914478765,0.40301323960818924,12.56930613473072,31.188320629244437,0.7596814044249758,0.8770126758580286,3.7348932190918096,0.9695052665128301,0.11161290322580646,0.13666666666666666,0.8166797797010229,0.2756989247311828,0.06999999999999999,3.938556067588326,0.21806451612903227,0.06139784946236558,3.551663747810859,0.04836103476274387,0.05665972308266659,0.06648296826746145,0.09358287213376451,0.0634183746114084,0.07065475314976971,0.08259703785667759,0.11764492850172537,-2.9217488146763686,-2.896269947534713,-2.8661103428701495,-2.78290745302266,-2.2273201726561855,-2.2101110672685147,-2.181710668505339,-2.09836195470757,0.7641164359921969,1.4344344344344344,0.6711611767496287,0.3553553553553552,0.5562913907284768,0.8799144650279522,0.8881440583135395,0.9549241563813954,0.15876005072615015,-0.18025229546915533
22,3.0,6.0,5,0.6903948475998445,-1.2652321968652747,2,0.3947826834585313,-2.576951228354204,0.5400802063158416,11.73877323717171,21.735240617773755,0.4700412753054848,0.5187152039938234,3.4427106029382144,0.8441628462262469,0.11516129032258064,0.1564516129032258,0.7360824742268042,0.16064516129032258,0.12311827956989245,1.3048034934497819,0.20225806451612902,0.07258064516129033,2.786666666666666,0.15299729688602268,0.16253696679548718,0.18355485655800557,0.26536445320236046,0.1518783570776919,0.16685539532912697,0.195054449307358,0.2684575667501601,-2.4915250245122462,-2.463463335668003,-2.4016375609529637,-2.1609882022965077,-2.1801283919370755,-2.141629355163795,-2.0691426326320137,-1.8804571749158925,0.7890652999697817,1.8528528528528534,1.3650078065460138,0.5535535535535532,0.6258278145695364,0.9111637397738434,0.9074181906528701,0.9683267925709345,0.17380548291657769,-0.26387210181613685
22,3.0,7.0,5,0.6293540496910781,-1.3272202304305323,2,0.41364770494501224,1.4854553022703278,2.5706275011678166,13.063849344384082,5.0819690283595245,0.49954874709348995,0.47414450347053416,20.95431429968244,0.8267141917553075,0.10516129032258063,0.15999999999999998,0.657258064516129,0.22935483870967746,0.11989247311827955,1.9130044843049334,0.17172043010752686,0.0389247311827957,4.411602209944751,0.15278488934722148,0.14969284682843503,0.16459485445635297,0.19120031431383483,0.15883960322533022,0.16647709032698704,0.19074550965021375,0.21101552156341732,-2.104157549463314,-2.11183699772546,-2.0748261235588226,-2.008748360648138,-1.689155622321434,-1.6738185898985594,-1.6250845587888378,-1.5843798314633522,0.7232961054154449,1.8308308308308305,0.5621980309913077,0.48748748748748744,0.5728476821192053,0.9126369193732379,0.8921101434108162,0.963337163670686,0.18316349028624895,-0.23348382773775744
22,3.0,8.0,5,0.774748509837126,-0.8380991924862706,2,0.6199715384617914,-13.572513625664847,0.26989907169441774,11.41088039294765,42.27832397240386,0.6512877499092806,0.7298131259856309,16.88195321101498,0.9413914368369468,0.10516129032258063,0.06333333333333332,1.6604414261460103,0.18,0.0964516129032258,1.866220735785953,0.09817204301075269,0.06827956989247311,1.4377952755905514,0.06798038556458114,0.08992207423081952,0.12091592588724662,0.20768181737538322,0.07800151995569195,0.09461723856640104,0.12700916794086461,0.21131105717458434,-2.763757425455862,-2.698692802309394,-2.606785415026759,-2.3494948246115603,-2.4327953472028363,-2.388952929019433,-2.3034832273065504,-2.0810433336113396,0.7290849402903865,1.6106106106106102,2.0479120966650832,0.5535535535535532,0.5562913907284768,0.9114038808199972,0.9219651145569011,0.9790866833711971,0.14797933215557318,-0.19842566489420993
22,3.0,9.0,5,0.43265861176053927,-1.4808155005795998,2,0.4774458431288475,14.805329717316916,0.9298875718986002,14.513559409832043,15.607864701534776,0.5604325799720378,0.5440770693286507,16.25983054070111,0.8152772743581107,0.10795698924731183,0.12655913978494623,0.8530161427357689,0.18290322580645163,0.08333333333333333,2.19483870967742,0.19709677419354837,0.07462365591397849,2.6412103746397695,0.22410799785755567,0.22873118011123314,0.3284183310512154,0.4146061344991196,0.24005622750675315,0.2338447600356218,0.3138919690796579,0.4058961962864673,-2.399364488741331,-2.385067783408858,-2.0767957438869473,-1.8102690180223933,-2.197269996799895,-2.215229576974673,-1.9837843870457128,-1.7177671692757241,0.7508287870652446,1.8528528528528534,0.9571521538991856,0.641641641641642,0.6324503311258278,0.9214260976868492,0.8820648833847327,0.9525017160457071,0.1931762352553577,-0.30367201513431263
22,3.0,10.0,5,0.877915131334267,-0.8069470575605746,2,0.5767176854351864,8.43392883463229,2.4942886514330227,6.966923076512619,2.793150292573384,0.6280492064506802,0.6682926858498953,6346.8436399126,0.8980658686874841,0.10849462365591397,0.11333333333333333,0.9573055028462998,0.3331182795698925,0.05311827956989247,6.271255060728746,0.1688172043010753,0.07161290322580645,2.357357357357358,0.08408740824411942,0.08841941846331298,0.09311996008575377,0.12577691979718122,0.08849503199108709,0.08982338297810621,0.09453951005531852,0.12974624156322362,-2.862550172189137,-2.8490111110270835,-2.8343202591359606,-2.7322557319239182,-2.622079459523654,-2.6182582605611193,-2.6046916203653185,-2.5034142266441473,0.696314442287259,1.786786786786786,3.8612343143774956,0.7077077077077075,0.6423841059602649,0.7785684661394104,0.8754312433846264,0.8974055685223424,0.16938602458296192,-0.2406872392240142
22,3.0,11.0,5,1.5008317401094238,0.6765714536769742,2,0.5025708117731068,0.1210452273492173,0.13237067986121673,11.409917158968506,86.19671041148362,0.6800819714980759,0.8033203569728556,2.6143569839054845,0.9911804197716795,0.10838709677419356,0.07666666666666666,1.4137447405329595,0.2595698924731183,0.08,3.2446236559139785,0.2581720430107527,0.02279569892473118,11.325471698113208,0.01522441357193477,0.022381959254322403,0.02861377470606374,0.05328454785142104,0.022948169286130325,0.03453642094254084,0.042451375822288535,0.08048601281320195,-2.0184301639010163,-2.003759810265187,-1.9909868653861582,-1.9404207939180715,-1.3027693898790504,-1.2873179889752144,-1.276764443487177,-1.226050285579382,0.7408758973025589,1.39039039039039,0.30593210572932766,0.047047047047047236,0.5562913907284768,0.9186986258337647,0.9217520302052531,0.9783399655646744,0.14057268241742416,-0.20601734022705065
22,3.0,12.0,5,1.5967515205526694,0.9961502840667169,2,0.5299919889615914,23.609046424904758,3.0860264113787776,12.902981583236858,4.181098883554938,0.6803696509996443,0.7757701286044231,5.6580337278185135,0.9884018171425237,0.10193548387096774,0.11333333333333333,0.8994307400379506,0.26602150537634406,0.056666666666666664,4.69449715370019,0.3111827956989247,0.032688172043010756,9.519736842105262,0.014753869839098634,0.01984340645209506,0.02615407794542685,0.044178138649858416,0.022226674518524565,0.03024089542926566,0.039077282049972815,0.06553733813000209,-2.448458211219997,-2.4358100846961603,-2.4201272873086315,-2.3753352723183405,-1.5764164962674212,-1.5634955567007762,-1.5492490792470983,-1.5065888145316753,0.7334390916518057,1.2362362362362358,0.209083769055575,-0.0410410410410407,0.5099337748344371,0.859594055149751,0.8905734356506029,0.9669788703914894,0.13816122894810992,-0.1728583663502616
22,3.0,13.0,5,1.1140600012529083,-0.4670041228298407,2,0.4498480191360863,8.810475398643819,2.9483485910442457,9.826374660435377,3.332840183919729,0.6603706168325647,0.7270160917186894,15.947600523802413,0.9725042079521562,0.10193548387096774,0.1,1.0193548387096774,0.2694623655913978,0.08666666666666667,3.109181141439205,0.23806451612903223,0.04548387096774193,5.23404255319149,0.023178131125377803,0.026138501382580788,0.033187517259669716,0.059206270810837715,0.0320847226428185,0.036166624809306554,0.04583526190454556,0.08052714372708267,-2.3509208820600724,-2.3437961477783698,-2.326831254637194,-2.264211822171901,-1.6192016899972228,-1.6123731761375932,-1.5961987506575792,-1.5381635537862037,0.7605391971885259,1.2142142142142145,0.31368698245668797,0.17917917917917947,0.5066225165562914,0.8816581474817454,0.9139338402408933,0.9570937971558087,0.1379442047236159,-0.2102931889905133
22,3.0,14.0,5,1.5450580689166977,0.8991357086374547,2,0.4670233372066923,12.978140571592377,2.888032890098126,10.794361105481535,3.7376170965680307,0.5902123598092363,0.8192454345877547,13.751603632035232,0.9932405736087215,0.10193548387096774,0.04666666666666667,2.1843317972350227,0.26602150537634406,0.09,2.955794504181601,0.2343010752688172,0.055698924731182785,4.206563706563707,0.023548299898645146,0.02905678362609243,0.03792479958940294,0.07707823364217078,0.037629252630470574,0.04323173036412037,0.05544556717197223,0.11408077689517421,-2.441584308376051,-2.4278105319255783,-2.4056363592345997,-2.3077345273341057,-1.618912027859008,-1.6094874702094648,-1.5889412021848135,-1.4903043238960785,0.7410826438306487,1.3243243243243243,0.29817722900196736,-0.10710710710710722,0.5529801324503312,0.8604625811675404,0.9012784953676936,0.9576752392582962,0.14619024524747803,-0.20045396503444396
22,3.0,15.0,5,1.4384575381216138,0.6487256757395512,2,0.6381717800688419,27.096548174985937,0.6324770159183782,10.585498416827873,16.736574057884724,0.7735624684733488,0.7745394333443247,5.555315631979146,0.9838368964183488,0.10193548387096774,0.09989247311827956,1.0204520990312165,0.25311827956989247,0.06311827956989247,4.010221465076661,0.218494623655914,0.09215053763440859,2.3710618436406072,0.6927874243637889,0.3137324705438872,0.1768845116708663,0.11440737082005811,0.019852103605801658,0.02135548517963764,0.03119179218860305,0.06534920215843706,-0.7095071706244922,-1.584934249867585,-1.9009844893626944,-2.0452753906774124,-1.7935226354202864,-1.7907716741701853,-1.7727727177530737,-1.7102698157179819,0.6816282708431882,1.39039039039039,0.21452153792929124,0.20120120120120072,0.5132450331125827,0.8610314525474382,0.8912374453946057,0.9021235381385697,0.15605382724354105,-0.17685030458893025
22,3.0,16.0,5,1.6029856069869413,1.2877152786234465,2,0.6827774745800701,-3.4190241664095566,0.07874374783006209,11.987416883569214,152.23325297443824,0.7046385525820005,0.7268660389695207,5.177910610912127,0.9443876493002386,0.10516129032258063,0.14978494623655916,0.7020818377602295,0.2147311827956989,0.06000000000000001,3.578853046594981,0.11161290322580646,0.09473118279569892,1.178206583427923,0.10504056574725552,0.11911008792900894,0.13583771738471942,0.17460710989418643,0.11449475404404455,0.12364197386080997,0.1413804292142186,0.18361494782531354,-2.125242726631814,-2.0918321065080954,-2.0521093308448344,-1.960044410030323,-1.9330049399483333,-1.913037106699065,-1.8743151205992814,-1.7821196948980462,0.7008896691552887,1.5665665665665658,2.5736529368675245,0.6636636636636631,0.5198675496688742,0.9415488033988085,0.9093623919077026,0.979770251393105,0.17464153910699573,-0.21510504092312163
22,3.0,17.0,5,1.0771297093205698,-0.4580217721732649,2,0.5409121340200513,-4.69442589126011,3.9730046501972622,7.788561772269923,1.9603706660356455,0.6105651080805112,0.621438247924438,2.4998815618809647,0.8757883931992037,0.12505376344086022,0.09989247311827956,1.2518837459634016,0.12806451612903225,0.11301075268817204,1.1332064700285442,0.12483870967741935,0.04580645161290322,2.7253521126760565,0.1245573321099604,0.11886250188013509,0.14672886489719947,0.23846412655025032,0.13260639848316652,0.1261272929617715,0.15830587107090094,0.23434313394658782,-2.286185997377216,-2.301057834913129,-2.2282858633561693,-1.9887226362605461,-1.9769137932404273,-1.9916805992794702,-1.918341027948118,-1.7450412554845824,0.7109403331821986,1.9409409409409404,0.31368698245668797,0.3113113113113108,0.6324503311258278,0.9029672742490201,0.8876404104625905,0.9723996693540378,0.18774391603650664,-0.22489760279077356
22,3.0,18.0,5,0.8367098615093035,-0.9557065137336038,2,0.5128575904027208,12.207729291992198,0.23172573185613385,13.46510266027733,58.107930234684055,0.6002615062441422,0.6301024534662598,29.273613748800745,0.902122878197692,0.13806451612903223,0.07978494623655914,1.7304582210242583,0.14935483870967742,0.17956989247311828,0.8317365269461078,0.3016129032258064,0.08268817204301075,3.6475942782834845,0.16216742862530323,0.20232883856365677,0.3015758297402978,0.4814082272302841,0.17143613339428124,0.21044649260434936,0.2914990705228426,0.463979525847813,-2.423939829690475,-2.3077485469782566,-2.0206163166147615,-1.5003418299956894,-2.2348219228237123,-2.1296022656631446,-1.9109853486888708,-1.4457670132599536,0.756107903162777,1.918918918918919,3.9591102664684588,0.8178178178178177,0.6059602649006622,0.9274930950788172,0.9044966521160331,0.9722326677934187,0.16806055713033888,-0.26653543695960247
22,3.0,19.0,5,1.5830434872993957,1.1105142422246264,2,0.5277444243244636,31.58791933711932,0.815825602634081,7.032686462174415,8.620330668059161,0.6113853463897414,0.762173425820041,6.239958437053459,0.9763350349579605,0.10193548387096774,0.13311827956989247,0.7657512116316639,0.2595698924731183,0.08978494623655914,2.8910179640718563,0.24150537634408603,0.07559139784946237,3.194879089615932,0.36398403761971315,0.18018642686831057,0.10704489387226923,0.07344906399470763,0.6728739518737911,0.025552742235931708,0.03225601766621273,0.05674508264775574,-1.0959175615813526,-1.4126187787101112,-1.5386487767487709,-1.5965376696956193,-0.3769568126237013,-1.1228837766380848,-1.1151593983600132,-1.086939940042785,0.7174005506541381,1.4564564564564557,0.1706994934038408,0.09109109109109068,0.5397350993377483,0.9222116434619815,0.9200553398099838,0.9803498798771051,0.1509681992030329,-0.21032370991355828
22,4.0,0.0,5,1.6857453876845434,1.321467359399069,2,0.5777167506306897,338.95066807316186,0.6188463686555026,10.258267240342304,16.57643602664952,0.6634327993175566,0.7510219498493229,26.132874202875012,0.9782761895794931,0.10838709677419356,0.13333333333333333,0.8129032258064517,0.26924731182795697,0.06666666666666667,4.038709677419354,0.2846236559139785,0.03903225806451612,7.2920110192837475,0.021995184891612406,0.023808141563899703,0.03206352620665051,0.05108279078275385,0.032591444918039204,0.035600435260840016,0.0473112910764179,0.07593040641835881,-2.1467078489583136,-2.1427284326424654,-2.1246079707234724,-2.0828609323488085,-1.39106309302276,-1.3867363839078324,-1.3698970255755287,-1.32874482064825,0.7101345353160619,1.39039039039039,0.11969557023590428,-0.23923923923923943,0.4900662251655629,0.9164358680411919,0.900146945629436,0.9636753247434866,0.15282007171159917,-0.20797778015915078
22,4.0,1.0,5,1.6861631548226772,1.5114213296820553,2,0.48862165710161065,344.6989454399872,0.5819119149804713,10.176175567093,17.487484454471957,0.5690037475271311,0.7982242179450937,4.6271861935373595,0.9914415767010536,0.10838709677419356,0.12,0.903225806451613,0.2789247311827957,0.05333333333333333,5.22983870967742,0.26107526881720433,0.029032258064516127,8.992592592592594,0.01825685492563663,0.02893348684409875,0.03485662358036601,0.05363448871977413,0.022901041207767824,0.03483229611284951,0.041490444423461205,0.06333045072230918,-1.9373706837127065,-1.9163014317567346,-1.9046127211952806,-1.8675565058233419,-1.573222453858118,-1.5540119962576093,-1.543291742869642,-1.5081272510926567,0.6948519385787311,1.3023023023023015,0.13247139878661174,-0.0410410410410407,0.49337748344370863,0.9270864865668978,0.9304508710550669,0.9764282334797911,0.14240704031707857,-0.21437478588961048
22,4.0,2.0,5,1.462557918900301,0.5269467247041764,2,0.7375611871652867,330.32548365371883,0.04259319069753502,8.557786638998582,200.9191257769248,0.7859280381703218,0.7686505110613465,3.6663631819786997,0.9634881591079533,0.10193548387096774,0.13666666666666666,0.7458693941778127,0.2564516129032258,0.09333333333333334,2.7476958525345623,0.2456989247311828,0.06150537634408602,3.994755244755245,0.024597094579928036,0.027415610703376107,0.03421273313078663,0.05244880220279079,0.036385358610284364,0.04070547736974499,0.04840523779195652,0.07497197365224184,-2.3189375126240295,-2.3122367300732694,-2.296077149158312,-2.252722444739361,-1.568754461348671,-1.5617213536245231,-1.549186224959147,-1.5059358594975052,0.7050101364767275,1.4124124124124113,0.15423686462966274,-0.0410410410410407,0.5198675496688742,0.9143372002083864,0.9130724980878517,0.9764542034666247,0.14705461947789208,-0.17687323724733411
22,4.0,3.0,5,2.0653025449227815,2.966909099653063,3,0.4001113869171352,331.95244956057775,2.9297006002757655,6.674547072059991,2.278235213329216,0.48519424057663907,0.7736438608373626,36.508479537453354,0.992473054024253,0.10193548387096774,0.07333333333333333,1.3900293255131964,0.2627956989247312,0.09,2.9199522102747912,0.3339784946236559,0.046129032258064515,7.24009324009324,0.008456510161893943,0.01233245995060573,0.01656752656885305,0.0331091179748228,0.01409303621041563,0.021799939392908807,0.02852823916488625,0.059103328817913976,-1.7343787642036794,-1.7275990666174856,-1.7201912124154726,-1.6912571463309558,-0.9624788399160668,-0.9549550760043893,-0.9483866609338143,-0.9185381276538969,0.6881089384253596,1.3023023023023015,0.09772146969725724,-0.393393393393393,0.5165562913907285,0.9198658399320808,0.9379678483385918,0.9808945049263239,0.12970743425668418,-0.21437317657905303
22,4.0,4.0,5,1.3175169417870318,0.05592761217533715,2,0.6890299615065875,329.1609332457151,1.8694726935488521,9.940158115112187,5.317091899450328,0.8274243412377735,0.8273382115514823,3.830203090127488,0.9860145875690954,0.10193548387096774,0.05333333333333333,1.9112903225806452,0.27602150537634407,0.056559139784946234,4.880228136882129,0.2118279569892473,0.05870967741935483,3.6080586080586086,0.020876211458616734,0.0284839353125756,0.035615717788732716,0.07336132397841993,0.02402007717291265,0.035634040432236565,0.04470118932484989,0.09243109499695265,-2.383198297785825,-2.3646810124834334,-2.347322173839878,-2.2554489444557118,-1.8311716939387552,-1.809381121942853,-1.7923689826472138,-1.7028162672922216,0.7026789208519402,1.3023023023023015,0.404209583979631,0.09109109109109068,0.5529801324503312,0.9100479656314739,0.9213278057463558,0.9757784790438222,0.13153133384801355,-0.1847780328610232
22,4.0,5.0,5,1.6865188957906505,1.3712183690985427,2,0.36037093015710264,359.99490018025887,0.602295683478372,10.736316395625808,17.825657214777866,0.5258804540883761,0.747076127794172,10.384527122646968,0.990094311496909,0.11806451612903228,0.08333333333333333,1.4167741935483875,0.28215053763440856,0.06999999999999999,4.030721966205837,0.30268817204301074,0.04193548387096774,7.217948717948718,0.012392129655634411,0.014478111901464478,0.019522902543566683,0.03729084437416659,0.015622568615695413,0.019656046089365067,0.026349511497641857,0.050941896181180626,-2.3562692287920126,-2.351292419751455,-2.3392563826636392,-2.296865008666376,-1.6846860831995125,-1.6777830974644228,-1.666327747451122,-1.6242397770160584,0.6818210246362176,1.28028028028028,0.2834343306151309,-0.06306306306306284,0.5662251655629139,0.8881690190703969,0.9057147197854908,0.945355294650392,0.141824284015358,-0.2169202441828914
22,4.0,6.0,5,1.999180915666801,2.6390618403485275,2,0.5713596379189718,338.6283957396552,1.4427558083122598,15.480666281909393,10.729928233675748,0.6298714430092934,0.8170456268039774,42.14024646176517,0.9966036077643405,0.127741935483871,0.11333333333333333,1.1271347248576853,0.29827956989247306,0.06666666666666667,4.474193548387096,0.21430107526881717,0.048817204301075265,4.389867841409691,0.027694763477433965,0.029586551237929627,0.0370614721958268,0.060478396566063464,0.0364347727007858,0.041392923171043726,0.049452424014779214,0.08154347051829823,-1.8155193292608038,-1.8119869228548457,-1.7980295121837946,-1.7543046845997603,-1.2950088436578648,-1.2883452068585508,-1.2775134286120902,-1.2343838221807988,0.6939751822768555,1.3243243243243243,0.17513897905202525,-0.0410410410410407,0.49337748344370863,0.9693543232956275,0.9561511072882344,0.9941952348768108,0.12444059319158357,-0.21311345869426368
22,4.0,7.0,5,1.4566560328351275,0.794863820341694,2,0.5871577366783256,366.2626137501247,0.7879971724630286,8.062450228599092,10.23157253648314,0.6046165131315572,0.7385822250174437,76.03226992732698,0.9698482964948896,0.10193548387096774,0.11666666666666665,0.8737327188940093,0.28247311827956983,0.06,4.707885304659498,0.19193548387096776,0.03247311827956989,5.910596026490067,0.023497066825172337,0.03273930889667049,0.040631468213947926,0.06698709767586,0.02715661205009699,0.036463866725188275,0.045706724464719704,0.07305877407277259,-2.264718810315519,-2.243284077497298,-2.2249804748632185,-2.163856142541923,-1.9290282495488211,-1.9105731133815997,-1.8922456683817523,-1.838009933184761,0.6916519425322736,1.4124124124124113,0.2834343306151309,0.1351351351351351,0.5927152317880795,0.9002965770068986,0.9128987589163224,0.9644675849479569,0.1546519366148464,-0.21980556706582927
22,4.0,8.0,5,1.1472949796016292,-0.29962254591804305,2,0.6815886316675829,341.42740968415865,3.5377616761801276,11.517611356528308,3.2556210425582894,0.7736088002521635,0.7480135882620675,3.3829529385403707,0.9730703244971205,0.10516129032258063,0.05,2.1032258064516127,0.2627956989247312,0.07666666666666666,3.4277699859747552,0.18247311827956988,0.042150537634408604,4.329081632653061,0.015820099892498326,0.019556153510423,0.02933549689093724,0.06080510798539479,0.018191884223469453,0.023924856671125955,0.032934764673309094,0.07272836270770136,-2.6115173925556543,-2.601603789360075,-2.5756543411715906,-2.4921498551511374,-2.129582678351722,-2.1171476224341603,-2.097604756871457,-2.011290786023592,0.6797196318495085,1.4344344344344344,0.436293969451357,0.0030030030030028442,0.5264900662251656,0.8509613488761885,0.8866503377387281,0.9539076747893007,0.1541827786598736,-0.2067725275571489
22,4.0,9.0,5,1.7044843175854012,1.322094807505577,2,0.594361007525763,335.44182658571617,1.6031139642985144,8.792839923969542,5.484850185193842,0.7758852038433056,0.8192653996036123,8.194743852677249,0.9958686695766641,0.10193548387096774,0.06,1.6989247311827957,0.2564516129032258,0.05333333333333333,4.808467741935485,0.18881720430107526,0.04548387096774194,4.151300236406619,0.014256574723544533,0.017108821715083666,0.024796027249143277,0.05086614788498374,0.018530118834148505,0.022841321038333313,0.03315261767578651,0.06913763671648783,-2.1196851604930225,-2.113551854942107,-2.097021736578258,-2.040962069907333,-1.5161982030487493,-1.5095381545231643,-1.4936090162655153,-1.4380184961148856,0.6703897603158845,1.3023023023023015,0.34716868189265593,-0.1291291291291294,0.5364238410596026,0.8438393979217428,0.9053373123358102,0.9615904649632069,0.13745615507312522,-0.19109935031363767
22,4.0,10.0,5,2.235176234725759,3.601613791607555,2,0.459506919954941,328.5572604906119,0.7764906793200382,13.22442529380288,17.031016142245676,0.5623824263839348,0.886768325498307,11.63486544534819,0.9977632246534114,0.10516129032258063,0.17,0.6185958254269449,0.26602150537634406,0.12322580645161292,2.158813263525305,0.3232258064516129,0.05559139784946236,5.81431334622824,0.018828149722923057,0.0231624042276154,0.025561772990090117,0.03702517416799498,0.03494824053347582,0.04221485875875207,0.04546432719021261,0.06431387810713977,-1.4927269157495566,-1.4861329043569185,-1.4824825730397866,-1.465042480889302,-0.8134799677819238,-0.8073546503553757,-0.8046155460026784,-0.7887265204429695,0.6821027923252896,1.3683683683683687,0.07978144572076629,-0.5475475475475475,0.5529801324503312,0.9324136336689403,0.9338263839940608,0.9847063856784424,0.1378906405133179,-0.2080493980886708
22,4.0,11.0,5,2.3095244375771964,3.9865451106441476,2,0.4945476184606996,336.47734178940493,1.2110381522436113,14.638710873321301,12.087737158570205,0.6152054982814119,0.8774998048717894,9.805912509864582,0.9973364348350748,0.10193548387096774,0.10666666666666666,0.9556451612903226,0.2595698924731183,0.09333333333333334,2.78110599078341,0.28182795698924734,0.055053763440860215,5.119140625000001,0.011526723829548698,0.013317896582683508,0.016949570067608097,0.030530963911289094,0.020778800430215412,0.02352892379203502,0.02943260998576732,0.053513084264050846,-1.3638098994642902,-1.361338594279551,-1.3563279254331957,-1.337589493328794,-0.7465973064706856,-0.7445005027093916,-0.7399992968404571,-0.7216393826120867,0.6876374714191281,1.3683683683683687,0.07208715033782136,-0.45945945945945965,0.5298013245033113,0.9669557723283128,0.9617315241042496,0.9924615743764668,0.11298061347330665,-0.21535754353989534
22,4.0,12.0,5,1.4911941171916996,0.6730331649954939,2,0.4143079797701381,324.28185127921495,0.9019774800577812,12.853041313408463,14.249847249606598,0.5322703106140583,0.8421245042902323,3.2752453448347554,0.9912511483410812,0.12451612903225809,0.13333333333333336,0.9338709677419355,0.2756989247311828,0.08333333333333333,3.3083870967741937,0.30333333333333334,0.04258064516129032,7.123737373737374,0.03732147488378484,0.044887453440429756,0.05200849810194365,0.07475913761684018,0.047265240082525896,0.056822949457337825,0.06815027036687954,0.09773839104446308,-2.0133471034027144,-1.9975236061354524,-1.9826306441877144,-1.9350499274969097,-1.4787978110460709,-1.4639627065692378,-1.4463808799467917,-1.4004553506895538,0.7551771100562702,1.39039039039039,0.42523463345286777,0.047047047047047236,0.5,0.9256827316672803,0.9215903643760319,0.9786680420604044,0.15967956073663203,-0.25211437927878627
22,4.0,13.0,5,1.5953355599009804,1.3521905571687878,2,0.5033727762987654,358.56681202257545,1.0963507585861905,8.98330006789614,8.193819357119468,0.5466816502873353,0.6317845930860365,9.19261628124029,0.9688588289206032,0.10516129032258063,0.13,0.8089330024813894,0.2627956989247312,0.08,3.28494623655914,0.2541935483870968,0.04580645161290322,5.549295774647889,0.038217895677002005,0.04311837902990539,0.0519656576379337,0.07449249526133998,0.04321929274155584,0.05252242740495479,0.06482534301797185,0.09262164314700148,-2.083393819938811,-2.072778487540483,-2.0536136834831047,-2.0048164828735078,-1.6155160027545554,-1.5998077398156354,-1.5790343725198845,-1.532100558600823,0.7126361785532989,1.4344344344344344,0.3300034791125282,0.3553553553553552,0.543046357615894,0.8983682895020655,0.9054615275244479,0.9701295177561307,0.16492447205454275,-0.22856011677435487
22,4.0,14.0,5,0.9488868854285789,-0.7451164216618267,2,0.5369717121178181,364.11071463836026,0.9545665705896412,8.707419235408214,9.121856456831074,0.6204864564284569,0.6519081937891051,21.715404785455238,0.950117721323359,0.10516129032258063,0.06333333333333332,1.6604414261460103,0.3129032258064516,0.04978494623655914,6.2850971922246215,0.25516129032258067,0.04892473118279569,5.215384615384617,0.05719557573674798,0.07111617263896208,0.08082550535370385,0.1532999228039162,0.06151320113360606,0.0785189356606494,0.09218291548543403,0.16027371271725888,-3.0026374228699675,-2.9583031960339627,-2.9273809761014875,-2.696564920898139,-2.617225869557135,-2.569800750323961,-2.5316950236139744,-2.341805303045543,0.7355210052682326,1.4564564564564557,1.7589165903277326,0.44344344344344305,0.5463576158940397,0.8471874002858742,0.8817330528644853,0.9209601988655972,0.16827148014413543,-0.24252616061866153
22,4.0,15.0,5,0.7843557824489683,-0.9864243505097603,2,0.5056974678962426,363.0214642855474,3.672325568706906,8.22908138964868,2.240836558656833,0.5880526577156626,0.5440496931767843,26.164227787121764,0.7794795758485523,0.13483870967741934,0.05333333333333333,2.528225806451613,0.14365591397849461,0.11612903225806452,1.237037037037037,0.21387096774193548,0.09172043010752688,2.331770222743259,0.16898505572380404,0.17779947648108357,0.22014357092910877,0.33441463160477325,0.1876064839708737,0.201032239797585,0.2569063289947187,0.36607995692613876,-2.307171101981978,-2.2826993677586924,-2.165138219523061,-1.8478841306530318,-1.914596450958193,-1.8829554986978956,-1.7512750621032755,-1.4939817227898275,0.7193769471917411,1.8528528528528534,3.4004119327037095,0.8398398398398399,0.5198675496688742,0.9250854644137504,0.8995861353704733,0.96731667827996,0.1743738147082959,-0.2922690261749012
22,4.0,16.0,5,2.3756230212813225,4.386854659056498,2,0.31965909747304033,339.53125701913933,0.4463560306861852,9.890566620051379,22.158469786655655,0.5152793472231803,0.8345787688424761,1.7643584544538768,0.9979680167345648,0.10516129032258063,0.09,1.168458781362007,0.26602150537634406,0.07333333333333333,3.6275659824046915,0.28397849462365593,0.08913978494623656,3.1857659831121836,0.033671935466256124,0.03933108834305545,0.046282070202661826,0.085839482799491,0.06194188456359901,0.07285137065288382,0.08763993459433984,0.1598947359356072,-1.344033105684495,-1.336161980860838,-1.3264940946851105,-1.2714750239816095,-0.6783414837684807,-0.6704524661701262,-0.6597583564537091,-0.6075084709245697,0.7094322759227364,1.3683683683683687,0.15423686462966274,-0.19519519519519515,0.5496688741721855,0.9464139803782676,0.9422423558199664,0.9797555909707385,0.1303415969817772,-0.18850889737041912
22,4.0,17.0,5,2.0492804616927347,3.0532808380236336,2,0.4784857912842775,331.79795752296076,0.2902746642987145,11.022455202973983,37.97250176691634,0.6166141598382955,0.8678961898091191,2.5466378026593968,0.9933134583862666,0.10516129032258063,0.10333333333333335,1.0176899063475544,0.26924731182795697,0.043333333333333335,6.2133995037220835,0.2352688172043011,0.052258064516129035,4.502057613168724,0.012367937699481727,0.013638769485248028,0.01781087399219659,0.03611958499538112,0.01860304938127907,0.02127338788834673,0.026799710353925473,0.05334258641669725,-1.7441013468729938,-1.7418571311232123,-1.7344894348245379,-1.7021573055437387,-1.116526622351743,-1.113488601872922,-1.1072013537287035,-1.0770037586177919,0.6832267655799358,1.3243243243243243,0.13247139878661174,-0.17317317317317288,0.5463576158940397,0.9463325555041061,0.93610267347424,0.9850110115846055,0.14538584915847144,-0.23417351206602816
22,4.0,18.0,5,1.3107370778249214,0.1325017220004594,2,0.53280414912167,372.18187429795273,1.4518120032544097,9.847373726806293,6.782816029025955,0.6696186041268901,0.784602102591684,6.194087758781216,0.9867979768649334,0.10516129032258063,0.10333333333333335,1.0176899063475544,0.2756989247311828,0.08333333333333333,3.3083870967741937,0.2779569892473118,0.04548387096774194,6.111111111111111,0.017201163858785826,0.022054828866573083,0.03110170990250161,0.05630545156198529,0.021693167324938156,0.02691132686905592,0.03764348916757827,0.06945319274777652,-2.597355463957891,-2.5845281254786396,-2.5606188929619362,-2.4940100675297936,-2.0805044412795457,-2.069407305141636,-2.0465838814663107,-1.9789361585188725,0.7015225192740451,1.3023023023023015,0.0905933933782929,0.047047047047047236,0.49337748344370863,0.9226290431718546,0.9208113276056022,0.9662688070201066,0.14532789597897441,-0.2018275738863335
22,4.0,19.0,5,1.142665538407228,-0.36850467229477246,2,0.7238997981212558,337.29377568900355,0.043612430969211184,11.217396486801892,257.2064027965094,0.7814999559627613,0.7952865401771445,5.755118056969679,0.9717321486573475,0.10193548387096774,0.09,1.1326164874551972,0.2532258064516129,0.06333333333333332,3.9983022071307306,0.1964516129032258,0.04204301075268817,4.672634271099745,0.009198880867111523,0.012220955708109564,0.016560092508278234,0.03430670908659764,0.010406672001980682,0.014302116817518832,0.018568549276949564,0.0386302036407856,-2.5304543096280616,-2.522736088324361,-2.511654159565881,-2.4663302277144252,-2.176982331509693,-2.168412837054881,-2.1590272158911348,-2.114894069622577,0.6909209335726263,1.39039039039039,0.11969557023590428,-0.10710710710710722,0.5198675496688742,0.826461381010688,0.880502793427648,0.9454106285690238,0.15668180656080685,-0.21178031340280595
22,5.0,0.0,5,0.9342492737340289,-0.9049931820736332,2,0.709150609390593,97.4113840388026,2.890566349611333,9.969566428865388,3.4490010686680486,0.7862460939037258,0.7636514121044646,173.523912573656,0.9639396669392685,0.10193548387096774,0.09666666666666666,1.0545050055617353,0.27311827956989243,0.09311827956989246,2.9330254041570436,0.2121505376344086,0.05881720430107527,3.606946983546618,0.022565962475373305,0.031360386547798186,0.046325611650013435,0.07658082046194409,0.029156328013702135,0.03913160736832617,0.05776879136781429,0.09066064196425833,-3.4754934178998176,-3.444222803408697,-3.3910104746546677,-3.2834310625959793,-2.744102016961403,-2.7159067626824385,-2.663228524486951,-2.5702592894105862,0.749413942701235,1.4124124124124113,0.5764488282925874,0.20120120120120072,0.5165562913907285,0.8270253782770833,0.8642291960213244,0.931092092440977,0.16193190549033312,-0.17276147435152558
22,5.0,1.0,5,1.4670332243216584,0.6920108256420181,2,0.5727565618943808,113.94988712747492,1.3921193380949881,10.072497039108683,7.235368953995098,0.6343665665953142,0.7660604927896411,4.62335605793487,0.9699672351093142,0.10838709677419356,0.09,1.2043010752688175,0.289247311827957,0.06,4.82078853046595,0.21580645161290324,0.035483870967741936,6.081818181818182,0.019119360789446708,0.021210915044203,0.02923769116362154,0.056689116867727325,0.022716951365816425,0.024390399459563984,0.03131807379533266,0.062340783046275564,-2.4855870432879597,-2.4802869691014204,-2.4599468278811214,-2.3903839215270684,-2.1415507594285166,-2.137883680539716,-2.1227028521649958,-2.0547218238961267,0.710591270808538,1.4784784784784788,0.1466108684046983,0.15715715715715728,0.5562913907284768,0.8728593905460799,0.9008855952775648,0.9667653973679065,0.1510664879229199,-0.22561149968196073
22,5.0,2.0,5,0.5683488552887755,-1.4660600677543347,2,0.1737986526035591,103.25544967953712,0.9664620098729618,8.57716207133961,8.874805200534523,0.3329056439244674,0.5497878210075531,33.59657871190308,0.838295463262233,0.127741935483871,0.17,0.7514231499051235,0.30473118279569894,0.09,3.385902031063322,0.21903225806451615,0.04849462365591398,4.516629711751663,0.06750211337516689,0.08318696378605835,0.09748231993224814,0.11708035797236414,0.06627491316584676,0.08001898155160765,0.09804765840988826,0.11493613280268558,-2.594141821992235,-2.5505077001285836,-2.5107390510291947,-2.456218723596738,-2.4082121997609707,-2.372764257290922,-2.3262656891707625,-2.282707868307255,0.6636237510093115,1.8308308308308305,1.1144152514667882,0.3333333333333329,0.5728476821192053,0.8811605298668452,0.900777744375953,0.9694938881573485,0.16990346941322812,-0.2530287739314261
22,5.0,3.0,5,0.7916519653095792,-1.1289274187485743,2,0.5067347401263373,115.17125503776306,0.668292225345358,11.501170046413675,17.20979178004074,0.5524762104915357,0.7508776245448786,11.414237632861536,0.9480841940924972,0.10193548387096774,0.06999999999999999,1.4562211981566822,0.2627956989247312,0.03967741935483871,6.623306233062331,0.24537634408602155,0.035483870967741936,6.915151515151516,0.016082576262759357,0.019174781682462852,0.023856813775495516,0.04948990199986142,0.016576954946301417,0.020141649634551163,0.024858761615600113,0.051570246282959226,-3.529657476689104,-3.5185646494702727,-3.5017685554235793,-3.4098136623410813,-3.1532445002562497,-3.1418146746309996,-3.1266897418910684,-3.0410421230512736,0.7120338581300514,1.39039039039039,0.2434368873543108,0.06906906906906941,0.5496688741721855,0.8954393255466642,0.9119653560021098,0.9661115430125022,0.13535008721336075,-0.19438105406753065
22,5.0,4.0,5,1.4081738797908168,0.5250087905327727,2,0.641954955924128,108.31098119505327,0.2763605442579501,10.335200538019734,37.39752563366295,0.6830044514114185,0.7547258280523452,11.5092325240227,0.9795924493810462,0.10193548387096774,0.07333333333333333,1.3900293255131964,0.289247311827957,0.056666666666666664,5.104364326375712,0.1849462365591398,0.05806451612903226,3.1851851851851856,0.027164475162262898,0.028887394431161603,0.038252532898004135,0.07509641308822541,0.03321462585981148,0.03265662433305529,0.04397570274974904,0.08545782828841031,-2.676090946111386,-2.6713515132487244,-2.6455897461048106,-2.5442390329787568,-2.2660338565687588,-2.267341748046504,-2.2408111285279824,-2.1435817915651216,0.7145950066994822,1.3463463463463456,0.29817722900196736,0.09109109109109068,0.5629139072847682,0.8003936698461103,0.8784697351757209,0.9353554520141748,0.16014547988080666,-0.18570075593401628
22,5.0,5.0,5,1.5548666156277782,0.8118238300583465,2,0.6978790002704072,126.9441875979824,1.2304164636702022,9.790385972466193,7.956969255159759,0.7791359711470051,0.7967575469882819,7.866328033048903,0.991165846453289,0.10193548387096774,0.09666666666666665,1.0545050055617353,0.25311827956989247,0.05333333333333333,4.745967741935484,0.2725806451612903,0.05827956989247311,4.677121771217712,0.010161072375944323,0.012869152855321293,0.01610877639093273,0.029042626792056294,0.01360615897955018,0.01859753889736518,0.023116461653328882,0.04264783517038219,-2.2188955662767675,-2.2128249343778648,-2.205562756563916,-2.1765692885268217,-1.4937819580369738,-1.486223077438909,-1.4793796798000531,-1.4498016226770762,0.6978129047613781,1.2362362362362358,0.11969557023590428,-0.283283283283283,0.5331125827814569,0.9129174421410555,0.9235650604856939,0.9747216673026959,0.13126134914388993,-0.1653559028710031
22,5.0,6.0,5,1.6597836813134594,1.196221223376031,2,0.6447535879560466,109.64627308280231,2.7707912605907525,8.766578835674622,3.1639261175544218,0.8209699583851854,0.824368760519872,6.3154769233119845,0.9940443145142001,0.10516129032258063,0.11666666666666665,0.9013824884792626,0.25311827956989247,0.07333333333333333,3.4516129032258065,0.3046236559139785,0.02258064516129032,13.49047619047619,0.01139761886948891,0.01359796741971155,0.016518297786924107,0.02834043568981762,0.019378643313376787,0.02219089381567921,0.02593412591349778,0.04420412873556468,-2.129330629169466,-2.124591343029491,-2.1183013026483537,-2.09283783946095,-1.3186863449573525,-1.3149045832093562,-1.309870887971392,-1.285302380382289,0.6614309030038031,1.2582582582582587,0.04804870439655134,-0.19519519519519515,0.47019867549668876,0.9311723165478262,0.9409864426870352,0.9757710926498714,0.1316826347560081,-0.16804214718855204
22,5.0,7.0,5,0.47974051437330095,-1.4262781492795245,2,0.44186028760828333,96.01760136928098,0.3641351405546942,8.548098395637881,23.475071322741318,0.5630062297625986,0.6232581731729461,18.634105480122596,0.8649324946034804,0.10838709677419356,0.12311827956989248,0.880349344978166,0.3158064516129032,0.08645161290322581,3.6529850746268653,0.1893548387096774,0.08193548387096775,2.3110236220472435,0.08181930821195346,0.0832798955958117,0.0994938037753142,0.14481372237512516,0.08868437849921633,0.08569875892848076,0.09523967753511312,0.1453963128422385,-2.820237916901564,-2.815751649701931,-2.7659498198029104,-2.626747423184028,-2.4862974992508207,-2.4944430179902115,-2.4684129999453543,-2.331573123625036,0.8041215361548415,1.7647647647647646,2.266498079273693,0.5975975975975976,0.6390728476821192,0.9035604976569782,0.8956496008551597,0.9646352475966281,0.19090363852704798,-0.21111764499711363
22,5.0,8.0,5,0.9463547145478881,-0.864928722006705,2,0.633720230815702,125.55127994219757,0.3570587341163017,9.067777071574994,25.395757630791984,0.727368591813272,0.7597294888147257,5.209518916031167,0.9729737116017206,0.10193548387096774,0.11311827956989247,0.9011406844106463,0.24989247311827958,0.06,4.164874551971327,0.2424731182795699,0.054946236559139786,4.412915851272016,0.011200911307622758,0.014651619880021683,0.019929026236497286,0.03429341802335585,0.01509218800886273,0.017417907875083963,0.022560332864832004,0.04137490793597433,-3.253679029459762,-3.2423243485673687,-3.2249588527974344,-3.1776923040492426,-2.6845429416538087,-2.678203774906308,-2.66418717300597,-2.612904673169422,0.7123041027947684,1.28028028028028,0.29817722900196736,0.025025025025024978,0.5529801324503312,0.9011386469196703,0.9050527798429632,0.969355859941974,0.15247547374538184,-0.17893767885399897
22,5.0,9.0,5,1.3466730692281654,0.3903609326157298,2,0.5399487727295866,112.49192277075022,2.4693976583348007,7.5176887171260205,3.044341073116371,0.6738915458260315,0.7271845052019968,3.3077555675522503,0.9760983623793834,0.10193548387096774,0.09989247311827956,1.0204520990312165,0.2826881720430108,0.07333333333333333,3.8548387096774195,0.2378494623655914,0.04516129032258064,5.2666666666666675,0.018611052912539183,0.024055901526040032,0.02825705819224983,0.05095365371811231,0.018795674773532237,0.027443185954769113,0.03233340252424909,0.057322217730682905,-2.7237807017083533,-2.708668881240851,-2.6970088462605952,-2.6340159329296537,-2.3557036712772903,-2.3349424767805687,-2.323201903660484,-2.2632080346882093,0.6516977947742961,1.39039039039039,0.29080577980854916,0.20120120120120072,0.46688741721854304,0.9275165107800581,0.9311412465099398,0.980511745233619,0.12746480994394846,-0.22553974694912007
22,5.0,10.0,5,1.481230793043525,0.7413414509575338,2,0.6446795786272701,127.01781422370358,3.8232022709610085,9.356566329721465,2.4473113548788454,0.7571647285611451,0.7914592811456809,10.175273510212609,0.9697873206631272,0.10838709677419356,0.12978494623655915,0.8351284175642089,0.26602150537634406,0.07989247311827957,3.329744279946164,0.238494623655914,0.06903225806451614,3.454828660436137,0.3745851914006361,0.19370637562955886,0.1282308169381041,0.10805879431726384,0.05879019454617848,0.0721084133584099,0.07835715404822813,0.11355748687617723,-1.5384213250712284,-1.983354549564337,-2.144414048599022,-2.1940340277600834,-1.5773548769986427,-1.5550351377920595,-1.544562996995107,-1.485571456175609,0.7250775954796863,1.4564564564564557,0.36522673643081754,0.09109109109109068,0.5264900662251656,0.8662355463867212,0.8931617477844717,0.9569824241018139,0.15699018888875943,-0.17527340612081682
22,5.0,11.0,5,1.0140020206173064,-0.7634778910064828,2,0.6457579098930925,128.8010814006476,1.6565297066278313,10.068361881014384,6.077984500205779,0.7618650025901265,0.792796699508831,116.63999134031471,0.97585701174434,0.10516129032258063,0.10989247311827957,0.9569471624266144,0.2563440860215054,0.06333333333333332,4.0475382003395595,0.2595698924731183,0.05182795698924732,5.008298755186722,0.015296060366571497,0.022726731292077917,0.030018618669006188,0.052612165747974365,0.01979454207453715,0.025723553170923695,0.035425555291448696,0.06036968010405203,-2.817320355319391,-2.7960605841236927,-2.775197884271629,-2.710555855817737,-2.3174354680571807,-2.3034178960326885,-2.2804800888173973,-2.2215063307210943,0.6880993503658415,1.4564564564564557,0.2834343306151309,-0.019019019019019347,0.5298013245033113,0.8595557038683003,0.887706203001372,0.9497671126869685,0.16337690560075147,-0.16807921176491952
22,5.0,12.0,5,0.8485992656286554,-0.9795816332352336,2,0.6462264069562491,120.65465202126319,0.9151861236736529,10.478960143772364,11.450086351515822,0.6800798617109007,0.6881323177436816,10.709537146544776,0.8712850631563743,0.13182795698924732,0.1032258064516129,1.2770833333333333,0.10526881720430108,0.08591397849462365,1.2252816020025032,0.14043010752688173,0.07258064516129033,1.9348148148148148,0.250206611629474,0.26045750071817486,0.2895931740772403,0.39108073567506996,0.291407579096899,0.27580458957602716,0.2956483289653271,0.36624518060145705,-1.989833345820921,-1.962629103626498,-1.885307623733473,-1.615975648571241,-1.6793085824921459,-1.7162864465533227,-1.6692583371886789,-1.50194932378097,0.7528320811756255,1.874874874874875,1.3650078065460138,0.5755755755755753,0.5860927152317881,0.8866798003095496,0.8721379327030203,0.9577696180784793,0.18203504290692288,-0.20517825724282734
22,5.0,13.0,5,0.6496723877183981,-1.2100515356692858,2,0.2583321004274798,83.87728218489109,5.242375908089225,10.340208211487568,1.9724278443161916,0.4159081946265877,0.5459609148745272,6.438127992870839,0.797261091053513,0.13440860215053765,0.08645161290322581,1.554726368159204,0.20838709677419356,0.06311827956989248,3.3015332197614993,0.2861290322580645,0.11172043010752689,2.56111645813282,0.10846676899728562,0.12188915357073724,0.1701795882875004,0.2575568438390643,0.11340172935815962,0.1192076780072465,0.17024561743131267,0.26066595940037823,-2.812796614066011,-2.7704488511694625,-2.6180920275092645,-2.342415877686565,-2.5648190056617652,-2.5480231151957327,-2.4003766766910726,-2.1388018245172615,0.7558925153317788,1.808808808808809,1.6719497597319883,0.7077077077077075,0.6026490066225165,0.8909136436059467,0.8867978654814725,0.9643060548385936,0.1896011933136365,-0.2957846825483398
22,5.0,14.0,5,1.1614805622075126,-0.33021202093514024,2,0.41395741610736325,107.12283734028631,1.5880298159831738,10.410376987205439,6.555529929241419,0.5314838451059591,0.762006688198331,3.840843670444978,0.9757748354150809,0.10193548387096774,0.07989247311827956,1.2759084791386273,0.2724731182795699,0.07623655913978494,3.5740479548660087,0.35634408602150536,0.04258064516129032,8.368686868686869,0.04541011894589117,0.04348342425470148,0.05145130684728361,0.0999471958227283,0.0579195230026107,0.05461435254497008,0.06386650448841383,0.11783377693722777,-2.9115936949382144,-2.917470304596746,-2.8931674734238944,-2.74525020824672,-2.2782737594730595,-2.2862667954270877,-2.2638919182206427,-2.133380540803778,0.765832137181026,1.39039039039039,0.5764488282925874,0.22322322322322294,0.5264900662251656,0.8788515605953328,0.894950377568043,0.947815688048965,0.16727804368125876,-0.19849505527190764
22,5.0,15.0,5,2.077799921108952,3.0556509031290053,2,0.276167321253323,103.23855423432283,0.5791588295203383,9.660528698231502,16.680275264442386,0.38430997162572755,0.8100506089273907,6.588121693394835,0.9921743551102487,0.10193548387096774,0.11000000000000001,0.9266862170087975,0.24989247311827958,0.04311827956989247,5.795511221945138,0.35301075268817206,0.035591397849462365,9.91842900302115,0.010448698370386028,0.015628053171754412,0.0195014899152761,0.03560081437102552,0.015308420803490283,0.019518616296617632,0.024273533661064314,0.04292148519714344,-1.9212684596622835,-1.9112124564971298,-1.9036919653072644,-1.8724342384488764,-1.4578370375903789,-1.4516038382261827,-1.44456417749279,-1.4169558633781618,0.6496177917456314,1.3463463463463456,0.3218452307846081,-0.06306306306306284,0.5860927152317881,0.9126915583331685,0.9325236541725815,0.9822825825781063,0.138540090849334,-0.23508252299673255
22,5.0,16.0,5,1.9507397514442275,2.3725063076570825,2,0.5000619784344348,105.55726775068945,2.362717863106828,9.636951811268633,4.078756910313716,0.6439113162920838,0.7922610928612884,34.95765511943503,0.9893466348511596,0.10193548387096774,0.06999999999999999,1.4562211981566822,0.2789247311827957,0.07999999999999999,3.486559139784947,0.29774193548387096,0.06526881720430108,4.561779242174628,0.011749358032144731,0.014467588765326118,0.019018917311650955,0.038080015708168574,0.01745746090662613,0.02243474916047643,0.02839624216786229,0.056944184127934984,-2.0793072177922105,-2.0735879836798254,-2.0640118600781525,-2.0239067715593073,-1.3287318925349711,-1.3220009049409551,-1.3139389375747919,-1.2753324045858105,0.6768292451938083,1.3683683683683687,0.2314005380130654,-0.10710710710710722,0.5562913907284768,0.8781606633121793,0.9136148857049936,0.9699190848286153,0.13286638215019939,-0.20467044470811965
22,5.0,17.0,5,1.0109290132598268,-0.779165105229318,2,0.16931279901037488,89.44582858640062,0.0893009223779031,11.941673272347805,133.72396336303342,0.39248459814944037,0.5530686738222168,1.9242615782079593,0.8661083787482708,0.12129032258064518,0.16333333333333333,0.7425938117182358,0.2918279569892473,0.12,2.431899641577061,0.2696774193548387,0.06559139784946236,4.111475409836066,0.06302370959807947,0.06915157115155283,0.07268155410760355,0.0812822724058187,0.0932837995500775,0.1010750891737368,0.10274263786185611,0.11831371492132081,-1.967992833244912,-1.9551220832121874,-1.947707828198323,-1.9296431747540133,-1.2253602987266954,-1.2148309434819384,-1.2125773739994463,-1.1915342078713742,0.6733550142543508,1.8308308308308305,0.01387655663816113,0.1351351351351351,0.6059602649006622,0.8742326183153202,0.9005608845995622,0.9716459740977337,0.16388178343746185,-0.24912809258065927
22,5.0,18.0,5,0.8576438213324291,-0.9725234049853722,2,0.6621516896001938,121.209478731409,0.9960981901212991,6.925774419356703,6.952903326240682,0.6997421773128774,0.724405659193748,8.758906796239861,0.9584300111166955,0.10193548387096774,0.08666666666666667,1.1761786600496278,0.2665591397849462,0.039999999999999994,6.663978494623657,0.22268817204301072,0.06774193548387097,3.2873015873015867,0.013465877077694411,0.01949813597524423,0.02565733755500796,0.05193082315458054,0.016034185233616282,0.022688465691232194,0.02956363391144913,0.06046768706104087,-3.144172189727612,-3.124946842903591,-3.1053169184356415,-3.0215809778027083,-2.618625438522407,-2.6009164207700857,-2.582619555040197,-2.500374685841989,0.6807913101591518,1.4124124124124113,1.2975171686575868,0.24524524524524513,0.5331125827814569,0.8286560058802097,0.877193831507525,0.9338342667812348,0.1551828700100681,-0.1845046743538405
22,5.0,19.0,5,0.760211250393735,-1.1701409217084617,2,0.579251608764753,100.08319647662864,1.25783385628741,11.99487553258468,9.536136646844954,0.6589536133797058,0.7278632646434317,11.56242508376814,0.9613877097997463,0.10516129032258063,0.07989247311827956,1.31628532974428,0.3191397849462365,0.04,7.978494623655913,0.20182795698924733,0.056129032258064517,3.595785440613027,0.050515708023124606,0.06633665337685492,0.07470056709354309,0.11707113019654554,0.052974691986403435,0.06866298534096348,0.07788897267665704,0.1232271903711722,-3.2242539276796482,-3.1705292419450766,-3.1421271063018863,-2.9982453636998914,-2.9590550864243985,-2.9100357794900344,-2.8812084561630225,-2.7395456277854247,0.7625605741336325,1.3463463463463456,0.7060717714137765,0.2672672672672673,0.5165562913907285,0.8795654543009883,0.8987388303251611,0.9346365910074733,0.15965789522779877,-0.18810430665788902
23,1.0,0.0,5,0.42805149026945094,-0.23983384832812504,1,-0.0012004241471925692,24.854154212767302,0.06634512722692278,0.6863930499479683,10.345794463552267,-0.018262295902312875,-0.012198780274994547,87.54035622090224,-0.061170779546134035,0.10193548387096774,0.10193548387096774,1.0,0.25311827956989247,0.28537634408602147,0.8869630746043708,0.45774193548387093,0.49688172043010753,0.9212291711750703,0.9679690859713622,0.8081471922313183,0.8603730361406745,1.0226345058535868,0.9912585156297349,0.7455989184636354,0.84668598875646,1.0617212813765213,-0.09406109565037202,-0.5633896455838938,-0.4100246777597687,0.06646786345808442,-0.021780686188570098,-0.6338774844492816,-0.3820042713300831,0.15378759531862762,0.8116424308706965,2.095095095095095,8.05203967082547,1.1481481481481488,0.6688741721854304,0.8422030881013551,0.8291364743601513,0.9344703414541184,0.22542703085654286,-0.6120987329861314
23,1.0,1.0,5,0.44289407109420437,-0.4361106349046677,1,-0.0058744417947644845,29.04392772014522,0.04277224659477453,0.46546890580300054,10.882498415686838,0.007280280245468007,-0.015051347646751312,5.429067118451269,0.02314960745628647,0.10193548387096774,0.11161290322580646,0.9132947976878611,0.2563440860215054,0.2661290322580645,0.9632323232323233,0.5352688172043011,0.4935483870967741,1.0845315904139434,0.8866222532259029,0.9132686056829744,0.9848151973995635,0.9383536014229971,0.8587997478968339,0.8574406071243263,0.9439746475958866,0.919654980533421,-0.4591909191996044,-0.35127059597728083,-0.06149992976886365,-0.2496739195595521,-0.5399972288599995,-0.5451950400526346,-0.21425978065550355,-0.3072663626192105,0.8271017634781,1.8528528528528534,3.9591102664684588,0.971971971971972,0.6622516556291391,0.7962622922816838,0.8237019066564997,0.8622221513246475,0.2206509791716108,-0.6051522717912559
23,1.0,2.0,5,0.2406344695162488,-0.7656316149161206,2,0.014259394053203978,25.495000956470484,0.10737163244949209,0.8098779820590105,7.5427556011126065,-0.013521889226505657,0.012592013930785684,14.951669306277939,0.037405487441672824,0.10193548387096774,0.11849462365591398,0.8602540834845734,0.2595698924731183,0.2995698924731182,0.8664752333094043,0.493010752688172,0.47333333333333333,1.0415720127214902,0.6942148395473001,1.2029576704030358,0.9420266602269924,0.8951876795539845,0.7255032555326404,1.0615938211325397,0.7923923207971395,0.847956761226001,-1.3536259336315761,0.898437208922358,-0.25663186552218775,-0.4639750173284676,-1.0835723005763112,0.24314080152527318,-0.8195285922522193,-0.6001886920192812,0.8334127926804711,1.808808808808809,2.776153294436798,0.9499499499499499,0.6291390728476821,0.7869386319500176,0.819332880254322,0.8392019632164252,0.23732410943044255,-0.6336970554029306
23,1.0,3.0,5,0.3002574596165835,-0.6046661171822838,1,-0.0032582411699699776,28.722596809192698,0.030116816216144805,0.5682632234567897,18.868635362331535,-0.016128320340787816,-0.014730286889759414,5.59702554387887,-0.02489792247926248,0.10193548387096774,0.1117204301075269,0.9124157844080845,0.24989247311827958,0.2887096774193548,0.8655493482309126,0.4897849462365591,0.4902150537634409,0.9991226146084666,1.1357284520116322,0.9719409741227817,0.9287876328929529,0.9653181427945142,1.2355864530632716,1.0820008514812578,1.0118783698924132,1.0326219638440912,0.6256452588382961,-0.12933910501092427,-0.32825600816074996,-0.15986728800575545,1.0221552597085797,0.3557827733823,0.051537506101988484,0.1415391738009042,0.8345292943695526,1.808808808808809,5.366976945540476,0.8838838838838833,0.6821192052980133,0.7175310521383694,0.7874920829479073,0.787780155381668,0.2583694993799292,-0.6128652490773724
23,1.0,4.0,5,0.33334159658607243,-0.6209290137985781,1,-0.011647335278405224,27.16219145019483,0.18205133564586698,0.37074809246563933,2.036503006969596,-0.012317731968659595,-0.011451773373255758,4.672813402052792,-0.026974765241016385,0.10193548387096774,0.11526881720430109,0.8843283582089551,0.25311827956989247,0.27978494623655914,0.9046887009992314,0.5591397849462365,0.5133333333333333,1.0892333472978635,0.9495825284954201,0.9153724373349778,0.8979186551788788,0.9485906354676138,1.1059427728899014,0.9845882077941778,0.9520641533240028,0.9635502866602138,-0.20340260480401584,-0.3414186822660663,-0.41183365247951453,-0.2074042657267463,0.4027572128380119,-0.058590220968694595,-0.18223525282200015,-0.13856900808829176,0.8273020990918055,1.6986986986986992,4.495647209171311,0.9499499499499499,0.6655629139072847,0.7891838782971659,0.8046482834576298,0.7759569487963195,0.24635921518540307,-0.5673730264366589
23,1.0,5.0,5,0.35657274576936826,-0.7469998378732585,1,0.004667429520488597,30.336482977151856,0.04283100311318477,0.8572076123347776,20.01371786856193,-0.003623183657003093,0.012714411950528914,6.571484956393447,-0.005892635686598258,0.10193548387096774,0.1086021505376344,0.9386138613861386,0.24989247311827958,0.27956989247311825,0.893846153846154,0.4936559139784946,0.4670967741935484,1.0568600368324126,0.7426500036671666,0.7125751940639998,0.8260705033119724,0.8992741446193627,0.6651138171559605,0.5892674811392985,0.8433987238083491,0.9126957973495063,-1.0048232857768191,-1.1222504061777947,-0.6791078719486068,-0.39328419043517115,-1.276615939092026,-1.5657489234937554,-0.596978004797287,-0.3328113919386335,0.8289922803486037,2.0070070070070063,3.7633583622865325,0.971971971971972,0.6125827814569537,0.8493310098783724,0.8395184172409181,0.8434931389323165,0.22608138090205004,-0.599519743609785
23,1.0,6.0,5,0.31095551739920635,-0.8084082749478911,1,0.008845477902397314,28.468669083019286,0.07232222843555093,0.9474393907755199,13.100251627614307,0.013716606953279475,0.011399954745699326,7.370471276177708,-0.026535650226733987,0.10193548387096774,0.127741935483871,0.7979797979797977,0.25311827956989247,0.2756989247311828,0.9180967238689548,0.5370967741935484,0.5396774193548387,0.9952181709503886,0.7577748383347241,0.7241847448988482,0.8212787361230042,1.0094990237539878,0.7536402369273517,0.745509038104828,0.8086251043820305,1.0151015758336073,-1.3053427963502884,-1.4863586173071721,-0.9631225457858745,0.051189901760754,-1.275649388886137,-1.3177526880592465,-0.9909380720228294,0.07819586990623151,0.8431191821860728,1.6986986986986992,3.9591102664684588,0.9059059059059056,0.6456953642384106,0.8025816009972354,0.806706687924804,0.7913976205668172,0.2461579464183993,-0.6242430590076744
23,1.0,7.0,5,0.2791220394154746,-0.5232049601916726,1,-0.007283934987688756,26.86903964801339,0.11597283675097401,0.6349526701069698,5.475011976040476,0.01915462172660476,0.006704627783594819,12.790294164075727,0.025964557424610013,0.10193548387096774,0.11483870967741935,0.8876404494382022,0.24666666666666667,0.27602150537634407,0.8936501753019089,0.5132258064516129,0.5091397849462366,1.0080253431890178,0.9735693652198789,1.1116139457692056,1.0274017540456508,0.9688286289673764,1.404860388457459,1.1951164919844994,1.0016025097920018,0.932270036147252,-0.08650001450169675,0.3652809706594433,0.08967821401336273,-0.10201510742328646,1.2031823975529967,0.5798560079500286,0.004762411015286627,-0.2012829672100409,0.8544308721831538,1.9629629629629635,4.381689931514194,0.9939939939939944,0.6920529801324503,0.7452575498812205,0.8132884324994158,0.898910032759936,0.22013019205522139,-0.5902974649597326
23,1.0,8.0,5,0.32788336281817043,-0.8404681101160012,1,-0.0009120561689512918,26.667333188124157,0.1316776185071855,0.6039809863275334,4.586815839888346,-0.01801537691073185,-0.009108844801813953,18.781094400087312,-0.035217600531886495,0.10193548387096774,0.10526881720430108,0.9683350357507661,0.24989247311827958,0.26602150537634406,0.9393694421988684,0.5124731182795699,0.4990322580645161,1.0269338504632621,0.7723095263384758,0.767414790378879,0.8666842410567805,0.960406210058038,0.7309704672393575,0.7723011382610154,0.8291294799160501,0.9495107741056583,-1.2359205700591698,-1.2624895554022588,-0.7236477053313699,-0.21491799217132534,-1.379964020373929,-1.1679618719014653,-0.8764657450013873,-0.258980173796429,0.8618686284209268,1.6106106106106102,3.0724688427090037,0.8838838838838833,0.6490066225165563,0.7226776102740885,0.806427229942795,0.7882014755433864,0.23551725490075842,-0.5819369853691118
23,1.0,9.0,5,0.5107745138523788,-0.4567414115218922,1,-0.0009202534170971166,25.98543150837048,0.06175587114487921,0.5169736837241331,8.371247529021385,0.00881419494692992,-0.0073923692537860575,2.8749447794492777,0.033970524437178407,0.10193548387096774,0.12129032258064518,0.8404255319148934,0.24989247311827958,0.28225806451612906,0.8853333333333333,0.48634408602150536,0.47000000000000003,1.0347746511095859,1.0135350665298293,0.9667386428106385,1.0097639329068304,0.9868566633806101,1.0511500385404122,1.013447709331617,1.0638785785853162,0.984089686648719,0.1016053338619125,-0.24968708461664413,0.07329610538798903,-0.09866468719082544,0.37222059413074593,0.09785944448814732,0.46484661892225976,-0.11577989885073592,0.8726137720157089,1.5665665665665658,2.920555512182745,0.7297297297297298,0.7152317880794702,0.6151816831819307,0.7836821675902398,0.5736396082839064,0.25152349081849157,-0.6127035195754246
23,1.0,10.0,5,0.2354445036473735,-0.925098975392217,1,-0.005182739949999293,29.967480230433477,0.18387735461921173,0.7024996013296985,3.820479160060205,-0.020101595143166007,-0.012065441341064576,16.947354248256293,-0.021662988303100317,0.10193548387096774,0.10516129032258063,0.9693251533742332,0.24989247311827958,0.3265591397849462,0.7652288442541983,0.5092473118279569,0.46763440860215055,1.0889859737870773,0.7736221807611743,0.8806694584504396,0.899715372520843,0.862437111299996,0.8657663657230406,0.9325209359405079,0.9321850611809244,0.8597228053685314,-0.7388906536359183,-0.3894914357809154,-0.3273261231902538,-0.4490012894786215,-0.36863410831143373,-0.18531186124289167,-0.18623424476599526,-0.3852310103793175,0.8537180185535911,1.984984984984985,8.05203967082547,1.1701701701701699,0.652317880794702,0.8159448120713207,0.8169354057511324,0.8800606798122105,0.23887290553414925,-0.6398882464920569
23,1.0,11.0,5,0.41368006774093763,-0.4482822671711255,1,0.02528418919627673,30.360326966500434,0.1182445157163111,1.3839240472869754,11.703917419791772,0.03449232719740236,0.06457363843043118,1168.400392733551,0.05647752770097225,0.10193548387096774,0.3318279569892473,0.30719377835385614,0.2595698924731183,0.3229032258064516,0.803862803862804,0.48397849462365594,0.46430107526881725,1.0423807318202871,1.1456323942226245,0.6948465566656307,0.7012477737202053,0.8795529778870386,1.0397336499368297,0.5892081535817669,0.7142129582713426,0.849730611948016,0.40380316138742334,-0.8461161802937203,-0.828367164374824,-0.3339702582556239,0.0796890796190004,-0.8238765934693442,-0.5731692497065028,-0.301377528815276,0.7946148650266338,2.1611611611611603,6.573820143409585,1.1921921921921912,0.6887417218543046,0.7688843233120667,0.8053950861840887,0.8850589801376334,0.23741806531170817,-0.6152554562545309
23,1.0,12.0,5,0.5269091731652329,-0.4253196083834232,1,-0.008131804217903493,26.965054761508068,0.05634072741468678,0.5988520666587631,10.629114925176768,-0.011325076902175546,-0.009938266267204732,10.702336706008717,-0.02827569043928757,0.10193548387096774,0.10193548387096774,1.0,0.24989247311827958,0.2963440860215053,0.8432510885341077,0.5855913978494623,0.5061290322580645,1.1570002124495433,0.9105761056747391,0.8396421042943606,0.8698209569427179,0.8775536471409906,1.0581495520418907,0.8793173421975001,0.875369005458535,0.8726463076231502,-0.4757206912526666,-0.8530781349718097,-0.6925315075696377,-0.6513948432125156,0.30244827786956385,-0.6276963577431074,-0.6482325029964509,-0.6623938377368814,0.8481341386649726,1.874874874874875,3.5772850993678698,0.861861861861862,0.6490066225165563,0.7523242161299846,0.8122612332825747,0.7980647021609133,0.2363825087147696,-0.6397252992587303
23,1.0,13.0,5,0.3465195107756059,-0.6641874479808161,1,0.017970275744565112,29.177540933861497,0.10912188921602649,0.8842926190508378,8.10371434552623,0.02961496837579647,0.04077012327711471,20.57434807036978,0.012006145498089649,0.10193548387096774,0.10193548387096774,1.0,0.24989247311827958,0.27645161290322584,0.9039284325165304,0.4596774193548387,0.49978494623655917,0.9197504302925988,0.871147438741767,0.9131219407099648,0.9791100120284598,0.9116519742134824,0.9266682003421985,0.9678264375666826,1.0003735072300306,0.9164451063523399,-0.5564756929874894,-0.3752003668125887,-0.09021761321194077,-0.3815487126802277,-0.29726722491967683,-0.13042289518275485,0.0015140969985294461,-0.3387088749901723,0.8585004417291134,1.6106106106106102,4.27336709002969,0.8838838838838833,0.6854304635761589,0.8095397304504705,0.8088677143422891,0.7727966203535649,0.24634505945392887,-0.5701568145483689
23,1.0,14.0,5,0.30337720221328324,-0.5988818633137818,1,-0.01030089631379183,27.04613577508301,0.015375144912458444,0.28659303357444127,18.64002161971271,-0.014168535457995679,-0.021962472392565102,2.295207474165826,0.04264858103122793,0.10193548387096774,0.10838709677419356,0.9404761904761904,0.24989247311827958,0.26924731182795697,0.928115015974441,0.5458064516129033,0.5818279569892473,0.9380890778044726,0.9223667238498137,1.0287727725011233,0.9626989169693368,0.9971151855678789,0.9174211196552035,0.9867583525322678,0.9219299620935698,0.990713494319966,-0.39826892109457823,0.14760810865115914,-0.19135946376321833,-0.014799477600510258,-0.41640701065660934,-0.06677148945571076,-0.3936710085039703,-0.046827542993106874,0.846237858063821,1.8308308308308305,3.5772850993678698,0.8398398398398399,0.6754966887417219,0.7305928018012697,0.7911497519961184,0.7864680587847646,0.2457476953106296,-0.5821220183110727
23,1.0,15.0,5,0.21660611446627043,-0.6655570875484083,2,-0.002146539766588962,29.863993945864337,0.01747267430561664,0.6447436048810191,36.90011005778116,-0.014603386686617092,-0.0036887956122195753,2.043652839851239,-0.022521696605726005,0.10193548387096774,0.10526881720430108,0.9683350357507661,0.24989247311827958,0.2798924731182796,0.8928159815597387,0.5654838709677419,0.5029032258064516,1.1244387427838356,1.025643202138125,0.960365418098059,0.8997312473709342,0.9383889210093772,1.0950103036549985,1.0140696137376097,0.9211373477036423,0.9616911984644835,0.14989196560283435,-0.23167564468463286,-0.5860999862326075,-0.3601346541306478,0.534344175389184,0.07912842988026725,-0.4435287257192577,-0.21545121085997643,0.8515241342251514,1.6766766766766759,4.609604486828429,0.9059059059059056,0.6721854304635762,0.7351700802915189,0.7986065037065605,0.7119141605799317,0.25182323065347473,-0.6228509401014254
23,1.0,16.0,5,0.37655958032850556,-0.4754619749236815,1,-0.01108379615543642,27.53976197964157,0.11087763806608555,0.3517865275437744,3.1727455028767992,-0.013032047059394758,-0.025918975735872207,6.152827490174341,-0.060964326388931456,0.10193548387096774,0.10193548387096774,1.0,0.25311827956989247,0.34870967741935477,0.7258711069996918,0.5224731182795699,0.536989247311828,0.972967561073288,1.2237285797460038,1.1461873640253875,0.9104893108467768,0.9043895971723503,1.2691553678352163,1.1298018998541135,0.8592640324117329,0.8955518374873354,0.8223069321603895,0.5373067802459759,-0.3289935522619074,-0.35141284641006143,0.916119984828943,0.441804729667961,-0.47902084780558685,-0.35550860391941086,0.8404036426633699,1.874874874874875,4.381689931514194,0.9499499499499499,0.6655629139072847,0.8091167113081723,0.8102012439033369,0.8416438678809185,0.23832996119704872,-0.5926294709100031
23,1.0,17.0,5,0.26139513571547784,-0.7840041444623624,1,0.007616225088326822,29.306217812620158,0.10164129695330802,0.6804695546510963,6.694813772040811,-0.002582722373233537,0.005215786209987527,11.428441593468959,-0.018664808308532788,0.10193548387096774,0.10516129032258063,0.9693251533742332,0.24989247311827958,0.39623655913978495,0.6306648575305293,0.49053763440860215,0.4541935483870968,1.0800189393939392,0.6311276500724182,0.8505758386535828,0.8412303621122394,0.833733240435292,0.6540130119164383,0.9205279660358733,0.8031518415412098,0.8363590152808436,-1.4184263156397119,-0.5745813224758174,-0.61051752062414,-0.639346232454189,-1.212041060239193,-0.2784017076445129,-0.6895867732080774,-0.5732573751290602,0.8391701997631366,2.0070070070070063,5.646141419303673,1.06006006006006,0.695364238410596,0.798838120868505,0.8059593975802326,0.8602328930711984,0.24537822255993358,-0.6026140873984807
23,1.0,18.0,5,0.43248408559502727,-0.32278951421924074,1,-0.004118751553086497,28.119843990249993,0.12008712000573014,0.6237257147858838,5.193943486663031,-0.028123627813887664,0.008032023921710318,23.389819977892255,-0.059668170570231105,0.10193548387096774,0.11526881720430109,0.8843283582089551,0.2789247311827957,0.465268817204301,0.5994915645944073,0.4670967741935484,0.43516129032258066,1.073387694588584,0.6697025990954951,0.7846262678406358,0.8452459628756241,0.847232053373031,0.7259632873072852,0.8030407706064961,0.8216657208337781,0.8958289864746096,-0.9117928373710877,-0.5945436621754205,-0.42720173461207755,-0.4217190905314787,-0.6579403522070868,-0.4728834450109187,-0.42816642081380607,-0.25010631843886744,0.7925689665595523,1.9409409409409404,6.573820143409585,1.1261261261261257,0.7052980132450332,0.9400734375568384,0.854492947751852,0.9587838496236791,0.2138920189608619,-0.5615993342657479
23,1.0,19.0,5,0.24256476297014543,-0.7142341228633122,2,-0.007002991215617982,29.3716918199945,0.009363928507013045,0.6030201139443049,64.39819713410643,-0.02209581588955256,-0.0164784635404156,10.602964072572279,-0.01687491674747177,0.10193548387096774,0.12129032258064516,0.8404255319148936,0.24989247311827958,0.24989247311827958,1.0,0.4808602150537634,0.4579569892473119,1.050011739845034,1.1577934625199582,0.8097572117082538,0.9202954919026322,1.06373197753961,1.2256047127930527,0.7002946917291512,0.7595313972154654,1.0528877896292206,0.677721080904063,-0.8170905565810593,-0.34232993254611266,0.27372810011590154,0.851318556798919,-1.1309368822279815,-0.9074073912000591,0.19957188031233075,0.8295265440384264,2.095095095095095,5.366976945540476,1.06006006006006,0.6887417218543046,0.7596297003766975,0.7959992826408672,0.816467383200556,0.2572529641530432,-0.6504766516047542
23,2.0,0.0,5,0.28176364466601983,-0.5672619403847814,1,-0.0014615739320840149,22.785403956786094,0.06033885595497462,0.6600239822398603,10.938622746383789,-0.008979763905396565,0.012008286024484005,7.869608412132531,-0.006308117885181375,0.10516129032258063,0.12129032258064518,0.8670212765957445,0.2595698924731183,0.2789247311827957,0.930609097918273,0.5035483870967742,0.4934408602150538,1.0204837655262584,0.7389976995007059,0.8989327607798575,0.9582368169994909,0.9192254226186846,0.5141874172235419,0.7656022797121652,0.9847381820567017,0.8372562270219519,-0.8876943723747157,-0.34373957361886287,-0.14204067340053017,-0.274722244344868,-1.3734698208535574,-0.6626798199674284,-0.043147598682364396,-0.46010265818916407,0.8200893628634469,1.918918918918919,5.366976945540476,1.0160160160160154,0.652317880794702,0.8051640375387047,0.8212876464535644,0.9089689905460254,0.23098566771825274,-0.6030108760096082
23,2.0,1.0,5,0.4508289994408923,-0.5737612994041084,1,0.003057400124146681,18.84662780236046,0.24015825764959817,0.9272583495585128,3.861030466466096,-0.014165489345281168,-0.006883253017179625,5.431194157916498,-0.011399279469567647,0.10193548387096774,0.11161290322580646,0.9132947976878611,0.2563440860215054,0.27623655913978495,0.9279875437913585,0.4968817204301076,0.5204301075268818,0.9547520661157025,1.329801857825454,1.1058990482837754,1.08457419176217,0.9817176691518749,1.1264718525912887,1.1053442847873776,1.0964160025992093,1.00256711411329,1.292903248130599,0.41514994610034917,0.3315513380012578,-0.07167116975262511,0.4537721151825913,0.3779678873278254,0.3459338385615376,0.009210624951206725,0.8802130343073487,1.8528528528528534,4.381689931514194,0.9939939939939944,0.6986754966887417,0.7979748830900683,0.8255971625833569,0.8717668330898262,0.22287112538415285,-0.5758307281087667
23,2.0,2.0,5,0.36569724618925126,-0.6089988438742076,2,0.01785972645877898,18.849456518317435,0.2565137120050321,1.4628972724255709,5.702998334829262,0.0364828094739269,0.02879120238738342,12.077694228311158,0.04930397350538285,0.11161290322580646,0.13462365591397854,0.8290734824281147,0.2756989247311828,0.28537634408602147,0.9660889223813113,0.4539784946236559,0.5130107526881721,0.8849297841123454,0.5639583881889891,1.0610068295677832,0.9623325594308977,1.0193258283458073,0.4755668476188723,1.1816266649307672,1.0160060413664296,1.0553276326827454,-1.7262309504297173,0.24151795272498555,-0.14912040496272283,0.07650839307438373,-1.8714977469958798,0.6481548557122423,0.05711933011783765,0.19744278072855836,0.8295838846579247,1.8308308308308305,3.5772850993678698,1.0160160160160154,0.6490066225165563,0.799070750895088,0.811933980262017,0.8559882210810003,0.24161339409927057,-0.5904204793794776
23,2.0,3.0,5,0.354031278472976,-0.4888431936936648,1,0.012790921744363581,23.680171789074873,0.023762850302651864,0.6484627685443872,27.288930422291163,0.00635298681288099,0.030114362848418064,1317.1452252859071,0.030433199906403252,0.10193548387096774,0.11193548387096774,0.9106628242074927,0.2563440860215054,0.28,0.9155145929339477,0.519247311827957,0.4704301075268817,1.1037714285714286,0.9555067146950784,0.9559264266805042,0.9063420303877207,0.8676063218499439,1.0335799559191543,0.9675780983834336,0.9275668573737701,0.8744909797953822,-0.19206505888693037,-0.19025327972421202,-0.40429523973189285,-0.571506451274236,0.13825427014849367,-0.13348636774915557,-0.29821930953277365,-0.5167415355522897,0.8590014012331403,1.6766766766766759,3.5772850993678698,0.8178178178178177,0.652317880794702,0.807681817442091,0.8174826877309199,0.7887605819179435,0.23178619666645514,-0.6287164186965675
23,2.0,4.0,5,0.27912713537891515,-0.47986988631199745,1,-0.00928865887171293,19.471464731563145,0.034210418623072364,0.7348971063332983,21.481675346634468,-0.016040183415642284,-0.009793071738622539,2.858553843625194,0.013171935497288678,0.10516129032258063,0.10193548387096774,1.0316455696202531,0.26924731182795697,0.28215053763440856,0.9542682926829269,0.5387096774193548,0.46688172043010756,1.1538461538461537,1.0349305227185497,0.9924148910653465,0.9384380113681952,1.0089620610908192,0.9387991440447331,1.0084108612668614,0.9181630050302291,1.0476640386275167,0.13157817636551883,-0.02857199731012061,-0.23189501808703517,0.03375877493468371,-0.21732976310017227,0.029867727469881977,-0.29061055522834867,0.16925930302162984,0.8073909180229792,1.8528528528528534,6.411304107708236,1.06006006006006,0.6390728476821192,0.7998963792873848,0.8069526818476812,0.8790111465846648,0.23910937871724305,-0.6080983440459238
23,2.0,5.0,5,0.39596549503263373,-0.5590309593311047,1,0.02040795674889584,25.902033921691356,0.005738063766767207,0.966872986348455,168.5016105865247,0.05636591366915,0.013025265526123042,15.074512904383184,0.0361811577578276,0.10193548387096774,0.10516129032258063,0.9693251533742332,0.24989247311827958,0.3553763440860215,0.703177004538578,0.4178494623655914,0.45774193548387093,0.9128494244773315,1.009628083393028,0.9610247246612761,0.8826062176632427,0.8889281693363592,1.0351603153002213,1.006184297234391,0.9370402252119255,0.9245322469074303,0.04264995444170783,-0.1726505317510343,-0.520024522432788,-0.49201988850571343,0.14708879331585312,0.025871236078119253,-0.2633843645013463,-0.3157099315481666,0.8491731312717407,1.8308308308308305,5.939826693920351,0.9939939939939944,0.6788079470198676,0.7443900313225048,0.7764206950540867,0.7753531337280077,0.270276493239018,-0.5825038440456478
23,2.0,6.0,5,0.3018200315088835,-0.6524391245551047,1,-0.006045585471531112,20.86215762373129,0.11079944821064482,0.36226460053525816,3.2695523884428006,0.003880287676905514,0.004675757847895534,15.293417799538041,0.02283551413356566,0.10193548387096774,0.11505376344086023,0.8859813084112148,0.2563440860215054,0.46516129032258063,0.5510864539990754,0.5379569892473118,0.47709677419354846,1.127563669145819,0.9214268236225553,0.823864433029235,0.8252092594484605,0.8696794918464771,0.9771888027969449,0.7185347438856645,0.8406281876179259,0.7914916621157263,-0.3355327827427441,-0.752155629317754,-0.7464127871475319,-0.5565105646123825,-0.09422718654954831,-1.1626605547713127,-0.6583239521533772,-0.8612942966591142,0.7919060661348795,1.918918918918919,3.7633583622865325,0.9499499499499499,0.652317880794702,0.7753559331051787,0.8035321531379809,0.8805537843552991,0.24410235678549444,-0.6232544414063748
23,2.0,7.0,5,0.4623010994892491,-0.39559059750310377,1,-0.00039443861412991055,19.06860958865234,0.06264546269887303,1.3336116219167775,21.28823963400575,0.008776322947029347,0.017082126786038265,3.590467784735965,-0.014434125711837442,0.10193548387096774,0.11483870967741935,0.8876404494382022,0.2595698924731183,0.2661290322580645,0.9753535353535354,0.5226881720430108,0.45494623655913974,1.1489009690380527,0.6468260287389016,0.8128684627430794,0.9099945301846603,0.918809974110117,0.5898838677637618,0.8725096419419874,0.9502078884268598,0.9537292627722757,-1.0151414146216997,-0.5378793141889955,-0.25870615443652545,-0.23336758776624666,-1.0261688094131793,-0.3189989826215638,-0.12458693485811301,-0.11577595612428437,0.8109292567996678,1.984984984984985,4.8493740673352335,1.1701701701701699,0.6456953642384106,0.8806887333071393,0.8315330191738549,0.9122107727229547,0.22789184336415882,-0.5782227340070658
23,2.0,8.0,5,0.24005959382959774,-0.7516752625891554,1,-0.01051164902713575,19.958121739374064,0.08497491745822462,0.47383061562930273,5.576123282052582,-0.034100208323433634,-0.013094798475748792,4.014111374788042,-0.10898225690073415,0.10193548387096774,0.10516129032258063,0.9693251533742332,0.2563440860215054,0.2696774193548387,0.9505582137161085,0.4763440860215054,0.44709677419354843,1.0654160654160654,0.9296078133502395,0.8060047219995325,0.8901067715608765,0.9235844855464868,0.9812306586117361,0.8259827349718399,0.8942949762124578,0.9250764628355586,-0.3605270286974376,-0.9935838690000374,-0.5628391588437847,-0.3913766524882476,-0.09368374597648454,-0.8685754558556003,-0.5276073567047161,-0.37396717754636466,0.8514260672821543,1.5005005005005003,4.165044248545185,0.8398398398398399,0.6125827814569537,0.7172226386426847,0.8076431555858965,0.6764077324724344,0.23722956120172486,-0.5977064121454196
23,2.0,9.0,5,0.500777287850577,-0.314744895186271,1,-0.007432394377876239,18.34558328136287,0.04247007898084649,0.393966705635437,9.276335601191404,-0.013536145294003488,-0.006839175097446137,8.830963981210076,0.02896603375576623,0.10516129032258063,0.10516129032258063,1.0,0.2627956989247312,0.2724731182795699,0.9644830307813734,0.5138709677419355,0.5168817204301075,0.9941751612232163,1.4272844230336816,1.1578742335856744,1.0244329087502395,1.0567823277268438,1.3615257981907374,1.1494631258624752,1.0655025028328864,1.0766194685960155,1.7089068602643351,0.6314116459430732,0.09771843561029048,0.2270986353895985,1.3347672895351375,0.5518236662260314,0.24183778474888262,0.2828820541586081,0.8276101636099366,2.0510510510510502,5.646141419303673,0.9939939939939944,0.6556291390728477,0.7877687623262108,0.810256689081603,0.8632695825732788,0.24676382817496553,-0.5786685357537911
23,2.0,10.0,5,0.4511328258819934,-0.5144471169748717,1,0.0004483657338729685,20.519890990144408,0.10027869552592401,0.9538397699226722,9.511888491569835,-0.0024316162109370154,0.003349088336857653,10.529743238135731,0.0350680370692148,0.10193548387096774,0.10516129032258063,0.9693251533742332,0.24989247311827958,0.2663440860215054,0.9382317319337908,0.49978494623655917,0.46741935483870967,1.069243156199678,1.1765277635586524,1.01423476383307,0.8911130297272406,0.9187047824882002,1.3472078568736117,1.0389631933117582,0.7972128337918566,0.8893258984652294,0.5210989167953719,0.04202013249766301,-0.32142752572408995,-0.23997839734692894,0.916462830091564,0.10284421191798376,-0.535261217654456,-0.2921267428211407,0.8327139145264384,2.1611611611611603,4.8493740673352335,1.1041041041041042,0.6887417218543046,0.8540514954780295,0.8150332594782712,0.9296924508171145,0.2532335133705652,-0.6199885386560879
23,2.0,11.0,5,0.17941010547549457,-0.7335946296809399,1,-0.009599921553467672,21.89122570849452,0.12846280025235474,0.6598951161560084,5.136857633958609,-0.02715389698263282,-0.01730381742421394,21.850008704737057,0.008010315102237153,0.10193548387096774,0.11161290322580646,0.9132947976878611,0.24989247311827958,0.2796774193548387,0.8935024990388313,0.4966666666666667,0.4474193548387097,1.1100696947849076,1.1242018618785927,1.0663952405952384,0.9190928890498079,0.9008942645279397,1.1392151936339876,0.991216071904775,0.9019618578491514,0.8729768578328508,0.47105482944367383,0.2518142502970995,-0.30685276994218746,-0.37587387671623684,0.4944120301893786,-0.031195443609521867,-0.3481749055654966,-0.45111289910645214,0.8465124518706371,1.8308308308308305,4.381689931514194,1.0160160160160154,0.6589403973509934,0.7658107095611772,0.820588330002553,0.8144792699719818,0.22552897961070656,-0.6073434338813767
23,2.0,12.0,5,0.4487860683993042,-0.6327938485238698,1,0.046554647715447706,26.04259066547977,0.016378573232639828,1.4268416305448601,87.11635685710384,0.03258214139994331,0.05966043017092204,4.2910208583216285,0.05859531843785171,0.10193548387096774,0.10516129032258063,0.9693251533742332,0.2627956989247312,0.37548387096774194,0.6998854524627721,0.4640860215053763,0.4902150537634409,0.9466988374643561,0.8378436858551674,0.9377573651121047,1.0179250769472759,0.8922424659018767,1.0053040924586896,0.9396644295875762,0.9962027277680787,0.9367849894489538,-0.5936359865982479,-0.22786326986409078,0.0656216860537513,-0.3944881850891049,0.015936001500577834,-0.18127657994637758,-0.011408801120512901,-0.18992777951110895,0.8056788522848881,2.2052052052052047,4.381689931514194,0.9939939939939944,0.6920529801324503,0.7882431311030281,0.8139402670410613,0.9009734172528228,0.23801672307230365,-0.5806064441732077
23,2.0,13.0,5,0.41028346810463656,-0.6355763980563633,1,-0.003705902917066739,18.37519042867645,0.06650283202692249,0.4936453564783474,7.4229223242478435,-0.006481491075637447,0.0002084666503180399,12.912366900146576,-0.0691017047703526,0.10193548387096774,0.11161290322580646,0.9132947976878611,0.24989247311827958,0.27634408602150534,0.9042801556420235,0.5219354838709677,0.49978494623655917,1.0443201376936315,0.9285755511302792,0.9437590884358874,0.868796012089228,0.8634789701953918,0.9800218270368288,0.9617264485575042,0.8960711093083099,0.8868016036147095,-0.265012080404079,-0.20867533755301837,-0.4868170821586242,-0.5065453454659314,-0.07028392832373997,-0.13464772535698177,-0.365625561336671,-0.3982360145030599,0.8250906651964064,1.874874874874875,4.8493740673352335,1.0380380380380387,0.652317880794702,0.8322131634616646,0.8184634516884071,0.8304341508192625,0.23365359435553595,-0.5976642290243414
23,2.0,14.0,5,0.41065803640192267,-0.7225867483930299,1,-0.010125717955897784,20.610250245022005,0.055377602199706104,0.4612284038833176,8.328789719352734,-0.02933339429677595,-0.009940315243465836,3.960237580040063,-0.024814154974135416,0.10193548387096774,0.13096774193548388,0.7783251231527092,0.26602150537634406,0.2950537634408602,0.901603498542274,0.5325806451612903,0.545483870967742,0.9763453577764636,0.9683917883590417,0.9649241222245837,0.96009420570654,0.9670260062446943,1.0234936050877126,1.0341792103842369,0.9876206216856356,0.9845240689210251,-0.18201617862693986,-0.2019847660850873,-0.2297978849570912,-0.18988104754500323,0.13037630614337026,0.18967541082592465,-0.06869859312576487,-0.08588272087970861,0.8775855355926877,2.1391391391391394,3.9591102664684588,0.9059059059059056,0.6986754966887417,0.7478716931267514,0.7984258465973761,0.7854933439491476,0.2611547365725285,-0.6035105840344318
23,2.0,15.0,5,0.40768478341867925,-0.5705091044256889,1,0.038185693253716124,22.128262068383833,0.26761167436953326,1.0676954123861666,3.989719114091535,0.04667925889389146,0.04057582223916345,43.22663445979675,0.07533981966241476,0.10193548387096774,0.17193548387096774,0.5928705440900562,0.2665591397849462,0.41956989247311827,0.6353152229625832,0.5260215053763441,0.48075268817204303,1.0941623797808095,0.7538922116049058,0.7649359380881612,0.8236374628841843,0.894381358711822,0.7490379391169516,0.7385689655963041,0.8339737198955289,0.8988996624243861,-1.1116400267233435,-1.0617568089551082,-0.7966089035658088,-0.4770670200635303,-1.0540117904128037,-1.0979802750732164,-0.6972912803343632,-0.42460978940187477,0.7954552452737059,1.874874874874875,2.5084150592775414,0.9279279279279278,0.6622516556291391,0.8390203106637896,0.827379534944513,0.8136037259417486,0.23684325798916891,-0.5663625873280734
23,2.0,16.0,5,0.41940512557086074,-0.7007428941147964,1,-0.006486095036786654,21.01198292101553,0.08167521733282271,0.5457328876417411,6.681743929959867,-0.002289184563225355,-0.004549494467436244,11.4747023503822,-0.005809026146828655,0.10193548387096774,0.127741935483871,0.7979797979797977,0.2532258064516129,0.2665591397849462,0.9499798305768455,0.5004301075268817,0.45731182795698927,1.0942863860804137,0.9912131337643477,0.9198190830149053,0.9428673244871274,0.9002846077648451,0.9736321054830838,0.9269656473633523,0.9736321054830838,0.9185591537767073,-0.043626455142735665,-0.39809518938169575,-0.28366155106966495,-0.4950831126501516,-0.12512815087202345,-0.34658260217539016,-0.12512815087202345,-0.38647539669258535,0.8598382906370816,1.5445445445445445,5.101615314749834,0.8838838838838833,0.6721854304635762,0.7733982176433372,0.8149641143112052,0.7680943156580773,0.22979482638633203,-0.6040926031013123
23,2.0,17.0,5,0.311374228826902,-0.6016982511860363,2,-0.009401120518993,19.791785891978837,0.02442785386637704,0.5141091552443243,21.04602221941216,-0.01820153593479379,-0.0007816492184555823,20.59833367714174,-0.04298921489491736,0.10193548387096774,0.1252688172043011,0.8137339055793988,0.24989247311827958,0.2563440860215054,0.9748322147651007,0.5392473118279569,0.5063440860215054,1.0649819494584836,0.8777398969825072,0.8887201316220034,0.7211214286764883,0.8976827014179836,0.9187276178923511,0.9831272927803437,0.8241190348204167,0.8406589758361621,-0.3873566211713908,-0.35256794944079584,-0.883570833320205,-0.32417184419060696,-0.20795195710271486,-0.04317226094469806,-0.45002730297438376,-0.4077064921972129,0.8005990901596758,2.1171171171171164,5.101615314749834,1.0160160160160154,0.7019867549668874,0.8011634715619671,0.8195163100959062,0.9113660618264164,0.23155519195839736,-0.6225194071060403
23,2.0,18.0,5,0.2799948117079593,-0.8428387007603764,2,-0.004864858180159581,19.212366134938286,0.28732824534897256,0.8550708099054994,2.975937185942089,-0.017394625181426093,0.006260128461413106,14.406543254148142,-0.02199315855627182,0.10193548387096774,0.10193548387096774,1.0,0.24989247311827958,0.2661290322580645,0.938989898989899,0.4929032258064516,0.5519354838709677,0.8930450029222677,0.7557835666411981,0.9242414352422749,0.8564400555851991,0.9301133547868776,0.7622550824834344,0.9491863362272345,0.8720127271686525,0.8607238089399392,-0.7143751590556477,-0.2216068591465934,-0.41993758042755847,-0.20443048243456996,-0.6256807565978391,-0.133727912785504,-0.33682812039265464,-0.3665375205863324,0.8423931399164982,1.9409409409409404,4.609604486828429,1.1041041041041042,0.6688741721854304,0.7917863486524862,0.7998119820036376,0.8897642394496107,0.24680733120368742,-0.6056488496845207
23,2.0,19.0,5,0.24500984574986584,-0.675966813925394,1,-0.0009863738303450553,22.21779231038245,0.16224861320075926,0.8414202971288102,5.185993769251352,-0.018509481484138002,-0.012869948266354347,5.177591724870628,-0.08076702038807948,0.10193548387096774,0.17623655913978495,0.5784014643075045,0.24989247311827958,0.27569892473118285,0.9063962558502339,0.5464516129032259,0.5293548387096774,1.032297379646557,0.8069427435834242,1.0083698403901584,1.1927424449624626,1.0417652795706205,0.8860082248507176,1.0829851926087652,1.2257005195336312,1.0683094714021826,-0.9722820038736391,0.04215249578128333,0.9706965389337094,0.21033982595113176,-0.5202795466128443,0.3787597686721327,1.0301389185268803,0.31177706254637894,0.8697309168858742,1.742742742742743,4.165044248545185,0.861861861861862,0.6655629139072847,0.7263510969679592,0.7900124938677939,0.7814608222678855,0.24692489162024314,-0.5812267315108477
23,3.0,0.0,5,0.33886770756571666,-0.6665729530074449,1,0.05821059798762007,-104.91827325596552,0.04853113531700388,0.9795538452903139,20.184029054583174,0.07732456647818386,0.05680535274387011,3.734537059918921,0.06395865090064068,0.10193548387096774,0.23182795698924732,0.4397031539888682,0.26924731182795697,0.4827956989247312,0.5576837416481069,0.4676344086021505,0.4316129032258065,1.0834578973592426,0.8899628994785338,0.6925548334960239,0.6487875775962128,0.7031817540433808,0.8108431267366383,0.6901048653038269,0.6762050838856623,0.7448902318023133,-0.5122361597811533,-1.4311948487097017,-1.634936777386791,-1.3817252339553976,-0.7730810231711023,-1.266536307528762,-1.3233444850759146,-1.0426294176718693,0.8210935311219626,1.9629629629629635,5.101615314749834,0.9279279279279278,0.6622516556291391,0.7568941012421575,0.8159892486595701,0.8647448448712991,0.22687242116245887,-0.5899099543139155
23,3.0,1.0,5,0.2705468787657337,-0.7858141570768367,2,-0.013155724976522398,-109.93364767475775,0.01845355576263256,0.5877532756608628,31.8504077599522,-0.008619180016785188,-0.016200958130665688,31.619669275575944,-0.015175761192374626,0.12129032258064518,0.1503225806451613,0.8068669527896997,0.26602150537634406,0.2789247311827957,0.9537393986121818,0.5031182795698925,0.4349462365591398,1.1567367119901113,1.2220507098589608,1.0646722548594991,1.1340721033901817,1.0444875128632543,1.4139896296806234,1.2456696152955333,1.3858413344534344,1.0969555255504362,0.5261741480572564,0.15324818653024197,0.31769893833882046,0.10541816864659914,0.8427196827724721,0.5000864887084324,0.7854208503289093,0.19736322815123453,0.8073803940456256,2.359359359359359,5.646141419303673,1.2142142142142145,0.6423841059602649,0.8588766149565259,0.8428527732651473,0.9469016621962763,0.22296224748987944,-0.5850877554134537
23,3.0,2.0,5,0.4740249645184376,-0.4808249158059361,1,0.0004624768329216655,-109.87803652791854,0.06591386535406425,0.3500025915294471,5.309999491751335,-0.015577044728614764,0.003845404470947722,18.791470401010717,-0.0230382754687799,0.10193548387096774,0.11172043010752689,0.9124157844080846,0.24989247311827958,0.29268817204301073,0.8537839823659076,0.5031182795698925,0.4964516129032258,1.0134286333116744,0.639079601140384,0.5928228749563845,0.714781914507929,0.8814615311526076,0.6677182104241947,0.627613882343142,0.6930274431993707,0.802660700626734,-2.044906467700058,-2.3069882975084175,-1.6159915304610513,-0.6716164627524384,-1.736046054215839,-1.945575925265861,-1.6038149327009759,-1.0310228329275315,0.810630973744025,1.6986986986986992,1.9972842200036731,0.7957957957957954,0.6556291390728477,0.7625265581476806,0.7979065272726199,0.8135795463143456,0.2427105424933805,-0.5945538826626654
23,3.0,3.0,5,0.373911632033732,-0.6655674920943744,2,-0.0027770345353232972,-109.52357432449651,0.11932626005995592,0.4990085001247649,4.181883349683768,-0.001760977404445141,0.013975228776507587,19.865798563766266,0.0681139369326208,0.10193548387096774,0.11161290322580646,0.9132947976878611,0.24666666666666667,0.2563440860215054,0.962248322147651,0.5492473118279569,0.47397849462365593,1.158802177858439,0.9883045935631725,0.8926681404317475,0.8422578455076613,0.8979913566206582,1.018979090266125,0.928995341880562,0.8585473422517619,0.9068028789618133,-0.07047437822841651,-0.6467621375990547,-0.9505253467081651,-0.6146854113120899,0.10727001357809929,-0.4013190586998281,-0.7994918778796469,-0.5267510875929418,0.8670117672401064,1.4784784784784788,2.266498079273693,0.8398398398398399,0.6655629139072847,0.7134300739412138,0.7959881637933557,0.7130991413233986,0.25049864725722293,-0.6086239501687448
23,3.0,4.0,5,0.37053667235539406,-0.6351074341540976,1,-0.0007113924519066561,-109.08440120114224,0.009495060649183382,0.7960844004570462,83.84195002751383,-0.01792490089592591,-0.01314069268824114,5.272912945154376,0.0018335968016164328,0.10193548387096774,0.10193548387096774,1.0,0.2564516129032258,0.28236559139784945,0.9082254379284084,0.49333333333333335,0.5384946236559139,0.9161341853035144,1.065396678697289,0.815086014038197,0.7864389907792095,0.9527892331561391,1.105023844899679,0.8278094321954362,0.8021120297813242,0.9700629499771974,0.23501822812321782,-0.6645315664592921,-0.7674813305978638,-0.16966290938629136,0.34251220514056246,-0.561561720954733,-0.6453681553473172,-0.09763311397052821,0.8022231925695376,1.786786786786786,4.381689931514194,0.9939939939939944,0.6622516556291391,0.7757009306917038,0.808305092147172,0.8782331447573679,0.23503670903001267,-0.5612170758378635
23,3.0,5.0,5,0.3456010096718384,-0.6023661387786459,2,-0.00623243043130195,-112.95913681766626,0.03334520140633908,0.5073462926307757,15.214971607108865,-0.01665973609435678,-0.013297169000126452,16.975403586221823,-0.052528957390707065,0.10193548387096774,0.11161290322580646,0.9132947976878611,0.25311827956989247,0.26924731182795697,0.9400958466453675,0.5720430107526882,0.5298924731182796,1.0795454545454546,1.0919786260191107,0.9292860785762692,0.9604782866175179,1.0028936091552134,1.1463792213578141,0.9538060469692362,0.9616511161076456,1.0208317387217754,0.4700979820924269,-0.3614151809598827,-0.20199342514727103,0.014789086157335873,0.7253246061277574,-0.22889594900645527,-0.1900227972703048,0.10322348037631102,0.8255681119513173,1.6106106106106102,3.4004119327037095,0.9279279279279278,0.6490066225165563,0.6665514048901826,0.7869353294024607,0.7335406909645099,0.252444819554589,-0.6196505378515218
23,3.0,6.0,5,0.435044042241315,-0.5549657740932066,2,-0.006466664514867437,-111.84569821773442,0.08550624721415144,0.824372665722536,9.641081120749979,-0.012519341239621173,-0.009199309952340418,10.150860452381325,-0.07726371060209702,0.10193548387096774,0.22537634408602153,0.4522900763358778,0.24989247311827958,0.2627956989247312,0.9509001636661211,0.4775268817204301,0.49322580645161285,0.9681709178112057,0.6587650300246393,0.6861925582687625,0.7051609158847664,0.9383290963995895,0.8143423433477615,0.7963784694134862,0.7796781079584201,0.9252591222633644,-1.1029379042859486,-1.0142867894148635,-0.952977362077295,-0.19933237551054317,-0.5055363463949725,-0.5544510604961208,-0.5999252944475044,-0.20351560468150787,0.795455577132966,2.183183183183184,5.366976945540476,1.1261261261261257,0.6589403973509934,0.7644953895125753,0.8008428803420942,0.8826783649171218,0.24875989049779484,-0.5991567685243729
23,3.0,7.0,5,0.31258931774843196,-0.65583338277,2,0.005056949769449481,-108.9693845175858,0.03294361050980971,1.0559514744649405,32.053301326838685,-0.013832740083650652,0.00899492439143934,30.38798955677084,0.05386431121498103,0.10193548387096774,0.13516129032258065,0.7541766109785203,0.24989247311827958,0.2596774193548387,0.9623188405797103,0.48376344086021505,0.49333333333333335,0.9806015693112468,0.6270409051611396,0.7787984105659868,0.7244439974727664,0.9322845485095181,0.7350483148142756,0.8457651523470576,0.7465384829537681,0.998594144066768,-1.2797488757435675,-0.7590175150794392,-0.9455259016836162,-0.23235463115024402,-0.8509214922873873,-0.4953421852575213,-0.8140195529280043,-0.00451506103012056,0.8158048643138316,2.1611611611611603,5.101615314749834,1.06006006006006,0.6688741721854304,0.8565081006923502,0.8271309397088462,0.9293481151037094,0.23977815558295584,-0.6182139698244928
23,3.0,8.0,5,0.4323617427725283,-0.5975078596990175,1,0.013789704143363557,-105.9595885284335,0.015100206121057247,0.9294693471172083,61.55342116959998,0.007514523450641519,0.007123691811027899,82.83985842873297,0.03837972524843858,0.10193548387096774,0.10193548387096774,1.0,0.2627956989247312,0.4778494623655914,0.54995499549955,0.48,0.4703225806451613,1.0205761316872428,0.8012630319354784,0.7747240837525988,0.9701673772664058,0.936839684116441,0.6720457825378926,0.6774271829243119,0.9149458249764859,0.8884807270136127,-1.0486406533034156,-1.1886740865972412,-0.15741259061049018,-0.3332670089315366,-1.7926026708812537,-1.7631878556657998,-0.46490739621108723,-0.6095660185654772,0.8439245340098491,1.896896896896896,3.9591102664684588,0.861861861861862,0.7152317880794702,0.8012385295862224,0.8035978375812585,0.8867089596330655,0.25323313178599566,-0.5946820443178018
23,3.0,9.0,5,0.28311474633665623,-0.6665755878681892,1,-0.0026109876272160104,-110.99750562387297,0.2775233239641073,0.7938384528637393,2.8604386886285935,-0.00012725402802171715,-0.014403011174294322,6.742833507912545,0.00107063685831299,0.10193548387096774,0.11860215053763441,0.8594741613780598,0.2631182795698924,0.289247311827957,0.9096654275092935,0.5650537634408602,0.5725806451612903,0.9868544600938969,0.6571015160300652,0.9533682007285348,0.9234705626534978,0.9550741372101145,0.7539082981672927,0.900595519521024,0.9108104382256732,0.9738335233507767,-1.34170218684429,-0.18246212795882366,-0.2994463908296776,-0.17578709492440048,-0.9146679976089738,-0.3694642949597462,-0.33149771921688975,-0.0972549607442561,0.8383177121671073,1.984984984984985,4.8493740673352335,0.971971971971972,0.6622516556291391,0.8055856353695168,0.8162179691606517,0.8477955642563495,0.2355931120898584,-0.6189550715618221
23,3.0,10.0,5,0.2778429184585218,-0.7083824856780332,1,0.009500893060992888,-112.21385892489745,0.2608820291175253,1.2847840692822445,4.9247703018419084,0.017715725276138405,0.005352267255977594,45.99948920326811,0.047954128469133606,0.10193548387096774,0.12451612903225809,0.8186528497409324,0.2563440860215054,0.30193548387096775,0.849002849002849,0.4341935483870968,0.4834408602150537,0.8981316725978649,1.345987148028959,0.9767373723115941,1.0924179589224097,1.077829020761121,1.9913593102662641,0.99219440572528,0.984762421911326,0.9932741072670618,1.2571939652592614,-0.08452809681673212,0.33581391939190475,0.2828029184908605,3.04380608690817,-0.023965796376035797,-0.04678448313920347,-0.02065074996361327,0.8090550894160928,1.8308308308308305,4.8493740673352335,1.0160160160160154,0.6622516556291391,0.7204527368331344,0.7874355673885549,0.8703586601794127,0.25113344049388636,-0.5717444643255847
23,3.0,11.0,5,0.35641276787457027,-0.45114530218827653,1,-0.005245314287075864,-111.49849814530724,0.11943879701239297,0.5911359863170241,4.949279472864147,-0.003180295405982525,0.0024446202719040633,9.24066546137898,-0.0561843637647963,0.09870967741935484,0.10516129032258063,0.9386503067484664,0.2563440860215054,0.2792473118279569,0.9179822872545247,0.5468817204301075,0.5729032258064516,0.9545795795795796,0.9597792560023566,0.9296589961589523,1.0512476182335666,1.036094713225919,1.0076396967891157,0.9435625512322595,1.0461381332939754,1.0211336982517294,-0.16794714273969102,-0.293718351237803,0.21399134374655748,0.15071834460985656,0.02966854157900256,-0.21917320040294008,0.17917610656486982,0.08207210608054893,0.8564535954072542,1.588588588588589,4.8493740673352335,0.8838838838838833,0.6721854304635762,0.8034991573231656,0.819810806785249,0.7994369567562274,0.2350536843886651,-0.5997694124668755
23,3.0,12.0,5,0.26840830535219806,-0.6344166736045111,1,0.009458910999759707,-106.82448416438538,0.12842461169158476,0.8424284905925377,6.559712188312104,0.0027389405089101038,0.011413933398790488,8.119302308364468,0.010302450351045267,0.10193548387096774,0.10516129032258063,0.9693251533742332,0.24989247311827958,0.27935483870967737,0.8945342571208624,0.44430107526881724,0.5102150537634408,0.8708113804004217,0.7391111091056107,0.9711483506756393,0.8958325622707588,0.9328824828960792,0.8202622713090475,0.9942753232917341,0.9119920302113859,0.9376292462638615,-1.3992209713607515,-0.15473956232706687,-0.558679455089071,-0.35997024310048786,-0.9194679947869702,-0.029285209355257358,-0.4502143879093241,-0.3190644072827098,0.8460675754840836,1.588588588588589,3.2322839781813806,0.7737737737737733,0.6821192052980133,0.7225724444722881,0.8107612670148457,0.7729911484211691,0.23118607629341922,-0.63048574563454
23,3.0,13.0,5,0.3778262041611704,-0.7734293847326366,1,0.017094920621308796,-106.51899070709992,0.03716714651607992,1.016081341663935,27.33815847886895,0.008591437730811946,0.008463115771234597,5236.568725642755,0.08352042871264642,0.10193548387096774,0.1086021505376344,0.9386138613861386,0.2532258064516129,0.28290322580645155,0.8950969213226913,0.49591397849462365,0.4665591397849463,1.0629177229776445,1.045771462657556,1.06187238065728,0.9241964671461678,0.9479985516637005,1.1566692046661573,1.1582802609467842,0.9616707249863695,0.9490920244356083,0.14138928569923337,0.1911254567304006,-0.23415916253033187,-0.16063387990467026,0.4248483103491534,0.42921709833247235,-0.10393955698663548,-0.1380498959442269,0.8398447379836042,1.808808808808809,4.609604486828429,1.1041041041041042,0.6721854304635762,0.7835576613631119,0.8077888801594967,0.8805642028622334,0.2363953643027924,-0.6145771443335755
23,3.0,14.0,5,0.41610827397229405,-0.44594677887761547,1,-0.00463520723110733,-108.4909080956291,0.023785662553568426,0.829975278445803,34.89393144195962,-0.008282853727238804,-0.011301854921092147,29.801626686144893,-0.04698242746199344,0.10193548387096774,0.1149462365591398,0.8868101028999064,0.24989247311827958,0.2565591397849462,0.9740150880134117,0.4602150537634408,0.4967741935483871,0.9264069264069263,0.9637620342679281,0.9573783167985341,0.9229618591126045,0.9622402930102841,1.0078319376495462,1.0130742609639607,0.8980782440086542,0.9316404907510005,-0.19021998645092175,-0.22372933572048925,-0.4043878793901241,-0.19820789624561108,0.038304345600952416,0.0639434368415337,-0.4984776871882577,-0.33433185816244126,0.844645061791408,1.742742742742743,4.609604486828429,0.8838838838838833,0.6821192052980133,0.7127297550811451,0.7946105328276794,0.7629943671450803,0.2437684234517564,-0.6181549467327158
23,3.0,15.0,5,0.3683680613113304,-0.4723498380311706,1,-0.011698351677448704,-110.26460807387396,0.021065173665186895,0.20587990249537125,9.773472830922643,-0.02570662605440832,0.01124940652608497,28.676833241687326,0.03359267800923893,0.10193548387096774,0.10516129032258063,0.9693251533742332,0.25311827956989247,0.2756989247311828,0.9180967238689548,0.5005376344086022,0.5431182795698926,0.9215996832310434,1.108458761808813,0.954257790783437,0.9152134620088588,0.9508680846046922,1.1460933404942346,0.9429188601205925,0.8963997767760314,0.9183633609155561,0.7128350151432814,-0.3006363695821417,-0.5572515496664137,-0.3229148947557574,0.9137848455155568,-0.35703119943797024,-0.6479988318004635,-0.5106209727412709,0.8594091207090158,1.6766766766766759,3.5772850993678698,0.8398398398398399,0.6589403973509934,0.6246273820547518,0.7710625115840289,0.6342783547885383,0.26685044864767016,-0.624007270403347
23,3.0,16.0,5,0.3987569927084081,-0.46236347962425706,1,-0.007731181767521855,-109.64923567071463,0.00955780059295844,0.30728862811423047,32.15055860661297,-0.025331366851347514,-0.014619756268148043,4.608121995238831,0.010566615734849183,0.10193548387096774,0.1149462365591398,0.8868101028999064,0.24989247311827958,0.31623655913978493,0.7902074124447468,0.4902150537634409,0.5263440860215053,0.9313585291113383,0.9081776804856401,0.967302962677156,0.9470931077523589,0.959207066958788,0.8547325286525826,0.9853614968453972,0.9702094332535939,0.9713836080702846,-0.5707529031975511,-0.20323957265154213,-0.32886080975964394,-0.2535623700899201,-0.8883611048802731,-0.08951953741327046,-0.1821796754935896,-0.17499918816354398,0.8544839018469178,1.5225225225225214,2.6388908144575076,0.6856856856856854,0.7019867549668874,0.6081766866463351,0.7937349343207127,0.5657140653846564,0.23855417459604286,-0.6008052752110549
23,3.0,17.0,5,0.420905442810778,-0.596433112462762,1,0.007237556562068481,-110.35176828436353,0.01757791306469283,0.8425721308811938,47.933570258325624,-0.0007564519109717338,0.005379545383809248,67.53248742884621,-0.01603462774868447,0.10516129032258063,0.10193548387096774,1.0316455696202531,0.2563440860215054,0.2563440860215054,1.0,0.4994623655913978,0.4904301075268817,1.0184170138127602,1.0145229531547233,0.8814880983428699,0.8751873278508312,0.9564262719048152,1.0817647606805563,0.8930047764944243,0.8926445227000651,0.9623881090447354,0.060827597410662015,-0.4963724777992109,-0.5227624776004607,-0.1825031838922877,0.32331404443198064,-0.42308028738250414,-0.42450480217722486,-0.14872485997960005,0.8395107284492898,1.786786786786786,6.248788072006888,0.9279279279279278,0.6920529801324503,0.8193586591407015,0.7974806822124753,0.8289587535167814,0.25393745813740914,-0.6045947415116171
23,3.0,18.0,5,0.22839598766791946,-0.7490608880054266,1,0.0042943750481778675,-109.50661916536592,0.045986531676275345,1.0476647314480596,22.781990579832193,-0.011979716203210922,0.006584151603697519,27.5354936448646,0.008107440441956992,0.10193548387096774,0.12129032258064516,0.8404255319148936,0.25311827956989247,0.301505376344086,0.8395149786019973,0.49924731182795695,0.47086021505376346,1.0602877369262387,0.7224559023220117,0.9711475734459666,1.0076110947475487,0.9991942425051242,0.765591286568026,0.9251725825089081,1.0363715518989285,0.9549105880691727,-1.1948332506544443,-0.12421031071185507,0.03276592496232311,-0.0034688031736083147,-0.9597444033707769,-0.3063674302218504,0.14891679095809973,-0.18461050409906932,0.8528306067695733,1.8308308308308305,3.7633583622865325,0.9279279279279278,0.6589403973509934,0.7652884520700642,0.8004655217723511,0.8743836743680554,0.2411454057838912,-0.5864555535842154
23,3.0,19.0,5,0.3307391899028409,-0.5815610015019956,2,-0.004950102190132144,-110.89788984835165,0.09830957968999805,0.5655096508285897,5.752335149960206,0.012311381614607764,-0.010376758656180929,1.857464130864072,0.007159842268749217,0.10193548387096774,0.13193548387096773,0.7726161369193154,0.25311827956989247,0.4060215053763441,0.6234110169491525,0.5105376344086021,0.46150537634408606,1.1062441752096923,0.9862834508476812,0.883275352212188,0.8474222615993701,0.8931638107001677,0.9785326633730668,0.9667055205916224,0.8980283704084393,0.9059641584279305,-0.049624800583319306,-0.4222955282195837,-0.5520076338081812,-0.3865202924009252,-0.07292907186897457,-0.11310837128101392,-0.34641914049781164,-0.31945959424071724,0.8407197298885597,2.0510510510510502,3.7633583622865325,0.971971971971972,0.6556291390728477,0.8212574279406363,0.8226851024514725,0.8884380562763078,0.24016820337577283,-0.5791384545788164
23,4.0,0.0,5,0.24442940419763237,-0.7756988335163619,1,-0.005058330637013553,-202.17386187918515,0.052268560399474306,0.5835690589491811,11.16481981690566,-0.007815100777281758,-0.017112772096538054,41.896663975590776,-0.01846742804552015,0.10193548387096774,0.10838709677419353,0.9404761904761906,0.2532258064516129,0.31258064516129036,0.8101135190918471,0.4534408602150538,0.49591397849462365,0.9143538594969646,0.9278484951075463,0.9596907505195218,0.9594316527355714,0.9212673299383238,0.8502445902004165,0.961933281410252,0.9612618796051638,0.9309974244762739,-0.3026763874064713,-0.16909776213265637,-0.17018468029670597,-0.33028445048588617,-0.6039820202620403,-0.15352776657185263,-0.15623561278046294,-0.2782958894365102,0.8176684594118846,1.786786786786786,3.0724688427090037,0.9279279279279278,0.6754966887417219,0.8134762019596407,0.8200281755400333,0.8289275570200476,0.2328359981897064,-0.589104208803537
23,4.0,1.0,5,0.3608199306579116,-0.5189846054573106,1,-0.005537618379952702,-201.9344918590334,0.017387112038442665,0.6893481808232408,39.64707763423284,-0.01401764387481541,-0.009495679121689582,4.622356535208139,-0.03849946216408906,0.10193548387096774,0.10516129032258063,0.9693251533742332,0.24989247311827958,0.3597849462365591,0.6945606694560671,0.49333333333333335,0.47086021505376346,1.0477277917332724,0.7434824154998876,0.7618927408596511,0.8473810503638008,0.8767044243642205,0.7194129179917355,0.8153024277021664,0.8178920285181189,0.8445078533915016,-0.8176382897007279,-0.758956203755917,-0.48646605338827653,-0.39299911461025516,-0.8047146150918523,-0.529706623470545,-0.5222797326495718,-0.44594641354222464,0.8026907569249077,1.918918918918919,5.939826693920351,1.0820820820820811,0.6357615894039735,0.7957474038658252,0.8068644154974978,0.9270133622054182,0.2274954291546472,-0.6148363257001586
23,4.0,2.0,5,0.19477777133083324,-0.9536147140134039,2,0.005053401943955871,-200.63271643442607,0.04224084952382864,0.5721168169183131,13.54415982082875,0.0001755285177797994,-0.003578907930734898,50.94830750630556,-0.027788135680680393,0.10193548387096774,0.10193548387096774,1.0,0.24989247311827958,0.25946236559139785,0.9631164525486946,0.5466666666666666,0.513010752688172,1.065604695032488,0.9072626797957094,0.7899571622873081,0.9300664023729076,0.9920622934724022,0.8582470107724874,0.7776539271257036,0.966280037669776,1.0019037693633026,-0.5417170831894662,-1.2269471787615185,-0.4085110982292708,-0.0463674302629391,-0.8035879560477639,-1.26046460967064,-0.19115614954307514,0.010792337712097755,0.8852648558336529,1.5005005005005003,3.2322839781813806,0.7957957957957954,0.6721854304635762,0.705226586726671,0.7909954637283916,0.6635688017517829,0.24731591857684948,-0.5905907248971216
23,4.0,3.0,5,0.26916902754509653,-0.7966614446156095,2,0.004756731825796057,-198.9511323433665,0.13621557846952886,0.6146693423912563,4.51247463247206,6.117560122809174e-05,0.0013159920011631687,12.24601397164,-0.05327285375147883,0.10193548387096774,0.1149462365591398,0.8868101028999064,0.24989247311827958,0.2694623655913978,0.9273743016759779,0.5163440860215054,0.48365591397849456,1.0675855935971545,0.9834637381719016,0.8315664833684622,0.8081842790623215,0.9232150414894484,1.0148484287353345,0.827811694578357,0.854742521579158,0.9069478826126748,-0.06775788729782306,-0.6901619819361646,-0.785971348080698,-0.3146289420796058,0.054877902200292095,-0.6363860549417302,-0.5368531470047446,-0.3439087790723532,0.8653084766650687,1.6546546546546546,5.366976945540476,0.9939939939939944,0.6920529801324503,0.7005780035345003,0.7881013049967777,0.8064138485689338,0.24712619563262417,-0.576248893412556
23,4.0,4.0,5,0.40744790004132236,-0.5947946530614008,1,-0.005581592414776182,-204.7700595177732,0.015667501077714842,0.7945834079037312,50.71538875040715,-0.018269867596377276,-0.0009732033537952489,3.3645784731394777,-0.02789221774431838,0.10193548387096774,0.10516129032258063,0.9693251533742332,0.24989247311827958,0.2821505376344086,0.885670731707317,0.4772043010752688,0.4704301075268817,1.0144,1.0204528377410738,0.7953963765777521,0.8519059292652326,0.9447288758490696,1.162252967825618,0.8362870345029021,0.8836108625370828,0.9469112077571565,0.09527840764535433,-0.9531346058152468,-0.6898879959816453,-0.2574774593402154,0.6937082016338731,-0.6999503824250475,-0.4976186280049668,-0.2269797038984116,0.8373102846641186,1.786786786786786,5.366976945540476,0.8838838838838833,0.5761589403973509,0.7901558891891312,0.8065041077555537,0.764953137525779,0.2509530597575861,-0.5946890618529291
23,4.0,5.0,5,0.44400758216254294,-0.5109971193206571,1,-0.009187293525287021,-202.761651795077,0.18311069024113458,0.4892022444354494,2.6716203395401403,-0.009520353691053085,0.004299944208954631,27.33218642250471,0.06841634860706014,0.10193548387096774,0.11161290322580646,0.9132947976878611,0.25311827956989247,0.24666666666666667,1.02615518744551,0.5393548387096774,0.48698924731182797,1.107529255906381,0.6869457278725861,0.8831338551372538,0.9487129803933532,0.970028062385019,0.6654155516676381,0.8593707011178146,0.9330406631756413,1.0032404560392836,-1.269187687152313,-0.47379986574464406,-0.2079283357264088,-0.12151252216596076,-1.2824814327491794,-0.5390401903491382,-0.2566589889471933,0.012420854360489564,0.8146434178879202,2.0730730730730733,3.7633583622865325,0.9939939939939944,0.6920529801324503,0.7753111381748506,0.8013966151142262,0.8785309605787324,0.24056510001253675,-0.597153425535137
23,4.0,6.0,5,0.2114966428538476,-0.8283223581436059,2,0.00030982100120091616,-200.21411861074188,0.031927784596032245,0.9359090545903436,29.313310222803608,-0.004231592014845464,-0.006841950921665063,2.7006511459488385,-0.0015266491257457382,0.10193548387096774,0.12827956989247313,0.7946353730092203,0.26602150537634406,0.5686021505376344,0.46785173978819966,0.4963440860215053,0.4709677419354838,1.0538812785388127,0.6802186576302871,0.7396410588523581,0.819913096603679,0.8613438674539982,0.7236997116941649,0.7995298563939311,0.845987317914486,0.8979521292605709,-1.0306086051826742,-0.8390988767342891,-0.5803938120516436,-0.4468684830212699,-0.8361670881163583,-0.6066824514052263,-0.4660883153689963,-0.308827296011406,0.7522035273929832,2.381381381381381,5.101615314749834,1.3023023023023015,0.6821192052980133,0.840214660031956,0.8104385285843569,0.9469158920920869,0.242730786233792,-0.5859822597124917
23,4.0,7.0,5,0.5869931538862938,-0.194500223803729,1,0.0014871485800763695,-204.28121071626944,0.027854018791527258,0.6875355563995996,24.683531721057673,-0.010975929222525105,-0.007771072695495818,22.700067172472988,-0.04429287317288577,0.11161290322580646,0.11161290322580646,1.0,0.2595698924731183,0.2758064516129032,0.9411306042884993,0.4766666666666667,0.47763440860215056,0.9979738856371004,1.0299917027864411,0.9835997966684186,0.8768444488112017,0.9093398303151737,1.1284329767904266,1.0017760063093932,0.9020249573992921,0.9564390510029446,0.11017225802815522,-0.06024490993482523,-0.45240262814640886,-0.33303329519218083,0.45533283492306875,0.006296466903643161,-0.3473504625831745,-0.1544364297584897,0.8320447357811357,1.7647647647647646,3.7633583622865325,0.8398398398398399,0.6655629139072847,0.8028347968136501,0.8173249874909966,0.8647372596591956,0.23224549222786178,-0.5753402739965121
23,4.0,8.0,5,0.326728190988917,-0.6393600015971188,1,0.0012809444486477917,-202.71869031046248,0.17226400146002682,0.5454787520338377,3.1665278143467126,-0.017572331569731148,-0.0012700135113377087,73.11009671438231,-0.07352963169095128,0.10516129032258063,0.10526881720430108,0.9989785495403471,0.24989247311827958,0.3660215053763441,0.6827262044653349,0.4774193548387097,0.5010752688172043,0.9527896995708154,0.8892009929480891,0.8513365387456109,0.8538888280614755,0.9187427336965799,1.023478793764846,0.8724840700285442,0.8707609822605702,0.9396746792692242,-0.5270614302268326,-0.7071794106827989,-0.6950383880061066,-0.3865338881072997,0.10756706139492511,-0.5842086269614031,-0.5921028778152957,-0.2763778047418999,0.8326115585649504,1.7207207207207202,5.101615314749834,0.8838838838838833,0.6655629139072847,0.8256367918209068,0.8108390359812979,0.8263267719906846,0.2349884507978677,-0.5897264261781248
23,4.0,9.0,5,0.38052273398511377,-0.4836019831793563,1,-0.00916480055848079,-204.21962244557366,0.04644737821051445,0.3532798767927108,7.606024072909623,-0.027355184406136823,-0.008890030387767478,8.849262046380831,0.02814312163000443,0.10193548387096774,0.10193548387096774,1.0,0.24989247311827958,0.2565591397849462,0.9740150880134117,0.542258064516129,0.5497849462365592,0.98630940739292,0.927325582635915,0.8881394801825568,0.9665927655798825,0.958709431704372,0.9231295285049373,0.9013340389985507,0.9935000618488553,0.986554155735454,-0.332348587327818,-0.5115512045020534,-0.1527751796128225,-0.1888265849351889,-0.3357955495705083,-0.4310054297053716,-0.02839387168033891,-0.05873587837356631,0.8540383923766581,1.742742742742743,4.165044248545185,0.9059059059059056,0.6456953642384106,0.7747534998992932,0.7940345487091989,0.7925397008930797,0.2615749865735583,-0.6287883360727827
23,4.0,10.0,5,0.3587799442799066,-0.6837159843148979,1,0.00673597596116049,-201.64523351458203,0.23829920593711473,1.6554997370478444,6.947147517917947,-0.0034118743181004163,-0.006033137648295828,8.856434444402856,-0.05043756685696921,0.10193548387096774,0.39440860215053763,0.2584514721919302,0.24666666666666667,0.2886021505376344,0.8546944858420269,0.46462365591397853,0.4935483870967742,0.9413943355119827,0.4559098585471526,0.5638299426967968,0.6172541275648252,0.9682031403405169,0.6360910653773488,0.6788977637341614,0.7347531115740603,1.01485161535778,-1.1566287156118862,-0.9272118252682717,-0.813642507210935,-0.06759387488667912,-0.5489115147042098,-0.4843429169068265,-0.40009204898317585,0.022401820637618197,0.7873483539764476,2.271271271271271,5.646141419303673,1.3023023023023015,0.6854304635761589,0.8521426881960916,0.8438749198473048,0.9546918140698714,0.2183620707325847,-0.6232899647114594
23,4.0,11.0,5,0.33563378713627606,-0.5440678943915471,1,-0.004782975975513137,-201.70043117579175,0.010832717737377345,0.7687788712543009,70.96823621663256,-0.002397393707368245,0.010770084565752902,26.96584640094852,-0.0022761397306259035,0.10193548387096774,0.1486021505376344,0.6859623733719248,0.24989247311827958,0.323010752688172,0.7736351531291613,0.5001075268817206,0.5204301075268817,0.9609504132231408,0.8484126238035525,0.9128761212675539,0.9221941244638172,0.9029978144396131,0.8644628607610677,0.8997458549764316,0.9322114864092416,0.8951814216248573,-0.5265060856617425,-0.30260601845659174,-0.27024194229044474,-0.3369161885475669,-0.44418610351484045,-0.32855568805187785,-0.22215841269794678,-0.34351437669303975,0.8486489352708253,1.7647647647647646,4.381689931514194,0.9939939939939944,0.6357615894039735,0.806014193973066,0.8052203104865101,0.8013128442657216,0.24767023565123839,-0.5858112318567691
23,4.0,12.0,5,0.3646574198193974,-0.6257985071338239,1,-0.00044006973097054924,-202.33329157571526,0.04052883357287075,0.9874920769231824,24.365173874241258,-0.020758716242450514,-0.01232208210539798,5.216441327915101,-0.06503113765477342,0.10193548387096774,0.11806451612903227,0.8633879781420764,0.24989247311827958,0.26602150537634406,0.9393694421988684,0.5135483870967741,0.5067741935483872,1.0133672819859958,0.9303158401770362,0.8213154115521855,0.7838046039593278,0.9091938979126738,0.9154435539565798,0.8866165383475318,0.8411722451963164,0.9534717714730304,-0.2552462156212707,-0.6545040523846417,-0.7919024469021192,-0.33261381025463255,-0.2926157345228586,-0.39237440155827263,-0.5496387597774741,-0.1610154211007795,0.8116430236694907,2.0730730730730733,3.7633583622865325,1.0160160160160154,0.6390728476821192,0.82494043267221,0.8129844219382903,0.8879111211128735,0.232990842425364,-0.613538202426797
23,4.0,13.0,5,0.5465160573618897,-0.4613758281167466,1,-0.010063075573908398,-202.28530030096945,0.11614050321845439,0.40244163944918987,3.465127395670205,-0.02679110793782713,-0.015548253169985538,30.162529346556386,-0.015661286178530798,0.10193548387096774,0.10838709677419356,0.9404761904761904,0.24989247311827958,0.2860215053763441,0.8736842105263158,0.47709677419354835,0.4402150537634409,1.083781143136297,0.873785644224872,0.9854388740408913,0.9914622560433952,0.9670473871624197,0.8279335025954369,1.1211442299358376,0.9931942757810359,0.95609315007377,-0.6620566553792733,-0.07638029994163009,-0.04478468533694535,-0.17285273539030932,-0.8814333087825057,0.6205772828698395,-0.03486321920576074,-0.22491862502262716,0.8415696013166306,1.6326326326326315,5.646141419303673,0.9059059059059056,0.6788079470198676,0.6333057959719582,0.7844344484772064,0.7031715385848154,0.2541715546920042,-0.5787020926682831
23,4.0,14.0,5,0.3088916079767159,-0.6479770098569504,1,-0.0005551879807501603,-200.6406929910364,0.13715832300812328,0.581052776731822,4.236365420546946,-0.010657056989482827,-0.010774334547232423,2.849342305702628,-0.02540400009919397,0.10193548387096774,0.10193548387096774,1.0,0.2563440860215054,0.2693548387096774,0.9516966067864272,0.45440860215053763,0.4903225806451613,0.9267543859649122,0.8647105696126717,0.9174586729273906,0.8949105433439346,0.9139887416137503,0.9485215673655113,1.0461885398717041,0.9418905037649575,0.920951937874375,-0.5189695021626499,-0.316628071358402,-0.40312257097395454,-0.3299387085694754,-0.1644520302624981,0.14755303858402957,-0.18563550101137682,-0.2525254488064159,0.8095974080588348,1.9629629629629635,5.101615314749834,1.0380380380380387,0.6589403973509934,0.7834013726899484,0.8154769832584992,0.910042137363119,0.23111747379102685,-0.6047967757743323
23,4.0,15.0,5,0.2237026685041354,-0.8745694027642483,2,-0.014230841280039597,-204.02904849222605,0.1377669621297476,0.4236056884499783,3.074798789937972,-0.02973258467017348,-0.02468168403909443,4007.8328264352303,-0.034017803394471136,0.10193548387096774,0.11806451612903227,0.8633879781420764,0.24989247311827958,0.26924731182795697,0.928115015974441,0.61752688172043,0.5289247311827957,1.1675137223012806,0.6052352748883716,0.9451735818074238,0.9528489044200824,0.9576483337671268,0.6220812952594422,0.9481075688152238,1.0132306823038186,0.9178354706756532,-1.2765910769792193,-0.17729779738446094,-0.1524773214478481,-0.13695691577508562,-1.1290191798664928,-0.1550268599108766,0.03952620999266543,-0.24546371573636216,0.8373408589312832,2.2052052052052047,5.646141419303673,1.1481481481481488,0.6788079470198676,0.8070713938051675,0.8251256233777386,0.8986161883638843,0.231191887995226,-0.5984635411766903
23,4.0,16.0,5,0.361133817678523,-0.6170994869792228,1,-0.005746961466274847,-203.47013655529452,0.15322235344403934,0.3377290054038188,2.2041758125531334,-0.015450541903695214,-0.01813154651809956,6.817068248890179,-0.03639575708926435,0.10193548387096774,0.11161290322580646,0.9132947976878611,0.2563440860215054,0.2693548387096774,0.9516966067864272,0.5665591397849463,0.5688172043010752,0.9960302457466922,0.7164161539422109,0.9006091892891607,0.8524402018957058,0.9958605770479383,0.7887403684897196,0.9142428531852023,0.8464565422183878,1.0048243270973343,-1.0200659987467793,-0.357513969866055,-0.5307803491650813,-0.014889721916564014,-0.686805528224447,-0.27879667353434945,-0.4991701200708407,0.015683898039228428,0.822149343537281,1.7207207207207202,6.915758828738525,1.0160160160160154,0.6490066225165563,0.8060088698262702,0.8088731810159875,0.8246437603564652,0.2357049485145589,-0.6081814763171967
23,4.0,17.0,5,0.12177905231839913,-0.887728378303664,2,0.011753998653826647,-200.37773472801393,0.03764896193914889,0.9456772150237306,25.118281257055795,0.021496480907508664,0.022419220960245845,56.25005492337535,-0.00948035809916803,0.10193548387096774,0.10526881720430108,0.9683350357507661,0.25311827956989247,0.2894623655913978,0.8744427934621101,0.43032258064516127,0.49021505376344077,0.8778240842289977,0.8968525431369964,0.9074149651224284,0.946822329250224,0.9880760213249542,0.878073773228335,0.8999798924461841,0.9407660873437322,0.98468569524332,-0.7265672962117531,-0.6521659428793525,-0.3745817650823895,-0.08399211390661065,-0.8227954096761234,-0.6749662279364248,-0.399728530285822,-0.10334560487773459,0.8358353396032907,1.588588588588589,3.7633583622865325,0.7957957957957954,0.6688741721854304,0.7142704677142243,0.7980275034884968,0.6709086788414924,0.24527935515375895,-0.6275203216164922
23,4.0,18.0,5,0.30241634148615754,-0.8736558513420984,2,-0.008621973510405612,-201.83562514274354,0.04195892156588632,0.45670437831325406,10.884559499369175,-0.01951668180225874,-0.003042264984309817,11.231004442946066,-0.05086835998210093,0.10516129032258063,0.11483870967741935,0.9157303370786516,0.24989247311827958,0.29559139784946237,0.8453983266642416,0.5030107526881721,0.48075268817204303,1.0462983672556476,0.7864031559799938,0.9083536427216056,0.8458057937403368,0.9506802594307674,0.7941193323695895,0.8817402746607195,0.8281907263745812,0.9665552736837433,-0.7949179092729355,-0.3410693217611316,-0.5738461943307116,-0.18354739855381874,-0.7313572039920957,-0.42009822031601995,-0.6103241815990641,-0.11880688851683807,0.8427391727581888,1.874874874874875,4.609604486828429,0.9939939939939944,0.6622516556291391,0.7588045078658144,0.8129336260912524,0.8269895807512386,0.22833679367245147,-0.5895946012711765
23,4.0,19.0,5,0.29558539169881615,-0.6616041384762905,1,0.002658746651264865,-203.19313255360936,0.2660237280393543,0.4454781035647184,1.6745803347993695,-0.017162687347568983,0.01709759016828527,11.279635998093658,-0.024536235185272703,0.10193548387096774,0.1149462365591398,0.8868101028999064,0.26322580645161286,0.2631182795698924,1.0004086636697997,0.5055913978494624,0.493010752688172,1.025517993456925,0.8417164233798721,0.8334008814915509,0.8224294088098565,0.9101555942166407,0.7435419830886791,0.745828335356242,0.783402554465045,0.9224233528159664,-0.7936329980529138,-0.8353270801565884,-0.8903379849096815,-0.45047936521711573,-1.2740838159612697,-1.2627252144374363,-1.07605643706612,-0.38540090056101306,0.8392044229521174,1.9409409409409404,3.2322839781813806,0.8398398398398399,0.6622516556291391,0.7865257381425209,0.8209364835233052,0.8511451349857653,0.23864993688548583,-0.6505921717050079
23,5.0,0.0,5,0.40375658630554806,-0.39244958851354284,1,-0.010525971234629505,-24.232535844259502,0.10275935338664562,0.3685268584573425,3.5863096283869327,0.00919243760917865,0.03556572124225821,14.42403697324663,0.02375006701565363,0.10193548387096774,0.10193548387096774,1.0,0.24989247311827958,0.2595698924731183,0.9627174813587407,0.5,0.44752688172043004,1.117251321480058,0.9595451666640494,0.9640056229480162,0.8638964880097868,0.9311106168468215,1.0242985538462916,0.9948970735480387,0.8696125528433639,0.9465786589811176,-0.20672941201787065,-0.18393590555948602,-0.6955064867935112,-0.3520336261248316,0.1221387484271812,-0.025650294009313512,-0.6554035975584291,-0.26852691615405444,0.8776897685714986,1.742742742742743,2.920555512182745,0.8398398398398399,0.6754966887417219,0.8242393600299914,0.8239097057532999,0.7725445861625184,0.24568421001772137,-0.6690816879724186
23,5.0,1.0,5,0.48817653219932217,-0.3351855902171823,2,-0.007513689509723198,-22.749794354811474,0.10210190319566186,0.655224001129708,6.4173534539711445,-0.024093466431371446,-0.018439036221400196,6.551470484056619,-0.07200912340731302,0.10193548387096774,0.10849462365591397,0.9395441030723488,0.25311827956989247,0.3529032258064516,0.7172455819622181,0.519247311827957,0.5030107526881721,1.0322787516032492,0.9397228600421919,0.9270283653746996,0.8697832132334032,0.8950724914878341,0.9882265139638379,0.9346976304405136,0.8628210958315152,0.926689045818671,-0.20516976781968577,-0.2483789599834263,-0.4432285262012896,-0.35714953586729514,-0.03619895833800868,-0.20077976461656943,-0.4217725677506623,-0.22540309369531997,0.8509897377006774,1.896896896896896,4.381689931514194,1.06006006006006,0.6688741721854304,0.7807616700295209,0.8162236883465295,0.859289809764597,0.22926443155822424,-0.5752856053749846
23,5.0,2.0,5,0.3030097264498648,-0.7765235270001605,1,-0.0037434948353500808,-25.923013967832162,0.2676614451886697,0.48461728834291423,1.810560680494407,-0.010009836648412929,0.001992038912037919,17.9501818350955,-0.02349581428151537,0.10193548387096774,0.1341935483870968,0.7596153846153845,0.2627956989247312,0.2827956989247312,0.9292775665399239,0.49376344086021506,0.5195698924731182,0.9503311258278146,0.8551508894021865,0.9058978834306374,1.0128045837787103,0.9896243921041924,0.8815060230556984,0.9157656557485049,0.9910242886129804,0.951457896182788,-0.8424198096802922,-0.5472832163325121,0.07446945987709341,-0.06034291541611658,-0.6401455115223804,-0.45506310767147173,-0.04848990223209171,-0.26224126052455876,0.8513101857138673,1.786786786786786,2.920555512182745,0.861861861861862,0.6788079470198676,0.7370112141362234,0.7963212322663683,0.7596355310444101,0.24665973730396898,-0.6017264132687171
23,5.0,3.0,5,0.4422085700286862,-0.3703060115961345,1,-0.005962815079885164,-23.616241121308764,0.021018338346749946,0.3468758903170109,16.503487792156896,-0.018994712276344528,-0.0006258867782793498,94.21584810457955,-0.015527518031792642,0.10193548387096774,0.12516129032258067,0.8144329896907214,0.24989247311827958,0.29301075268817206,0.8528440366972477,0.5133333333333333,0.46741935483870967,1.0982286634460547,0.6629525921913232,0.7407693021610724,0.7759846763559678,0.9377428169409432,0.7440102932913362,0.782940187545879,0.7872370205676232,0.9124042988075873,-1.7070811235401862,-1.3129542630221964,-1.1345950792582484,-0.31532081108669985,-1.1673881817187985,-0.9898564401006196,-0.9702616206334764,-0.3994621020358897,0.8505232438688735,1.6986986986986992,5.366976945540476,0.9059059059059056,0.6854304635761589,0.7912021108004756,0.8200406519577694,0.7938619209061681,0.2316903368206898,-0.6127249043110898
23,5.0,4.0,5,0.20924582404321745,-0.7737056181206934,1,-0.002323337422356797,-21.848238123480495,0.05635066911641855,0.5812851019309201,10.315496001121211,0.013799302072446284,-0.013186390508118206,21.38562087737555,-0.0035679840325539836,0.10193548387096774,0.10193548387096774,1.0,0.24989247311827958,0.2725806451612903,0.9167652859960552,0.5223655913978494,0.5094623655913979,1.0253271422541155,0.748069847984272,1.175255544477774,0.951418257848176,0.957625618604497,0.9130167501824346,1.2025901697938055,0.907274524453082,0.9170312692490334,-1.2231999120486146,0.8509206415985568,-0.23587959699071526,-0.20574091342928202,-0.381990117981891,0.8896821287295644,-0.4072073119638877,-0.36436021090085013,0.8518677906008386,1.8528528528528534,4.165044248545185,0.9059059059059056,0.6821192052980133,0.7265132977534678,0.7785657315731853,0.8428066492404145,0.24957571893307384,-0.5985236708045236
23,5.0,5.0,5,0.36252542156774265,-0.4552811064621909,1,0.01120513357055919,-22.273350593134374,0.013845412282868013,0.8882782133394186,64.15686259040137,0.006747925788943565,0.005649318790108548,7.266462072339272,0.0021801733732113027,0.10193548387096774,0.15526881720430108,0.6565096952908587,0.24989247311827958,0.26645161290322583,0.9378531073446328,0.4894623655913978,0.46989247311827953,1.0416475972540045,0.9354821059672331,0.9243822033425275,0.9002496582971948,0.9727613977654176,0.9799832689138359,0.9324786843852221,0.8886624361699152,0.9814975238747652,-0.2891416868976533,-0.33888671682186455,-0.4470384922037036,-0.12207179910183452,-0.08563829830152159,-0.28887886555694653,-0.4763394913186447,-0.07915980700889236,0.8776399199287718,1.6326326326326315,4.165044248545185,0.9059059059059056,0.6754966887417219,0.8208681364804647,0.8053637508705459,0.8031835456643026,0.24045700089581615,-0.6027317528320829
23,5.0,6.0,5,0.4410237950830417,-0.37605008265377116,1,0.01379191541144642,-26.545341704089072,0.3552526303228846,1.6439539886222876,4.627563171391915,-0.011379274965249486,0.011899654528000014,2.221212538975842,-0.005724658934687987,0.10516129032258063,0.10193548387096774,1.0316455696202531,0.2627956989247312,0.2595698924731183,1.012427506213753,0.4578494623655914,0.47989247311827954,0.9540667712301143,1.031725335402006,0.9641993178217849,0.8933844363924911,0.9826663946093679,1.033678929168631,0.9300245373503451,0.891772819722763,0.9473888915982666,0.14034644372017713,-0.15837495058133033,-0.4716456109267848,-0.07668035160537023,0.13315148122167164,-0.2766518036936749,-0.42788205320319905,-0.20800088320294607,0.8044616265504133,1.9629629629629635,3.4004119327037095,1.0160160160160154,0.6291390728476821,0.8032898478339817,0.816050707238882,0.8258778126177373,0.24093025472957982,-0.6123411009246058
23,5.0,7.0,5,0.22095331612795904,-0.5772169784367462,2,-0.0027891290739960883,-25.34991359772385,0.04051028961386112,0.7929983414123017,19.575232588338917,-0.02374682403529471,-0.004309997250618869,64.6092728496416,-0.05371340572492311,0.10193548387096774,0.2918279569892473,0.3492999263080324,0.25311827956989247,0.2758064516129032,0.9177387914230021,0.46731182795698933,0.49655913978494626,0.9411000433087918,0.4775092711548698,0.5820062350070458,0.7598290365697542,1.073608537173569,0.6306346297130877,0.5881024979271134,0.6595914356389009,1.1143048394740132,-1.3571185741691785,-1.0856979292487818,-0.6238205913580988,0.1911909771805398,-0.7590562747987042,-0.8464610076452939,-0.6995492202552762,0.2348996755575996,0.793885347879183,2.271271271271271,7.275483529196232,1.1701701701701699,0.6490066225165563,0.816888436504316,0.8317043826898401,0.9459573987772899,0.22167858871300444,-0.6476639792536432
23,5.0,8.0,5,0.35756700637746464,-0.7077875166853054,1,-0.0020283292568552547,-22.395200269674135,0.018756499744739908,0.8929780115550681,47.60899014782839,-0.02347300572611477,-0.005166134439760661,9.94051249875419,-0.06326507433259643,0.10193548387096774,0.10193548387096774,1.0,0.24666666666666667,0.28559139784946236,0.8637048192771085,0.4811827956989247,0.49053763440860215,0.9809294169224023,0.7745228647054863,0.9330786781909618,0.9441250743400693,0.9235147535076804,0.8028112563132466,1.041461519338064,0.9930644667922645,0.9432072790765852,-1.0062060077957744,-0.2986406402845896,-0.24934539730926097,-0.34132026037934704,-0.8546799571062755,0.17970766944846694,-0.03006084989269464,-0.24615806853499222,0.8268979895268623,1.8308308308308305,4.609604486828429,1.0160160160160154,0.6655629139072847,0.7726115641020916,0.8079792423779804,0.8490396738870756,0.23621095376728238,-0.6136929428466904
23,5.0,9.0,5,0.3783391524222893,-0.6143644379210822,1,-0.006665861987268817,-25.11507032674553,0.008591194433365281,0.8444781772840254,98.29578224936442,-0.025696340964182163,0.006510791658983162,4.551096340408135,0.05406024951629351,0.10193548387096774,0.12774193548387097,0.7979797979797979,0.24989247311827958,0.2563440860215054,0.9748322147651007,0.4870967741935484,0.4961290322580645,0.9817945383615085,0.858045260017062,0.9076654999489978,1.0411393193471083,1.0268093914693859,0.8768615466386601,0.9039503697428961,1.0161393032652293,1.015764420096183,-0.6733382295876034,-0.4379730384605054,0.19513738293592997,0.1271658008072647,-0.5475577829029938,-0.42710234826405546,0.07176638062503482,0.07009939365802875,0.8247476715277788,1.896896896896896,5.939826693920351,0.9499499499499499,0.6788079470198676,0.7450627951170536,0.7915129951952583,0.7470208644531346,0.2563625745570893,-0.5874301107784041
23,5.0,10.0,5,0.20879222410460777,-0.8146678173602195,1,0.004387829903305662,-24.350660306829422,0.0340634586567511,1.15203898679215,33.82037621020687,-0.01694223456394295,-0.0006537355371420972,63.42714375045867,-0.029384517103578034,0.10516129032258063,0.11161290322580646,0.9421965317919073,0.25311827956989247,0.2790322580645161,0.9071290944123315,0.4605376344086022,0.4838709677419355,0.9517777777777778,0.9386404935532539,1.0448764157285566,0.9289323113561322,1.0103725069449074,1.0555014518792905,1.2762973830818327,1.0119699402912274,1.0263393873646742,-0.21078854461966579,0.15416412071989782,-0.2441390996475139,0.035632712347059226,0.16883159199881215,0.8404775996178473,0.03641173351453775,0.08012260131001447,0.8352316013754201,2.0290290290290294,4.609604486828429,0.971971971971972,0.7052980132450332,0.8044944517279309,0.8057046104663071,0.8940271596311036,0.2469514919147828,-0.6261001656055645
23,5.0,11.0,5,0.29243264630067284,-0.64023266943413,1,0.021559482145790065,-20.830348859286776,0.1504796677551989,0.7316844444112235,4.862347553833861,0.004716140694164261,0.01167031532592755,8.682804553004082,0.027067002626184,0.10193548387096774,0.10526881720430108,0.9683350357507661,0.24989247311827958,0.28892473118279566,0.8649050986229998,0.4403225806451613,0.4769892473118279,0.9231289449954915,0.7434572297406065,0.8249965226049755,0.805284488371108,0.9274761865168231,0.7114816251992773,0.7352818422596935,0.7598614322804644,0.9311593879344422,-1.181735406154563,-0.8061338280114629,-0.8969350957998277,-0.3340727867550646,-1.285709810638917,-1.1796501096197076,-1.0701173283782532,-0.3067709304969153,0.8486894161832869,1.9409409409409404,3.4004119327037095,0.9939939939939944,0.6324503311258278,0.8079735562622692,0.803594401588738,0.8087531344257657,0.2540565869695382,-0.6396051262705358
23,5.0,12.0,5,0.4544536477557429,-0.46255650164161555,1,-0.003920702366930984,-23.921906987978787,0.03280039630765802,0.3480802280232879,10.612073852961966,0.004202609438078042,0.021293852460911977,2.7708217773066384,0.06552429296317674,0.10193548387096774,0.10193548387096774,1.0,0.24989247311827958,0.30946236559139784,0.807505211952745,0.5563440860215054,0.4870967741935484,1.1421633554083885,0.9719890954538264,0.8907331758146411,0.9182598227574998,0.9583151569487457,0.9661552582472237,0.8868375747148829,0.8780276571260777,0.9399109600986476,-0.2166838834654774,-0.8452550955430445,-0.6323172823949674,-0.3224613349813632,-0.25295825896978474,-0.8457848575125686,-0.9116308737478276,-0.4491102052910527,0.886196087155403,1.588588588588589,2.6388908144575076,0.6856856856856854,0.7086092715231788,0.6557263702396827,0.7775100262596217,0.6167843583046417,0.26302055042984973,-0.5947141771449904
23,5.0,13.0,5,0.3283586086816509,-0.7472328084520199,1,-0.00846912336060468,-23.493497428798655,0.15621582848163373,0.5558002615601847,3.557899778546001,-0.0022677641244299718,-0.0021426227865495306,15.759886328458355,-0.06293758837256402,0.10193548387096774,0.10838709677419356,0.9404761904761904,0.24989247311827958,0.2960215053763441,0.844169996367599,0.5,0.5136559139784946,0.9734142767427255,0.2545581618260661,0.8421803549053005,0.927991588676224,0.9334615469608439,0.2570162372460704,0.5920915845976574,0.6039026173791835,0.8089158314476029,-3.732360418469442,-0.7901888067502201,-0.3605396564272505,-0.3331520659450664,-2.9056620131470394,-1.5952488424301312,-1.5490582377228237,-0.7472922528192218,0.7782855613082624,2.0510510510510502,4.165044248545185,1.06006006006006,0.6556291390728477,0.7201567832629598,0.7822083771369033,0.8010739589623751,0.26307093135514986,-0.620989564803009
23,5.0,14.0,5,0.27788622518524736,-0.5109340069867221,1,-0.003990613505199692,-24.38739667445739,0.055359757105831055,0.5834679134546087,10.539567800834009,-0.010789227628749787,-0.003973016339760216,13.79821091636718,-0.05527421317701631,0.10193548387096774,0.10526881720430108,0.9683350357507661,0.24989247311827958,0.26623655913978495,0.938610662358643,0.5358064516129032,0.49688172043010753,1.0783380220731442,0.9049751603755005,0.9142143618318826,0.9605475332604768,0.9930694828209456,0.7432921329406089,0.8639736323990178,0.9102915534846207,0.9799338386920968,-0.6010142836911001,-0.5425780677803118,-0.24952945073098665,-0.043834220972516214,-1.5850707606587608,-0.8399096624220475,-0.5539146002204545,-0.12390070445507995,0.8517393946493635,1.8528528528528534,3.0724688427090037,0.7517517517517519,0.6655629139072847,0.7255056023269139,0.8011510006940545,0.7548946555631612,0.2464331096574989,-0.600467365988024
23,5.0,15.0,5,0.4194628690792677,-0.58883889663699,2,0.006588395496766486,-25.125918407945733,0.28946286145178685,1.0894017188407044,3.7635284657135744,0.008459403094086881,0.0012023020884925906,8.834776018431938,-0.03618211987570619,0.10193548387096774,0.3683870967741935,0.276707530647986,0.25311827956989247,0.489247311827957,0.5173626373626373,0.4737634408602151,0.4773118279569893,0.9925658932191935,0.6772236937465543,0.6178360175834946,0.6815731268030205,0.815461831186178,0.8548009771868207,0.6699512657680969,0.6515290757325388,0.8641036117710487,-0.755336306027715,-0.8943107817482259,-0.7451580970497413,-0.43184204060970544,-0.27089482888307725,-0.6157651315454462,-0.6501350323935742,-0.25353909497363736,0.7800590988833815,2.359359359359359,5.646141419303673,1.2362362362362358,0.6821192052980133,0.8726010115121406,0.8463626306664273,0.9509446685857407,0.22808030265321821,-0.6048134419228287
23,5.0,16.0,5,0.41118953375614115,-0.5459303246536913,1,-0.0032021238418524778,-23.547606527008558,0.0797092423657213,0.6651249406564319,8.34438919397466,-0.014148235100082784,-0.0015299694498867034,2.772039498816484,-0.014703597042625693,0.10193548387096774,0.1252688172043011,0.8137339055793988,0.2564516129032258,0.27634408602150534,0.9280155642023348,0.5160215053763441,0.48301075268817206,1.0683437221727514,0.9298093206671632,0.866761935615048,0.8910510070770579,0.9632089709909151,0.9521144559578271,0.9175565936192283,0.9454092360695172,0.9800169089581018,-0.28388160950452246,-0.5388726327253606,-0.4406370725976503,-0.14879890933810236,-0.18447914880049154,-0.31761337868361883,-0.2103110210754755,-0.07698489595451674,0.8683237817980181,1.8528528528528534,5.101615314749834,0.9279279279279278,0.6258278145695364,0.8194677567493128,0.8177369641099184,0.8652385169588812,0.2385629958733874,-0.598307137973723
23,5.0,17.0,5,0.4731452548711379,-0.15080761000167486,1,0.02401024253661954,-23.981457887989208,0.06738346253331887,0.6899615750498078,10.239330973955886,0.01861196011633859,0.03714469988465019,2.4226145069535456,-0.029271148568000394,0.10193548387096774,0.10193548387096774,1.0,0.24989247311827958,0.2792473118279569,0.8948787061994612,0.45741935483870966,0.47989247311827954,0.953170513107775,1.3054470739565232,1.0521301686391422,0.9705489408291349,0.9789029225764769,1.285947964460962,1.0328779355757811,0.9674712142977014,0.9844403619103254,2.534798420905041,0.4326100343224102,-0.24440403803284028,-0.17507726574741866,2.25781221447458,0.2596003950216659,-0.2568435478081623,-0.12285711142548639,0.850453755456701,1.6106106106106102,2.3843904700937206,0.6856856856856854,0.6622516556291391,0.5257033202523574,0.761801948041783,0.40999913406841665,0.2675129536946137,-0.6133309853197839
23,5.0,18.0,5,0.3381569300628373,-0.6707377225821571,2,0.0011722956910000804,-23.16941116928248,0.12490946194449201,0.5261046280733483,4.211887713575628,0.016103261303277994,0.033676585920621505,79.56788627209713,0.029319369401210715,0.10193548387096774,0.10516129032258063,0.9693251533742332,0.25311827956989247,0.28311827956989244,0.8940372199012534,0.42462365591397855,0.43827956989247313,0.9688420019627086,1.0789830171264934,0.8144078035999711,0.937396655750959,0.9318708320908888,0.9199833044010757,0.7572971102918326,0.7663485260705016,0.7736764882795422,0.4416017549477438,-1.0376640778814705,-0.35002140576244223,-0.38091682498795354,-0.36529869379724733,-1.1080068719109013,-1.0666846161464676,-1.0332304100820764,0.7986919340270986,2.1391391391391394,2.6388908144575076,0.9499499499499499,0.6423841059602649,0.7023352599143681,0.7936578527282268,0.7636520530598021,0.25272710505080137,-0.5899663593733125
23,5.0,19.0,5,0.461334230611927,-0.1526353583152371,1,0.00310585509162975,-22.240388772949526,0.03560477809944148,0.8995730940663522,25.26551609320277,-0.02529643886510513,0.00038763230392968584,30.498809391640105,-0.0667658481517539,0.10193548387096774,0.12451612903225809,0.8186528497409324,0.24989247311827958,0.2855913978494623,0.8750000000000002,0.4778494623655914,0.48043010752688176,0.9946284691136973,0.8837825845558617,0.8781784907134756,0.8871944684712948,0.8992254492597259,0.7974333036025897,0.8261365135956119,0.821312116880754,0.9147158234519988,-0.4100100012070387,-0.42978100122713014,-0.3979730227306293,-0.355528244306198,-0.6989722757840635,-0.5999295981478046,-0.6165765574507973,-0.29427974109414556,0.8377856571554247,1.874874874874875,3.2322839781813806,0.9059059059059056,0.6754966887417219,0.8355033148628598,0.8278072519134974,0.8487003039929306,0.22915079110375416,-0.5886483276572472
24,1.0,0.0,5,1.2467968149473236,3.4119229449912023,3,0.03517368233469964,181.67863302527866,0.6039355027995511,3.9943232962393096,6.613824287069679,0.12031568859348818,0.42795933252748086,1.984831336830405,0.47173684020669193,0.10516129032258063,0.47892473118279577,0.21957790749887734,0.2789247311827957,0.47451612903225804,0.5878087468842058,0.6438709677419354,0.3672043010752688,1.7534407027818446,0.3805293414721949,0.4568214110564414,0.49570895493649764,0.5069241607394567,0.5254435818142446,0.5987104269521953,0.6337214632618785,0.62325021272525,-1.4600193537491197,-1.2802079347623159,-1.1885545757160911,-1.1621216570569346,-0.7920728363630817,-0.669784578074105,-0.611348342104862,-0.6288257015820005,0.7981268108215094,2.381381381381381,13.369837418249451,1.4564564564564557,0.7317880794701986,0.9220357579021428,0.8682216616229729,0.9596855358697892,0.20948344778495862,-0.5313793533796507
24,1.0,1.0,5,0.8706579144916877,2.079261864350448,2,0.16724610010709318,188.81693194426367,0.5728310717152505,5.726016076035144,9.995994209758052,0.25449024761762284,0.38003545742865064,2.525666277007084,0.3890587426030404,0.10193548387096774,0.22870967741935483,0.44569816643159377,0.25311827956989247,0.47032258064516136,0.538180155464106,0.4850537634408602,0.40612903225806446,1.194334127614509,0.5005220803954361,0.5501181361420991,0.6718255497469136,0.6518921506920531,0.6044031853723117,0.658399038932422,0.7435452995228976,0.7316364045811204,-1.2031540227337265,-1.0836858908279843,-0.7905142439390076,-0.838530278919291,-0.803683455065997,-0.6939869849635563,-0.5210062167495706,-0.5451999955640767,0.8388449404356422,2.381381381381381,7.65391938823014,1.3463463463463456,0.6821192052980133,0.9174271359625239,0.8629489161591332,0.9448111293236734,0.21144906747022138,-0.5581942388826027
24,1.0,2.0,5,1.3243228840304981,4.166004969159399,2,0.15218325725136428,171.68216807270335,0.592887878031923,8.437075238876787,14.230473503495222,0.26283418552700577,0.49744510783987794,2.184901461908978,0.5175133615701863,0.10193548387096774,0.47817204301075267,0.21317742298178546,0.25311827956989247,0.4511827956989247,0.5610104861773118,0.45999999999999996,0.35,1.3142857142857143,0.4773831647721155,0.49527176533779255,0.5854329642782505,0.5631555681107799,0.5521686112278008,0.4502347824605646,0.583909524519057,0.5802482620007867,-1.1580688320190238,-1.1184294071724912,-0.9186408291698664,-0.9680054045548869,-0.8288807514786962,-1.0175477156710298,-0.7701322297781339,-0.7769087758255757,0.8274552692808057,2.513513513513514,14.065272421052393,1.4564564564564557,0.6854304635761589,0.9192668047090929,0.8615866299783409,0.9387806843591482,0.21462334377272424,-0.5423647107739864
24,1.0,3.0,5,0.32607216113968984,0.6930467213517573,2,0.1395511150141705,184.6568498519717,0.24512368560340048,5.80266822590156,23.672409345582484,0.1711768559654402,0.1630223368170579,3.9122551352465686,0.2454751719464272,0.11172043010752689,0.39483870967741935,0.2829520697167756,0.27946236559139787,0.5389247311827956,0.5185554668794894,0.4366666666666667,0.4321505376344087,1.0104503607862652,0.4961704323094845,0.6232179556698569,0.685558695285406,0.8058241535166856,0.5908499065289968,0.7414103475961259,0.7746098696817209,0.8514302385476813,-0.9748068263012584,-0.7289959390918075,-0.6083794004228513,-0.3756904175402236,-0.6581904597343924,-0.4159872988280886,-0.3625799819212223,-0.23900079983694522,0.7954918982248883,2.535535535535535,16.37624074521689,1.5445445445445445,0.6887417218543046,0.9050994573918938,0.8529468474349187,0.9625784144614293,0.21973376611098705,-0.5969604918824287
24,1.0,4.0,5,1.1093167167603366,2.9000951365714123,3,0.28239721094053294,192.7082866731015,1.7540173489291184,5.881101217130492,3.352932182068259,0.39102634634708766,0.4762390838191022,5.998521017709576,0.5197107879298578,0.10193548387096774,0.3822580645161291,0.2666666666666666,0.27290322580645154,0.4216129032258065,0.6472838561591429,0.4306451612903226,0.3831182795698925,1.1240527645242773,0.32453755716818494,0.40352944149830267,0.5145191391717067,0.5512885613571935,0.3737877059576323,0.4634082723650633,0.4867400794894064,0.5344047505419277,-1.7886347638550038,-1.5794630595291108,-1.2855606615569453,-1.1881946755339463,-1.3902109888017313,-1.1912505125741335,-1.1394531669112429,-1.0336360979950716,0.8385325450035492,2.359359359359359,10.915359353313933,1.3683683683683687,0.6390728476821192,0.9011301233435677,0.8448548463179785,0.9340209115975017,0.22682695701243014,-0.5438792907580391
24,1.0,5.0,5,0.4913159139135035,0.43157159340029105,1,0.15392239644864603,187.63160025557434,0.22371612515010622,4.346825344861395,19.43009401733924,0.23680138613791601,0.35256114575768416,3.471983382117274,0.34348761461694677,0.10193548387096774,0.3152688172043011,0.3233287858117326,0.2565591397849462,0.41419354838709677,0.6194184839044652,0.46268817204301077,0.40569892473118274,1.1404717731248346,0.49020768014546107,0.5278454692284906,0.6173181803896561,0.6297301429379798,0.6138524880464369,0.6653980747221993,0.6490234024420192,0.7072315206672706,-1.2691251132608068,-1.1754260490094743,-0.9526842377586382,-0.9217847267981261,-0.7917237835483606,-0.6860391276983386,-0.7196123531904342,-0.6002674133217853,0.8076986330857298,2.425425425425425,15.566543592710588,1.4784784784784788,0.6754966887417219,0.915609028035975,0.8505602001065691,0.9391102826252576,0.22466673916322474,-0.5733181792971487
24,1.0,6.0,5,1.1765566107266028,4.374911497562927,4,0.27150726396026836,187.5502842504098,0.17114080527440736,8.076474388047114,47.191985424500515,0.38444017004617714,0.4642837933391972,3.9100090908970335,0.45838914920358564,0.10193548387096774,0.43204301075268825,0.23593827775012438,0.28537634408602147,0.5002150537634409,0.5705073086844367,0.46451612903225803,0.3831182795698925,1.2124614089250632,0.5961666193598346,0.5619171187171925,0.5512432848017412,0.6911710989018215,0.6763659717153752,0.5617579260149408,0.5789131905639782,0.7541470045111723,-0.9410903412082545,-1.0209051256990802,-1.0457793497802312,-0.7196926005689099,-0.666570535657111,-0.9026221857820078,-0.8672884665794818,-0.5063693819976429,0.8165493857604543,2.447447447447446,16.37624074521689,1.5005005005005003,0.652317880794702,0.9643508567135545,0.8748963872112555,0.9693056033672045,0.21902807475475325,-0.5525122285783985
24,1.0,7.0,5,1.0035674065989628,2.6546153671655572,2,0.12714165643184194,189.68307609368838,0.11441577127969216,4.592062948736621,40.13487736328946,0.2577092950692821,0.3913887954880405,2.4637382720236154,0.38867356423977073,0.10516129032258063,0.3753763440860215,0.28014895445431104,0.2789247311827957,0.49322580645161285,0.5655112273817311,0.5694623655913977,0.3961290322580645,1.4375678610206295,0.5606419557366312,0.5614276254476857,0.5865489131270396,0.6384317562804761,0.6429437452163134,0.45701882694642987,0.5625211478810316,0.650342389911586,-1.1856824323955375,-1.1835621690107523,-1.1157681002108883,-0.975753420900983,-0.8274636294278228,-1.2583372119838065,-1.0138397911320347,-0.8103175654382531,0.7926048639693342,2.403403403403404,12.080421346773264,1.4124124124124113,0.6258278145695364,0.9001040206674555,0.8451149244210626,0.9346294473827422,0.22803981564797965,-0.5281445424693698
24,1.0,8.0,5,1.0399514451845553,1.896970718173976,2,0.12394494489098462,164.97067614853788,0.4105172858426448,10.99104491605918,26.77364704265377,0.3277923496429884,0.5055305729493773,2.618922251133592,0.5682652996123977,0.10516129032258063,0.34559139784946236,0.30429371499688856,0.2758064516129032,0.4204301075268817,0.656010230179028,0.43978494623655917,0.3501075268817204,1.2561425061425062,0.5304378608708004,0.5888645442830298,0.4865357617497086,0.5513800838999448,0.6187763251872094,0.6465705987809289,0.5320643701603384,0.635505717103877,-1.0136986571612998,-0.8875661486349489,-1.1084752484089342,-0.968488233250238,-0.6749341072793484,-0.6257259796763939,-0.8284525265780667,-0.6453157022730296,0.813711100102459,2.3373373373373365,10.915359353313933,1.4564564564564557,0.6456953642384106,0.988712912803156,0.8851857214288218,0.9744983013809442,0.22356315588212952,-0.5493495899592566
24,1.0,9.0,5,0.7523305513392728,1.9563692323587638,3,0.15219258601773156,189.21360920660752,0.07232289158309346,6.981319622320516,96.52987414502799,0.2811253539948362,0.45387647992629176,2.9620078157899217,0.44983559149955976,0.11806451612903228,0.30881720430107523,0.38231197771587755,0.2918279569892473,0.4068817204301075,0.71723044397463,0.6136559139784946,0.4282795698924732,1.4328395681646997,0.5382778769515112,0.6276291558597187,0.6268083547564135,0.7194213019791537,0.5276046548386182,0.6373197947023429,0.6559759919509767,0.7646012917709781,-1.3910551628676389,-1.1218617419125085,-1.1243346137015005,-0.8453145885573914,-1.26646725769743,-0.9723266956992322,-0.9223104048730224,-0.6310916471339914,0.8415047698806022,2.0510510510510502,10.375666787451848,1.3023023023023015,0.6324503311258278,0.9521737558184485,0.8545115837353248,0.9281759430601053,0.2308289568781775,-0.5776813564420715
24,1.0,10.0,5,0.7552426988338565,1.3049548770906112,3,0.25135807386970555,184.68019286580736,0.18421451860901925,8.867985640754023,48.13945017860195,0.3312456190310542,0.3994274067415453,12.343005495790313,0.4533406205376941,0.10193548387096774,0.41591397849462364,0.2450879007238883,0.2595698924731183,0.43795698924731175,0.5926835256567642,0.3554838709677419,0.31408602150537634,1.1318041766518314,0.2579974506852882,0.2774558144215755,0.32281355197212275,0.42528768731012323,0.30959466060339363,0.3037499514477385,0.30297614768177844,0.3584270698161439,-1.4742050178697395,-1.4355452888889397,-1.3454288811245847,-1.141834048928032,-1.0755048883650318,-1.0846097039121896,-1.0858151258367255,-0.9994343659892126,0.7768279117316375,2.8218218218218207,17.22805447131392,1.6106106106106102,0.6821192052980133,0.8675821130633594,0.8559619353858554,0.9546306326814961,0.2092617882752794,-0.5481635818156267
24,1.0,11.0,5,0.7770550563008317,3.022432023438612,3,0.15098682682536746,184.97002944407618,0.16983964802168108,4.830593064608618,28.442081227064033,0.2383849865849409,0.3236981562824873,5.744359246130882,0.3808247726829238,0.10193548387096774,0.228494623655914,0.44611764705882345,0.25311827956989247,0.4140860215053763,0.6112698000519345,0.4438709677419356,0.3763440860215054,1.1794285714285717,1.0984672396565272,0.8805279688564547,0.7610248379002806,0.6785499512871634,0.8728629851614877,0.8729941998521348,0.7523791203649612,0.7006629353558976,0.2921286733579622,-0.35444484970927626,-0.7089819651003832,-0.9536651642606353,-0.32458967260277616,-0.3242546723392268,-0.6321933887817026,-0.7642284187191177,0.8289892143045446,2.2272272272272264,12.708787092020595,1.3683683683683687,0.6258278145695364,0.8961531933894528,0.8496734451416821,0.9210777775896002,0.220162691976889,-0.5697238809535385
24,1.0,12.0,5,0.9318245793335734,2.693682470358403,2,0.1914769073814755,188.68343012129787,0.5288656079523621,5.193555952359436,9.820180919813655,0.3082570557278532,0.4481215788258608,2.896495282336182,0.5048616047221973,0.10193548387096774,0.32505376344086023,0.3135957657955673,0.2693548387096774,0.40387096774193554,0.6669329073482427,0.4603225806451613,0.38591397849462367,1.1928113680691,0.3358187783513941,0.4898432441310052,0.5275143964107397,0.6234524876120738,0.39393003485414163,0.4955396558770391,0.5143981607521361,0.6469420212220629,-2.3780295567465344,-1.8265614932911165,-1.6916839769778,-1.348187941470612,-1.9264426578602158,-1.6034682165506036,-1.5435249256038093,-1.1222234892501879,0.8286969701386178,2.2492492492492495,8.911482322840202,1.28028028028028,0.6655629139072847,0.8880967032517691,0.8640036375560044,0.9264023884628985,0.20662845830740562,-0.5327595444688762
24,1.0,13.0,5,0.4618871313009657,0.6967054070788099,2,0.18008697912494065,190.80024093566627,1.7569408996156666,5.07407896356527,2.8880191500324415,0.2161000347039439,0.3285511320807254,3.847295939661202,0.33965782336211725,0.10516129032258063,0.20182795698924733,0.5210442194992008,0.2756989247311828,0.41967741935483865,0.6569305662311044,0.44387096774193546,0.4021505376344086,1.1037433155080214,0.6217229082239805,0.7751690196538602,0.7171035964147867,0.7716552057411679,0.7257319875812721,0.8464312979412176,0.7026679072536705,0.7772176382219532,-1.163769493019506,-0.6916925230233906,-0.8703308007145787,-0.7025027717131529,-0.736213546034717,-0.4122221826219974,-0.7981241137829147,-0.5980113798622675,0.8422596898708474,2.2052052052052047,7.852979529527805,1.2142142142142145,0.6390728476821192,0.8751754309739442,0.8510253168206366,0.9143111774920971,0.22071671905939325,-0.5997287909708261
24,1.0,14.0,5,0.9419531010442717,3.0413672552670112,2,0.10973243121362453,181.73291206243107,0.5674821505978979,4.871213171764799,8.583905531887655,0.23810805219119957,0.47421796817779627,1.9263197570654633,0.48369068443400354,0.12129032258064518,0.24827956989247307,0.48852317020355146,0.2627956989247312,0.38,0.6915676287492927,0.6244086021505376,0.3978494623655914,1.5694594594594595,0.4673351631885439,0.4472547586301048,0.5167489677423923,0.6628978524182728,0.4623010731673758,0.4596005652222513,0.4952914210520276,0.6696167590074182,-1.9987008663636427,-2.0740479124125843,-1.8132870617594181,-1.2648973761020597,-1.9013575758006616,-1.9109068439575063,-1.7847003820653509,-1.1682684246352624,0.8441651762022313,2.095095095095095,6.248788072006888,1.2142142142142145,0.6390728476821192,0.8942500967781225,0.8578342953534651,0.912269026000841,0.20771265038929462,-0.5747215549161888
24,1.0,15.0,5,0.3667593387197772,0.17530154138101173,2,0.14845118981734284,173.80244252747613,0.2427375065045101,7.040497104291542,29.004570433620767,0.18582333121743255,0.2942270099937472,2.536746263641933,0.3384911444174634,0.10193548387096774,0.4554838709677419,0.2237960339943343,0.25311827956989247,0.4576344086021506,0.5531015037593984,0.4497849462365592,0.38279569892473114,1.1750000000000003,0.6599285753949822,0.5646730568035987,0.5193335362995077,0.5325219216918211,0.7703808174073649,0.6788494993140551,0.47719244847058306,0.5046925588596298,-0.6779655595483149,-0.8678667282127499,-0.9582554852919731,-0.9319631524609406,-0.38268177329604836,-0.5352272476095514,-0.8713075216663517,-0.825476024094184,0.7600715753711178,2.6456456456456454,17.22805447131392,1.5225225225225214,0.6887417218543046,0.9560350040416631,0.8722724249715419,0.970630344237368,0.22153558606445223,-0.5921264838484089
24,1.0,16.0,5,1.2887592647183195,7.207624935961183,3,0.22161382583422806,185.71018728982233,0.8292105901158335,8.52288960258126,10.27831735891203,0.28186675699756114,0.339541449691527,2.4662951350375124,0.394005192849762,0.10193548387096774,0.411505376344086,0.2477136137967076,0.24989247311827958,0.4701075268817204,0.5315645013723697,0.43516129032258066,0.3801075268817204,1.144837340876945,0.4417233851009044,0.38375647687158343,0.6053652878453569,0.5602848078210951,0.6376715605729896,0.5319342873577765,0.5876654607448868,0.637121105384721,-1.1215845925540462,-1.2380408248462618,-0.7928259952633845,-0.8833932346403932,-0.5097604762916819,-0.6585224195749906,-0.5801141402386107,-0.5105349125997805,0.7675010743158751,2.513513513513514,12.080421346773264,1.5665665665665658,0.7185430463576159,0.882926982306361,0.8498870483666633,0.9499690550346516,0.23138623029512037,-0.5491870373539807
24,1.0,17.0,5,1.9024966539630346,7.452969182813673,3,0.08827910522921012,180.7028026255949,0.2559222348307919,5.518215524176243,21.562079308289572,0.3285222785114761,0.477760271058826,24.452012200213787,0.61759720587402,0.10193548387096774,0.2889247311827957,0.3528098250837365,0.2564516129032258,0.3875268817204301,0.661764705882353,0.5264516129032258,0.39881720430107526,1.3200323537341603,0.41916025810352975,0.42956894189373074,0.4388413242008688,0.5561155458797651,0.47579074643151725,0.4955283194529956,0.4818643136106408,0.6318260074714468,-1.7627792227225112,-1.7311901109627905,-1.7030495384482531,-1.3471362866078518,-1.3017484561622452,-1.2527349085489687,-1.286666202949428,-0.9142721596587045,0.821725884672496,2.271271271271271,17.22805447131392,1.3243243243243243,0.6854304635761589,0.9642408324068438,0.8847982794792889,0.9621877170348333,0.20933945071079121,-0.4903256132846422
24,1.0,18.0,5,1.0724781157949557,3.330859303978267,2,0.09479507607477411,178.1880639966747,2.249869960507988,5.624307472636726,2.4998366889466084,0.21075662435501952,0.3947063859668182,2.2672203644682507,0.42639697584564085,0.10193548387096774,0.39892473118279576,0.25552560646900263,0.2595698924731183,0.46064516129032257,0.5634920634920635,0.5156989247311827,0.36,1.4324970131421744,0.4376083119263986,0.4477850216861813,0.4296412137147907,0.5750692962461644,0.5399092907209816,0.5428772803566517,0.49615190116240576,0.6182941226880708,-1.451113705999321,-1.4248552044468141,-1.471670847324628,-1.096429377235798,-0.9985811353201219,-0.9921394089382738,-1.093552198336195,-0.8284546517398925,0.8405831007589347,2.381381381381381,8.911482322840202,1.4344344344344344,0.6721854304635762,0.9496756097787147,0.8782306118029634,0.9660739308647749,0.2160964343215097,-0.5702720910978509
24,1.0,19.0,5,0.5921658497847744,0.3766520642687241,1,0.38558182796317275,190.42816722698544,1.0819518480504318,7.072299928976958,6.536612458050263,0.42164695210690495,0.4889306019621502,6.459737260550005,0.5032547409277532,0.10193548387096774,0.35258064516129034,0.2891125343092406,0.2532258064516129,0.34860215053763444,0.7264034546576187,0.3559139784946236,0.2704301075268817,1.31610337972167,0.12690717707939594,0.2754818865546543,0.2504587152178928,0.3701884419999267,0.12515408464058012,0.2236314837472032,0.18349566032706052,0.3288154472739049,-2.3046518202135435,-1.9124678901195604,-1.9785200850922213,-1.6624765608322847,-2.054751390755064,-1.8234574346197783,-1.9177244793001624,-1.5764117645798983,0.8237733864586197,2.711711711711711,7.275483529196232,1.4564564564564557,0.6655629139072847,0.8781240932933764,0.8477083219643885,0.9353000922445878,0.2195953873446159,-0.49480505658472657
24,2.0,0.0,5,0.7207160714596538,1.5568902700265044,2,0.11404516947345578,168.01060930647148,0.3598737284963909,6.384349043705117,17.740525462583594,0.15592686617874874,0.3175534499466922,1.1661866433192118,0.3622916967904295,0.10193548387096774,0.37838709677419347,0.2693947144075022,0.26602150537634406,0.48967741935483866,0.5432586736934563,0.46698924731182795,0.40892473118279576,1.1419931632921376,0.48767961919032365,0.7109230015026715,0.6063312475696958,0.7205729210891872,0.45841351790406837,0.9054989877147837,0.6381459867618403,0.7686004765339403,-1.508602205910562,-0.8512294531828961,-1.15921515239317,-0.8228138552086954,-1.3758027365669376,-0.24006277041330737,-0.9192248294753529,-0.5878287367750419,0.8134936632695827,2.359359359359359,11.483124145435111,1.4124124124124113,0.6622516556291391,0.9018842115784158,0.8524718923437088,0.9382725840035404,0.22459535755249022,-0.6060249902300044
24,2.0,1.0,5,0.6210496612477603,1.5402533920696282,1,0.21751723632412323,179.41360860953864,0.7495424530363279,5.66793346010925,7.561857820259506,0.2627961099437276,0.40609984120376197,2.923442692081969,0.410200150215953,0.10193548387096774,0.2621505376344086,0.3888433141919606,0.3164516129032259,0.390752688172043,0.8098514034122182,0.4033333333333333,0.36892473118279573,1.093267269017779,0.49775328618922626,0.5158560874985924,0.5497388382265529,0.6419660836009778,0.6338811661974091,0.6061174694848469,0.5791955204336182,0.6580860385398214,-1.6143679047202797,-1.5561802041027313,-1.4472711285533275,-1.150825774548824,-1.0872319909771033,-1.1696794819738634,-1.2496273064655528,-1.0153528383127606,0.8258063643389482,2.183183183183184,9.862658461312831,1.3243243243243243,0.6026490066225165,0.8965640457926829,0.8492124823411292,0.9075236317370039,0.2153118685896022,-0.5718922290329934
24,2.0,2.0,5,1.4318616496271064,4.682024946501534,4,0.299701582151478,187.82672297790452,0.9810209173245619,5.560236351899631,5.667806112700935,0.4546011429647029,0.5886506361557541,4.110468958469752,0.6080785236329376,0.10193548387096774,0.34591397849462363,0.29468448865402547,0.2897849462365591,0.32505376344086023,0.8914985114125039,0.3046236559139785,0.2640860215053763,1.1535016286644952,0.34912833481694366,0.36802720958804513,0.3806378023611618,0.4071391337005959,0.3541489278920457,0.38854957712924787,0.3921338626106939,0.4077607412262225,-2.325966745915277,-2.258429385473513,-2.213363943227998,-2.118658306594286,-2.1848266864048043,-2.0684539501363917,-2.0563287978996736,-2.003465184446217,0.8289748127960723,2.381381381381381,10.64551307038289,1.2142142142142145,0.6688741721854304,0.9406534263485704,0.868261867085819,0.9384560583878133,0.2155288415219644,-0.4639783173865901
24,2.0,3.0,5,0.5068171308972268,0.5245113071784351,3,0.07782304571722709,180.2850861235482,0.18857324441146583,4.266703795397459,22.626241642677225,0.27975666994877046,0.5551644684567922,1.9462783310675402,0.5328996000882817,0.12129032258064518,0.25548387096774194,0.4747474747474748,0.2988172043010753,0.35075268817204297,0.8519313304721031,0.4795698924731183,0.2939784946236559,1.6313094367227507,0.4259001262531673,0.5947647446145695,0.5869745305370286,0.6484533021049843,0.4467717095727887,0.5969974653221888,0.6022886184521051,0.668522031300786,-2.4021524018870135,-1.6955879744413194,-1.7281838385293002,-1.4709439652243423,-2.169047706450375,-1.5800560793114475,-1.5593110021714836,-1.299628996179214,0.8436133504252115,2.0290290290290294,6.573820143409585,1.1481481481481488,0.695364238410596,0.9051212149866107,0.8668237315290376,0.9082266505294626,0.20623632017482993,-0.5706123391515595
24,2.0,4.0,5,0.7568415093342717,2.1833958227222965,2,0.11557187074978093,181.97443051061563,0.5171782195385503,4.348680168974689,8.408475076260515,0.16610691670018063,0.3841984263716427,1.5001022591814994,0.3732476431380627,0.10193548387096774,0.14526881720430107,0.7017024426350851,0.24989247311827958,0.4725806451612903,0.5287827076222982,0.5233333333333333,0.39881720430107526,1.312213534645457,0.49908380181364637,0.5970776044423582,0.7128396399513164,0.7148100289956948,0.5283146582100658,0.6310392131514192,0.7250529155398735,0.7615279814461616,-1.4644403850651302,-1.1779531790710465,-0.8395201228623237,-0.8337596437615775,-1.2135311030414413,-0.9492459293823052,-0.7073716503819623,-0.6135302204261421,0.8467380572655989,2.1391391391391394,10.375666787451848,1.3023023023023015,0.652317880794702,0.9385152915133008,0.8733138709602692,0.9363231289224991,0.20944942170425973,-0.5790374347419284
24,2.0,5.0,5,0.8076236905791445,1.204139723858927,2,0.2757598454573956,168.5055078722028,2.6064249501930195,8.955452341301726,3.43591414003251,0.4410623908409207,0.44820803011309585,3.2083558512020565,0.5649984892600861,0.10193548387096774,0.3324731182795698,0.3065976714100906,0.2631182795698924,0.36096774193548387,0.7289246350908548,0.2827956989247312,0.2703225806451613,1.0461416070007956,0.4125714710196986,0.47577876587570167,0.5331465897992295,0.5801320852880055,0.5252374314547112,0.47611819758474994,0.5033602558367449,0.5680982723897509,-1.5986868696212053,-1.4266682028976547,-1.2705416575892627,-1.142670621378368,-1.1747702777956954,-1.2963127494259576,-1.22890398036802,-1.068713807998392,0.8334069112271028,2.381381381381381,14.796880626863963,1.4344344344344344,0.6490066225165563,0.9369276810070993,0.8471383900111326,0.9287064733048309,0.23149082319017367,-0.49151364809226195
24,2.0,6.0,5,1.139615401506765,3.1960097848779734,3,0.18397656308636745,177.6421481740117,2.809438071617631,6.653543222661307,2.36828257219078,0.23953703122389358,0.4068864876571918,1.9584936644254287,0.4037396070484599,0.10516129032258063,0.5577419354838711,0.18854829381145166,0.26602150537634406,0.5107526881720431,0.5208421052631578,0.4673118279569892,0.3902150537634409,1.1975750895563515,0.7950943962677929,0.6376803038580373,0.5005464362534866,0.43854096134952786,0.9492188108537034,0.8355213155368514,0.5087588530132814,0.47411367750056355,-0.36242798394323095,-0.6408550797237933,-0.8834114093750317,-0.9930839554331371,-0.06084710719164588,-0.1970818783986663,-0.5886156513888532,-0.6301282418487295,0.727312600316882,2.9099099099099095,16.37624074521689,1.8308308308308305,0.6324503311258278,0.9348827514690486,0.8825303869071425,0.9746018776181511,0.19734931973012984,-0.5416053019762759
24,2.0,7.0,5,0.6200419702936079,0.46733413239794075,1,0.19209720780218598,176.53135930728973,0.8894173414221195,7.628928608053402,8.577445314766686,0.3067535652867064,0.4463053372293575,2.030150127873252,0.40929622693122747,0.10516129032258063,0.3588172043010752,0.2930776146239137,0.2627956989247312,0.4446236559139785,0.5910519951632407,0.42548387096774193,0.3338709677419355,1.2743961352657005,0.3608432581640535,0.4026312375552632,0.5137336664931633,0.522858330187223,0.3726273523604922,0.43764955833413827,0.4664226723826932,0.5297809947971674,-1.6502652373441342,-1.5423711243444362,-1.2555111661218974,-1.2319518193902819,-1.3340181679258099,-1.1957577505904022,-1.1345758405517783,-0.999853433529061,0.7688337947909623,2.513513513513514,8.911482322840202,1.4784784784784788,0.6589403973509934,0.932252077677366,0.8746575528994773,0.958057019980054,0.21328463623646615,-0.5565466981198155
24,2.0,8.0,5,1.3587474253134595,3.860008655870941,3,0.18128171625380407,187.02378721964965,0.1400051696326318,4.539166335412501,32.42141948988812,0.33944832165436845,0.6033673407476381,1.6046099056353456,0.6111433811701581,0.10516129032258063,0.17526881720430107,0.6,0.2563440860215054,0.3496774193548387,0.7330873308733088,0.4522580645161291,0.36634408602150537,1.2345171705312594,0.5340445976767684,0.7179270477757094,0.6899719832110964,0.6891865253510485,0.562388572671848,0.6991943910885856,0.6934905160000281,0.6836173684360555,-2.039400332459157,-1.234580969929175,-1.356935100137199,-1.3603729034396772,-1.8296165579077233,-1.2576429416756083,-1.2814903635082122,-1.322769162766269,0.8927399521288822,1.874874874874875,6.915758828738525,1.1701701701701699,0.652317880794702,0.9551051099022271,0.8585311223605169,0.8830690770466745,0.21238974476092568,-0.4950190769744149
24,2.0,9.0,5,1.2823363030733974,3.6785315023141347,2,0.2944923746845982,187.0898618493406,0.6661400219533442,7.305620987055095,10.967095124584443,0.40373886219439403,0.5321066373057658,2.193110489303137,0.5418006123096345,0.10193548387096774,0.3781720430107527,0.2695479101506966,0.2563440860215054,0.4269892473118279,0.6003525560312265,0.42451612903225805,0.36580645161290326,1.1604938271604937,0.6435826833771865,0.4599187497677764,0.5469297965336296,0.5767002423459132,0.6220490682439614,0.42630857202002614,0.5197481715337571,0.5789184745990148,-1.0367345059520752,-1.5709698772184857,-1.3178751189841835,-1.231279863951069,-0.9824963065622379,-1.4913303864020304,-1.2484309682623407,-1.094615752224432,0.7956605608011312,2.3153153153153148,10.915359353313933,1.3243243243243243,0.6986754966887417,0.920911451179024,0.8614967298276013,0.9441206298795648,0.2237096071049427,-0.5424218822235556
24,2.0,10.0,5,0.6843423864230729,1.239448391779284,3,0.07873308617517893,175.85288699185253,1.2499613435695531,3.838894402419554,3.0712104995636946,0.2121829464890389,0.3433217063678655,2.0487353722527217,0.362642106399103,0.10193548387096774,0.41795698924731184,0.24388988937483919,0.2563440860215054,0.48397849462365594,0.5296600755387691,0.5129032258064515,0.39268817204301076,1.3061336254107336,0.6804299096997759,0.5791721415942798,0.540309995434919,0.5345852318348087,1.118276000929267,0.6144187359539605,0.6438920271011834,0.6679562182970468,-0.6250062460399193,-0.8230433572931699,-0.8990488559970633,-0.9102451885568767,0.1693412622823185,-0.552054664115815,-0.5098563797024805,-0.4754025557576924,0.7680864339585493,2.6896896896896894,10.375666787451848,1.588588588588589,0.6688741721854304,0.908239830756241,0.8600327726438546,0.9616215800302325,0.21821260792320685,-0.5472457843924179
24,2.0,11.0,5,0.8577028979124397,2.1036654296033763,3,0.16614606502936524,178.63662258111725,0.031006578328765452,3.5194720192447555,113.50726874560253,0.26051197781304014,0.40353142253260743,1.885923704987651,0.4356902729677816,0.10193548387096774,0.13193548387096776,0.7726161369193152,0.25311827956989247,0.423763440860215,0.5973103273280894,0.5062365591397849,0.37268817204301075,1.358338141950375,0.6603354037637275,0.6964649044357892,0.7106664076563904,0.7048728896221259,0.763285548143231,0.7718436018854342,0.7419098319658675,0.7396678155505823,-1.1747717858120388,-1.0498134637045116,-1.0006958179900436,-1.0207334127310417,-0.7430809758953538,-0.7162160047174675,-0.810182447364229,-0.8172204618697885,0.8553530864198516,2.1391391391391394,9.375015015145289,1.2362362362362358,0.6556291390728477,0.8994144805486801,0.8377227986415826,0.8751473199943106,0.2398985688994558,-0.5812401264759696
24,2.0,12.0,5,0.9743946418447222,2.335920455128674,2,0.11540117564513708,173.0822118124067,1.459204877036354,5.046932866908691,3.458686950909193,0.18427083861129845,0.37808734347408446,5.876221488435916,0.4684841077559627,0.10193548387096774,0.26860215053763437,0.3795036028823059,0.24989247311827958,0.44688172043010754,0.5591915303176132,0.4835483870967742,0.41537634408602153,1.164121149365778,0.5101232851495408,0.4132537951175099,0.6891966836076071,0.6521183962233912,0.5411209650279935,0.431857322338612,0.576819833214272,0.6005910382233328,-1.2344920541241393,-1.478603709376225,-0.7832260910767399,-0.8766635821204172,-0.9777979827845222,-1.2106213660098717,-0.9017293925026342,-0.8510767487015616,0.8242460040749103,2.359359359359359,14.796880626863963,1.39039039039039,0.6490066225165563,0.9132063292225312,0.8606984382643448,0.9412423175407689,0.2188586034758771,-0.5513285339644282
24,2.0,13.0,5,0.6584617483076176,1.4197339330361185,3,0.15177081384596391,172.36300113857703,0.04688514686654146,5.898802983443067,125.81389582150625,0.25497624866296476,0.27109266978320357,2.0733832211463294,0.4758522097750224,0.10193548387096774,0.2252688172043011,0.4525059665871121,0.25989247311827957,0.3875268817204301,0.6706437291897891,0.39548387096774196,0.3364516129032258,1.1754554170661555,0.8825259948539493,0.6724470534399171,0.7225653918430173,0.6008415778952606,0.46078088292073277,0.5612647437355139,0.5752883757106704,0.5492450700953286,-0.3159404714597889,-0.8809372953239667,-0.7461465265562686,-1.0735166465987855,-1.3045260926301623,-1.0614267399382031,-1.0274995418000392,-1.0905057866408736,0.8357850535950266,2.381381381381381,9.375015015145289,1.3463463463463456,0.6688741721854304,0.8370588553819835,0.8449877958926594,0.8891792221193041,0.22077284031490393,-0.5625352962441936
24,2.0,14.0,5,0.7631127420081633,0.9582664704834141,2,0.2962553299085888,181.8736447352369,0.23898743573301698,4.94007265214364,20.670846720420922,0.4200487250533189,0.41822849512039595,2.2540792362542255,0.5655228703340487,0.10193548387096774,0.3352688172043011,0.30404105195638226,0.28935483870967743,0.3811827956989247,0.7590973201692526,0.40569892473118274,0.33322580645161287,1.217489512746047,0.5084837663745303,0.5457024070386137,0.5399822571367432,0.5523865809418685,0.48646158590048866,0.5748080426261789,0.5247299873767992,0.5682850824708858,-1.8566195040394267,-1.716032379050537,-1.7376392785734822,-1.6907840417868067,-1.7617797491973133,-1.4586923966268448,-1.630493572926862,-1.4810705066005019,0.8432697634695396,2.1391391391391394,12.080421346773264,1.3023023023023015,0.7019867549668874,0.8757887524694212,0.8413060175861354,0.9046344047724421,0.22683146203151078,-0.5008258118738782
24,2.0,15.0,5,1.3519663507909148,4.473486538500069,3,0.313494080255066,170.1566533089059,2.0012499396015553,7.029714264736866,3.5126618248075836,0.43458903970257456,0.45647324404331224,9.05767746379294,0.5304059820386718,0.10193548387096774,0.3655913978494624,0.2788235294117647,0.25311827956989247,0.40408602150537637,0.6263970196913251,0.3272043010752688,0.35032258064516125,0.9340085942295888,0.4651187820604352,0.5137490697508741,0.4889731628874319,0.5580595402357507,0.5204782210137443,0.5914304735454872,0.5549269590495327,0.5834617324248436,-1.3834777952037756,-1.2576948719348275,-1.3217781035982021,-1.1430852166416303,-1.0424683728923358,-0.888219947708853,-0.9675776766568434,-0.9055437919096305,0.8376983960035882,2.469469469469469,9.375015015145289,1.39039039039039,0.6821192052980133,0.9278682452135706,0.8577744919748679,0.9459240213541524,0.22809372887539275,-0.5140866616756546
24,2.0,16.0,5,1.3394329562758625,4.230352097122703,4,0.23254916590060803,176.28763168808837,0.6209513604260304,7.053233984654456,11.358754379433652,0.32173528225521686,0.45812628296686975,3.8913681128450013,0.5049337355559869,0.10516129032258063,0.4052688172043011,0.25948527460864945,0.2595698924731183,0.431505376344086,0.6015449788188388,0.47021505376344086,0.3410752688172043,1.378625472887768,0.4221766093148122,0.4414754748761203,0.5161060106314943,0.507558762126522,0.5371029348802763,0.5195259948922545,0.5827149092454661,0.5860316117130031,-1.22294513737405,-1.1820996919048894,-1.0241464967366787,-1.0422364809179845,-0.7630140747647959,-0.7919869363634928,-0.6878298037013154,-0.6823627336867684,0.8040470834595924,2.447447447447446,18.124175473742394,1.5225225225225214,0.6788079470198676,0.89960121923945,0.8568921002117286,0.9636677025157434,0.208295347100845,-0.5175450103776789
24,2.0,17.0,5,0.5467453216121552,0.5465840344048276,1,0.2139882180379744,175.34720691051828,0.3145095419987076,6.082922069613866,19.340977799773277,0.26315182323205144,0.3681472020418336,2.5310525865770273,0.44585766962727214,0.10193548387096774,0.4317204301075269,0.23611457036114566,0.2532258064516129,0.4736559139784946,0.5346197502837685,0.4479569892473118,0.340752688172043,1.3146102871568317,0.5950108818276892,0.5759564664724532,0.5644092585515267,0.6215703703330234,0.7263608886194314,0.657742800989261,0.6541435550818439,0.6922831759284365,-0.9764442477356865,-1.0223851716586612,-1.0502259314368028,-0.9124083055087115,-0.5472436766605382,-0.6844711890972561,-0.6916692265183066,-0.6153947998355631,0.834391362531364,2.403403403403404,17.22805447131392,1.4784784784784788,0.6854304635761589,0.9458783718309335,0.8636495617835558,0.9643462913878085,0.21515104093938264,-0.5687708249840964
24,2.0,18.0,5,0.4910522967640372,0.8611962003215772,1,0.1832998483685382,177.5804510900022,0.06120325706450934,7.178751837445379,117.29362425726534,0.20047781569439238,0.35985429480156716,1.4314087914433213,0.3615335716248451,0.10193548387096774,0.24838709677419354,0.41038961038961036,0.2563440860215054,0.41634408602150536,0.615702479338843,0.47354838709677416,0.3923655913978495,1.2069060016442859,0.645866027605893,0.6675877921645534,0.6722053708829151,0.718206968817342,0.6499654551288343,0.6649365882501922,0.6888024406415153,0.7485466816132818,-1.1600641681069361,-1.0889084962514435,-1.0737823348770608,-0.923091326390582,-1.0727784859280958,-1.0268952730912897,-0.9537517123516763,-0.7706488234747946,0.8661394933188297,2.1391391391391394,7.65391938823014,1.1921921921921912,0.7052980132450332,0.9178348777469463,0.8604317753454175,0.9067377958590671,0.2076910448925142,-0.5794997777018025
24,2.0,19.0,5,0.8726787242622548,2.3716568941302105,3,0.3014689561291758,165.05082063400812,2.3722256227975382,8.623300580208708,3.635109787760976,0.36852634701128195,0.4398164784111783,3.988936747497875,0.4875891241164718,0.10838709677419356,0.2586021505376344,0.41912681912681915,0.25989247311827957,0.4306451612903226,0.6034956304619226,0.4021505376344086,0.37215053763440864,1.080612539728402,0.5819557318729189,0.6149265593615508,0.6367407664053044,0.6488729662898602,0.6058327700567239,0.5919097262123078,0.6254125064989879,0.6155146779937978,-1.2339717856693646,-1.1366493871266923,-1.0722587996433612,-1.0364472995294738,-1.09399908502798,-1.1326420671672806,-1.0396561256804755,-1.0671272458190018,0.8252500893816195,2.3373373373373365,9.862658461312831,1.3243243243243243,0.6854304635761589,0.9192138712320347,0.8495664412888684,0.9174686736472029,0.2344835445357738,-0.5428010001164023
24,3.0,0.0,5,1.685416926458661,6.8191929936607085,2,0.22210635207811358,100.44275531425916,0.11748164101982418,6.242533591698753,53.136247821439355,0.3798711539713705,0.5264086683838931,9.060564069284982,0.5344806864906573,0.10193548387096774,0.4482795698924732,0.22739266011033815,0.25311827956989247,0.47086021505376346,0.5375656542589632,0.4348387096774194,0.3865591397849462,1.1248956884561894,0.5801975124922881,0.6049636083430976,0.6128727767921576,0.6323801714634366,0.6944042656060918,0.6829381067672429,0.6607884874439074,0.6666675133760565,-1.3006496093675206,-1.2239182562849065,-1.1994137400902456,-1.1389751147509637,-0.8508228441437,-0.8827462932521157,-0.9444140457381145,-0.9280459849263165,0.836505128123658,2.3373373373373365,9.862658461312831,1.3023023023023015,0.6456953642384106,0.9067551811708633,0.8662653962494001,0.9532481188191712,0.20797748682857936,-0.5052531872378179
24,3.0,1.0,5,0.8447776097983898,2.4072370616886776,2,0.10444415347876734,93.43148896662422,0.4638027748558887,3.9808562286252602,8.583079801241333,0.19544872859324391,0.34728097795583857,1.8083026408604888,0.3515999558540316,0.10193548387096774,0.36172043010752686,0.28180737217598095,0.25311827956989247,0.4727956989247312,0.5353650216056401,0.5327956989247312,0.34279569892473116,1.55426599749059,0.46930335047602595,0.4507096447337222,0.6059133989107051,0.7111624842263728,0.5784730481910593,0.4976031456644459,0.6402170383508342,0.7455782262581228,-1.4230800596115747,-1.4729396769652778,-1.0567558402211883,-0.7745270476719373,-0.9936754242769172,-1.1843119526400865,-0.8481248601782947,-0.5997544472146452,0.835363939909427,2.3373373373373365,12.080421346773264,1.3683683683683687,0.652317880794702,0.9088811840391443,0.8638007088046378,0.9322621615658163,0.21237131148329078,-0.6038745895619515
24,3.0,2.0,5,0.7939896590649108,1.3011592239019105,2,0.27171529289858243,99.91221347932125,2.518318590313801,5.589983628373928,2.2197285323130522,0.3395854999109783,0.4732114160883095,2.1616125355878273,0.5286314567077586,0.10193548387096774,0.415483870967742,0.24534161490683226,0.24989247311827958,0.44451612903225807,0.5621673923560716,0.42118279569892464,0.3004301075268817,1.4019327129563348,0.22414739737165296,0.3585193546442814,0.45902993037495887,0.5092409922875047,0.260812672291837,0.3001229760551825,0.4985380488716198,0.5605034081450456,-2.3648721996674795,-1.9552937499820222,-1.648927997630588,-1.4958799263468172,-1.9479139925870328,-1.8443230787778353,-1.3214576532061666,-1.1581659058237719,0.8325569411510915,2.381381381381381,12.394604219396928,1.3023023023023015,0.6589403973509934,0.9134146874202496,0.8647746293706342,0.946427329886713,0.2114022070469059,-0.5390209941995718
24,3.0,3.0,5,0.6532570606555597,0.6962495609854185,2,0.1857481870641221,89.21851862756918,1.696554874845006,4.880332322120232,2.87661330292431,0.2240776783526366,0.4715754880817159,5.599167564461962,0.4948745767181669,0.10193548387096774,0.3150537634408602,0.3235494880546075,0.2629032258064516,0.37344086021505374,0.7040023034840196,0.4472043010752689,0.34322580645161294,1.3029448621553885,0.6124777672223812,0.5838346355932629,0.5681970602658557,0.652676230321008,0.6602289286893744,0.6080353821263271,0.5977616928756078,0.661591457293127,-1.3958302052865506,-1.4990009266548525,-1.5553264691224107,-1.2510379217652097,-1.156896917325263,-1.334612321082692,-1.3695935199760165,-1.1522576019904749,0.8327190664403781,2.1391391391391394,5.939826693920351,1.1481481481481488,0.6291390728476821,0.9201840632774205,0.8517184355103845,0.8967025580396601,0.22155759975312442,-0.5040114327146556
24,3.0,4.0,5,0.2908567609882023,0.5107469859024683,3,0.0544714435371888,100.16455045485603,0.13643416795550506,2.8747334267020848,21.070480142771967,0.0839526707447108,0.1776048714828491,3.0415440201463815,0.15438546946004517,0.11806451612903228,0.11526881720430107,1.0242537313432838,0.2724731182795699,0.5518279569892474,0.49376461418550266,0.516236559139785,0.49376344086021506,1.04551393728223,0.7596838705449654,0.7191277360410786,0.7928811859548393,0.8239047326639879,0.9768832587296069,0.9360795023220478,0.9484730508341598,0.9611394767754161,-0.6106970311152076,-0.7137592391792191,-0.526335228152671,-0.44749745761723103,-0.04440863551750662,-0.12279507956051683,-0.09898633540383872,-0.07465337746849299,0.8153666984602967,2.403403403403404,12.708787092020595,1.4564564564564557,0.6986754966887417,0.9314707868656853,0.8603336896885191,0.9582963581536277,0.21809678217863568,-0.5973819951459975
24,3.0,5.0,5,0.7342162119707394,1.290052131506358,1,0.18410162820079434,89.94447214563105,1.080275448322198,7.985254870632004,7.391869252452324,0.32457883225912465,0.40111222460058804,6.735586028105208,0.4943579196497283,0.10838709677419356,0.2851612903225807,0.38009049773755654,0.2664516129032258,0.3943010752688172,0.6757567493864194,0.44591397849462366,0.36376344086021506,1.225835057641147,0.5676325141892868,0.5422760346307247,0.5241022807165416,0.5809359883773879,0.6845330534527977,0.6494562073459675,0.6193797987630479,0.669389129558765,-0.9420962995176514,-0.9973461653028284,-1.036945411020375,-0.913109027776257,-0.5715630938966645,-0.635115332584077,-0.689607777295338,-0.5990008590550939,0.8057826876369257,2.271271271271271,21.102034285685964,1.4564564564564557,0.6688741721854304,0.9379453616737241,0.8487225274080644,0.9332245189801632,0.22835315000452022,-0.5649153157914324
24,3.0,6.0,5,0.8791754453699262,1.4026019761430257,2,0.19685893542821475,94.42143803239587,1.3287812336205014,7.126834276456037,5.3634368819596485,0.3879180929350272,0.5556395899008036,1.8233880361915065,0.5764389170816208,0.10193548387096774,0.3590322580645161,0.2839173405211141,0.26602150537634406,0.38451612903225807,0.6918344519015659,0.4112903225806452,0.28677419354838707,1.4341957255343085,0.5466083046331882,0.3767117754434313,0.45920809824012077,0.5057082960392161,0.6384096700494228,0.3449817139591812,0.4179239788029339,0.4881596148104061,-1.4963688765363146,-2.0570934798076985,-1.7848235394379537,-1.63135480710254,-1.110689072863219,-2.0120052793739553,-1.7879501268953908,-1.5722088667522882,0.8046428110865743,2.271271271271271,6.573820143409585,1.1921921921921912,0.6556291390728477,0.9361434034611635,0.8680008947336698,0.9424528480097376,0.21316155564024905,-0.5269545807040836
24,3.0,7.0,5,0.4510935177094546,0.8201755514980733,2,0.06913061774466644,92.9101742711369,1.8384592542486902,4.607264037855439,2.5060463141666176,0.2241366008131852,0.3301223146836437,1.4738408910887608,0.31148806716373445,0.10838709677419356,0.3823655913978495,0.28346456692913385,0.2725806451612903,0.42451612903225805,0.64209726443769,0.4796774193548387,0.37290322580645163,1.2863321799307958,0.28467591921229707,0.407762002304069,0.3940906031543562,0.5093193073559303,0.2805492133212556,0.4216631742710824,0.4119200306141289,0.5057888737817821,-1.7476227176679702,-1.4469086206350914,-1.4803094921813629,-1.1987919163039207,-1.509253420219789,-1.213226600668352,-1.2336656260474654,-1.0367489289973917,0.7806987692394836,2.601601601601601,12.080421346773264,1.3463463463463456,0.6920529801324503,0.9643171206522554,0.8857840258550091,0.9640129822691588,0.2149132257028406,-0.5795116810970375
24,3.0,8.0,5,1.856262884419677,8.150006705365056,3,0.2813949688248496,111.17584824743517,2.134577972607482,6.81141171083986,3.190987538637166,0.43206036669738523,0.5310208349065986,1.9025508534295037,0.5319148816977264,0.10193548387096774,0.3787096774193549,0.2691652470187393,0.25311827956989247,0.4510752688172043,0.5611442193087008,0.465268817204301,0.38354838709677425,1.213064199607513,0.4736041335023116,0.45724328858522967,0.4935710381576074,0.6022501514697403,0.5502336909664314,0.5210703787922354,0.5741150361341765,0.6444952950343474,-1.477724777812504,-1.523653759133686,-1.4216726854173598,-1.1165832483734297,-1.0616457258743377,-1.130483931627458,-1.0052752785637233,-0.8391470036205702,0.8160189375805577,2.2052052052052047,9.375015015145289,1.28028028028028,0.6423841059602649,0.9281059707718848,0.865210548640434,0.9548473201199155,0.20946042288296865,-0.48961149459309394
24,3.0,9.0,5,1.265128494984038,5.781952260831989,2,0.2594806878126307,101.74383364384002,0.5618828119540189,9.026331548691028,16.064437915978978,0.286963580299754,0.407792045845192,3.00227337835843,0.439236288293231,0.10193548387096774,0.1320430107526882,0.7719869706840389,0.24989247311827958,0.3524731182795699,0.7089688834655278,0.39193548387096777,0.4188172043010753,0.9358151476251605,0.66491173689548,0.7386353321602268,0.7669729016461696,0.7968137901534859,0.6830633302898454,0.8046377168382876,0.8557020379071599,0.8516570976877404,-0.99063676549264,-0.7726843272994319,-0.6889086739315875,-0.6006886897506032,-0.8654680475231049,-0.5334813857994103,-0.3940385807305402,-0.40508421491749047,0.8249525700157703,2.095095095095095,13.369837418249451,1.3683683683683687,0.6721854304635762,0.9196617642813957,0.8396849218153927,0.9211031715938596,0.22826197285988692,-0.5047114299573302
24,3.0,10.0,5,0.7463292853680488,1.5596802804405705,2,0.226321638832772,94.3248487244497,1.4907704161976403,5.749801648302011,3.8569330232400625,0.2952415610282859,0.308418930399181,10.697915230160742,0.3640715401947544,0.10193548387096774,0.3045161290322581,0.33474576271186435,0.2764516129032258,0.42365591397849467,0.6525380710659897,0.4160215053763441,0.3478494623655914,1.1959814528593509,0.46479295107225627,0.5034179340939702,0.5488243292759782,0.6114996987496957,0.5647363258538186,0.5859800601930087,0.6363834594598181,0.6949045740267513,-1.463896769219718,-1.3582498275922974,-1.2340543870762863,-1.0626248981223507,-0.9851171789161484,-0.9370369717108977,-0.8229607061210711,-0.6905118970117579,0.8202845676346091,2.2052052052052047,12.708787092020595,1.3463463463463456,0.6390728476821192,0.8554061112263147,0.8350257237757541,0.9358994466077455,0.2262288328885654,-0.5699613191753945
24,3.0,11.0,5,0.8054400783603256,1.9210896421525074,2,0.22343788880336324,99.06556094170234,0.02731722459869517,6.481874083247254,237.28157521378895,0.2549164545211615,0.3540801338894105,88.18255145644783,0.34183077463351497,0.10193548387096774,0.3291397849462366,0.309702711532179,0.24989247311827958,0.4470967741935484,0.5589225589225589,0.4509677419354839,0.39978494623655914,1.1280258203335127,0.4650185605579334,0.5150592313041074,0.4727852447522686,0.5635569104688121,0.5665018628090275,0.5607960070517714,0.5118420902341578,0.6251358597699572,-1.0905473906185286,-0.9885406313486109,-1.074715183073677,-0.8896792250178018,-0.7307529633015762,-0.740371392182966,-0.8228935917280369,-0.6319129375818364,0.8123686036172019,2.359359359359359,13.369837418249451,1.5005005005005003,0.6788079470198676,0.9644905299287149,0.8602029615251119,0.9696650840559979,0.23221435074521302,-0.5687762063879765
24,3.0,12.0,5,0.47497034719256925,0.6333246862520263,2,0.18952314648142254,95.37228748369807,0.183843435419421,5.940157876560691,32.3109599372357,0.2917480451978367,0.3565987262008061,2.7240608444584633,0.3842404872370164,0.11483870967741935,0.1313978494623656,0.8739770867430441,0.27623655913978495,0.30892473118279573,0.8941872607030977,0.37129032258064515,0.3949462365591398,0.9401034576640348,0.7335899662692166,0.7440197148570015,0.7589654602018842,0.8054281213244148,0.7502171941308065,0.7781698505945076,0.7979796976630713,0.8277086315082229,-0.9260007325153854,-0.8897485137194527,-0.8377993774818315,-0.6763022385356492,-0.8292061992982602,-0.7364115173508816,-0.6706485920796936,-0.5719571863316251,0.83200168978349,1.9629629629629635,8.911482322840202,1.2362362362362358,0.6192052980132451,0.9305795756345151,0.8433156827705772,0.8608234584920392,0.22884489762120933,-0.5845507350136642
24,3.0,13.0,5,0.06262572733106095,0.03289336123655673,1,0.04998327207627429,96.47196920920194,0.013496191050057003,2.633858587115154,195.1556981778225,0.10470185041058067,0.23378645957756228,1.819247496032367,0.2242123778184668,0.10193548387096774,0.10838709677419353,0.9404761904761906,0.25311827956989247,0.4324731182795699,0.5852809547488811,0.5551612903225807,0.42172043010752686,1.3164201937786844,0.7026662372902114,0.8015698200322001,0.7835754182829687,0.7514813248249588,0.7550324744558267,0.8836218996401928,0.8565972542425554,0.8102621600810689,-0.9152923922244707,-0.6108342102054882,-0.6662269744634033,-0.7650232877705117,-0.7013554531458328,-0.3331968804141976,-0.4105699215014238,-0.5432298358716823,0.8337669867325513,2.425425425425425,11.483124145435111,1.39039039039039,0.6423841059602649,0.8853500496094594,0.840141038464073,0.909062581660101,0.22738270335584537,-0.6389794464588698
24,3.0,14.0,5,0.8266891539137046,1.7324071887879873,2,0.12103441479975885,85.75164311769923,0.0037961200735804803,5.589726924872858,1472.4842250842337,0.1744720149590291,0.4497353523864913,2.756919785300509,0.42756437466149333,0.10193548387096774,0.3110752688172043,0.3276875216038714,0.25311827956989247,0.4102150537634408,0.617038007863696,0.5341935483870968,0.370752688172043,1.4408352668213458,0.5466433018699131,0.49025952906660725,0.5533913395930107,0.6368632221926355,0.709961986860037,0.6216883638281349,0.6377817293756818,0.7083905196380764,-1.2880985147579143,-1.4482987595187096,-1.2689256704953193,-1.0317614057031586,-0.702835278405076,-0.9167445372218237,-0.8777462523672572,-0.706643339943265,0.797648031390706,2.2272272272272264,15.566543592710588,1.3243243243243243,0.6920529801324503,0.9446427272784944,0.8691735733202608,0.9522273710534661,0.21530571157299427,-0.5763502455135614
24,3.0,15.0,5,0.843341813751058,2.2366491832867865,2,0.2342776024661969,102.7406681866324,0.2142994032778868,7.230390889981203,33.73966879695598,0.2969026798667337,0.42528903977479726,2.448005711294374,0.4369265826313762,0.10193548387096774,0.3648387096774194,0.2793987621573828,0.2694623655913978,0.4408602150537634,0.6112195121951219,0.47677419354838707,0.36,1.3243727598566308,0.4505548661723826,0.7391987319544413,0.6626430030852586,0.6123480534443947,0.5240483619050265,0.7899353614846899,0.683396219060987,0.6127233409381181,-1.5209091678431286,-0.7219192875408189,-0.9338318202389115,-1.0730523634660676,-1.1702188643852047,-0.5164844136576381,-0.778431435751427,-0.9521943321473731,0.7793852433098927,2.447447447447446,14.065272421052393,1.4344344344344344,0.6854304635761589,0.9274865102983199,0.8692797194048774,0.9434329611636756,0.21717452254435982,-0.5814184196436573
24,3.0,16.0,5,1.7991259874773247,10.831831852193822,2,0.12762996082450162,94.82456547789278,0.34881030144597963,4.730669676073964,13.562299210955512,0.18460246191714158,0.44575312668247147,1.8118013719461659,0.42671971785716667,0.10193548387096774,0.11806451612903227,0.8633879781420764,0.2532258064516129,0.3620430107526882,0.6994356994356994,0.4891397849462365,0.4387096774193548,1.114950980392157,0.703062018584281,0.7021861021927432,0.7450064368938561,0.8044266242581998,0.7707442016045665,0.7416050033172055,0.7707442016045665,0.842722105841671,-0.9745638752332009,-0.9774386724176072,-0.8369003986469816,-0.6418806581988772,-0.7204293949755902,-0.8119984420364101,-0.7204293949755902,-0.49424101342065274,0.8462336422680424,2.095095095095095,9.862658461312831,1.28028028028028,0.6490066225165563,0.9544266436056795,0.8368233243639461,0.8698200358717149,0.23293713334629051,-0.558127112434301
24,3.0,17.0,5,0.7105759492176645,1.1542537006892388,2,0.27826194002043836,104.94583650821207,0.6056302110648044,7.164423816781066,11.829700179891537,0.3390097729875603,0.4591208187175142,6.087623409671035,0.5118314861934345,0.10193548387096774,0.2386021505376344,0.427219468228932,0.3231182795698925,0.3403225806451613,0.9494470774091627,0.3781720430107527,0.36892473118279573,1.025065578548528,0.421890079084996,0.512908391592546,0.5523104033202101,0.6439349342176173,0.3900364023185974,0.49281431351813376,0.5751639612942152,0.6599062586706456,-2.1945587223340857,-1.8490447908495213,-1.6994711105058342,-1.3516559179514118,-2.1195501455564343,-1.7624092645743077,-1.4762541422132471,-1.181784850239504,0.8758217237280232,2.2052052052052047,10.375666787451848,1.3023023023023015,0.6721854304635762,0.8481796473875964,0.8235550027130143,0.8724935550453408,0.23786723812049188,-0.5348310022866474
24,3.0,18.0,5,1.1074362766391048,2.1291426489654466,1,0.1016001415400749,100.60769741767322,0.879551047907146,6.974601952266764,7.929729569264377,0.21427781769419318,0.5208382009041133,2.087712822734412,0.5807313340654678,0.10516129032258063,0.3554838709677419,0.2958257713248639,0.2694623655913978,0.39139784946236555,0.6884615384615385,0.47290322580645155,0.35677419354838713,1.3254972875226037,0.38490471542923,0.5879137844083364,0.5548596886128213,0.5971384853909586,0.4280180246194131,0.6068915429923171,0.5684843001066706,0.6197386530214213,-1.5045883351698985,-1.008006610709415,-1.0888604364678507,-0.9854420132526664,-1.26435470413848,-0.8689583732486836,-0.9538568146430038,-0.840560093759064,0.8140090117676358,2.491491491491491,14.796880626863963,1.4124124124124113,0.6854304635761589,0.9716347570037995,0.8709818783067124,0.9605695250341227,0.2216542914726951,-0.5269218698021345
24,3.0,19.0,5,1.075927557247744,5.329358678033115,2,0.151243789010441,75.90699272263254,1.3446769187898933,10.212327224023042,7.594632644704989,0.19798894096459285,0.38749166874593044,2.805808059749722,0.3933291197342257,0.10193548387096774,0.4982795698924732,0.2045748813120414,0.2595698924731183,0.5166666666666667,0.5023933402705515,0.5231182795698924,0.36709677419354836,1.4250146455770358,0.4486454518795242,0.36696404489691964,0.42250146441981906,0.5261275789381155,0.6124955757032572,0.4861754676665488,0.549548002776559,0.6016646241767033,-0.8688957099652047,-0.9976198210712927,-0.9100967821655889,-0.7467893665430081,-0.45276124464319345,-0.600354009401837,-0.5263093635254057,-0.4654161584618739,0.8053627623204588,2.7997997997997994,10.915359353313933,1.6546546546546546,0.6821192052980133,0.8859811570687741,0.8561831120696819,0.9602966411488391,0.2264908791678262,-0.596895895985331
24,4.0,0.0,5,1.5727461741728883,7.367756265515874,3,0.16329863539446687,282.09251222242995,0.33605990762769516,7.197130415494764,21.416212562517643,0.28830283847182414,0.4217553219805432,2.2487854890851913,0.42577424748054404,0.10516129032258063,0.16860215053763442,0.6237244897959183,0.26924731182795697,0.4752688172043011,0.5665158371040724,0.5263440860215053,0.44483870967741934,1.1832245588590764,0.6374271227822964,0.5550836087486553,0.7237199828189717,0.7670083263025689,0.7730813303176227,0.6211775994419448,0.8485153980519038,0.8274066865114502,-0.9535825848481443,-1.1701496418222694,-0.7266285745008583,-0.6127783306832622,-0.5105698739725457,-0.8523551877931896,-0.34084226843776233,-0.38833713611884657,0.8137693387175627,2.535535535535535,11.483124145435111,1.3683683683683687,0.6821192052980133,0.9377165922200831,0.8442633795419182,0.9519488223714878,0.23864368238225686,-0.5300338844717386
24,4.0,1.0,5,1.0492976551914035,1.8174052897593596,3,0.10106848188405293,248.7868545718431,1.0204105756861133,5.055022982873349,4.953910811316715,0.16488574958208024,0.6142557403140569,1.679161069955378,0.6441291794468755,0.11161290322580646,0.40559139784946235,0.27518557794273596,0.2789247311827957,0.38494623655913973,0.7245810055865923,0.5020430107526882,0.30096774193548387,1.6680957484816006,0.4952459171263509,0.48129041319424853,0.5259535382521237,0.5535475666881707,0.4364943813368862,0.49166375295763887,0.5956432593692814,0.6021192839988587,-1.2425758943498277,-1.2769307878869156,-1.166981558259506,-1.099052093741992,-1.2020714290664496,-1.0843840037978412,-0.8625746912972825,-0.8487600212685895,0.7887426131136588,2.3373373373373365,14.796880626863963,1.4784784784784788,0.6887417218543046,0.949172646558945,0.8745190990148222,0.9606513385628763,0.2153563324088037,-0.5269029050906621
24,4.0,2.0,5,1.5513766437991527,5.5936807601347756,4,0.261494623673467,265.5475820243087,0.6505827494256613,10.138268769293946,15.583365495387136,0.40638225761607627,0.6130583158355778,2.1759232770355137,0.6027584046636654,0.10193548387096774,0.37236559139784947,0.27375108287611893,0.2661290322580645,0.374516129032258,0.7105943152454781,0.4703225806451613,0.3263440860215054,1.441186161449753,0.34909910833785285,0.4123465309638759,0.49160177931214477,0.5259446421619131,0.40750768438236445,0.4693202831660396,0.4634346557616404,0.4867744366861206,-2.1708479421084945,-1.959908705413402,-1.6955810712342787,-1.5810426920454685,-1.8356319712365967,-1.6441270697185844,-1.6623616451713294,-1.5900514279122708,0.8346466453996044,2.3373373373373365,9.375015015145289,1.3243243243243243,0.6324503311258278,0.9313073731735019,0.8730022587797407,0.9445977337576565,0.2109502118343443,-0.5181642490726566
24,4.0,3.0,5,0.021570150853961367,-0.12937384220336146,1,0.06235034173261078,282.62102720154496,0.5262067784957505,2.7601754318575322,5.245419756370209,0.11649990219829454,0.3099443322097071,3.548776845419518,0.300907474934901,0.10838709677419356,0.19172043010752687,0.5653393157599552,0.2563440860215054,0.39978494623655914,0.6412049488972567,0.4338709677419355,0.42881720430107534,1.0117853560682044,0.5127542144189152,0.6096619793303866,0.656323978091428,0.6805011415826259,0.5753202828158386,0.6643953905384931,0.7204647219695214,0.741828580612765,-1.7307133377565158,-1.3864937134360393,-1.220748732130967,-1.134870638237484,-1.3317388200816023,-1.0524111902061963,-0.8765852624274473,-0.8095910577345831,0.848644315426985,2.095095095095095,10.375666787451848,1.2582582582582587,0.6788079470198676,0.9380418571626024,0.8567069797280801,0.9380939172018914,0.21355815903149503,-0.6253061175707535
24,4.0,4.0,5,0.7043241046701727,2.4706250997343027,3,0.20515798733236523,281.2679705590948,0.831969968083241,3.7683379187606203,4.529415800239063,0.28679098717121365,0.31260940398888937,4.704506286186558,0.3565179002576163,0.10193548387096774,0.45494623655913974,0.22406050579059325,0.24989247311827958,0.48784946236559135,0.5122327529204321,0.4058064516129033,0.36709677419354836,1.1054481546572938,0.32770327119150605,0.4211290912572909,0.6024128485437347,0.5579079695661561,0.4663715883735902,0.47515035577871045,0.6345661657206727,0.6523224635408905,-1.584025597879093,-1.3639012329289184,-0.936771217689434,-1.0416309686150955,-0.9421767388643707,-0.926676907399633,-0.6452116318218908,-0.6138610320223628,0.8248236378698836,2.469469469469469,14.065272421052393,1.4784784784784788,0.6655629139072847,0.8663925701248375,0.8445124281642342,0.940250249985651,0.21450585973809572,-0.5753402636600925
24,4.0,5.0,5,0.8881087464437678,1.6849389080221053,2,0.14473414972761856,277.05388277063554,2.8501910964325625,3.7955929569504,1.3316977102697247,0.2768625929362103,0.4093684399929758,5.743140270450944,0.5234655572439444,0.10516129032258063,0.33870967741935487,0.3104761904761904,0.2627956989247312,0.4774193548387097,0.5504504504504505,0.4467741935483871,0.34634408602150535,1.289972058366967,0.5021000989161092,0.451123220013256,0.5897519538864708,0.6719850882951649,0.5645808564267227,0.4944228397146951,0.6148179320195511,0.658376985966872,-1.5654772052766477,-1.7257566946777088,-1.2898857045400445,-1.031331530990267,-1.2210866202070325,-1.4178373069229946,-1.080202091471542,-0.9580453632959043,0.8077031855831842,2.359359359359359,9.375015015145289,1.4124124124124113,0.6754966887417219,0.8949573363340573,0.84035483427446,0.9136152015196712,0.24095801544073836,-0.5255315740023192
24,4.0,6.0,5,0.6823458312481504,1.7344528091689844,2,0.054583020675039506,278.7761470561271,0.5951146562338525,4.276183069685341,7.185477663660494,0.1385685708723441,0.354128278563688,2.7698447655230827,0.35868388163138065,0.10193548387096774,0.5019354838709678,0.2030848329048843,0.25311827956989247,0.4647311827956989,0.5446552521980564,0.5110752688172043,0.36043010752688176,1.4179594272076372,0.36336526000974323,0.4586276229374135,0.47650118709376815,0.47305351249355865,0.39033758302877913,0.4860465896623175,0.507282321006225,0.4732763143061976,-1.684309106602938,-1.432278773796964,-1.3849916796675097,-1.3941130005144138,-1.3653849099400694,-1.1510373796264926,-1.1034783595501718,-1.1796373732978243,0.7881992971215458,2.6676676676676663,10.915359353313933,1.5005005005005003,0.6490066225165563,0.90012446460758,0.8554816108519044,0.9553373294817991,0.22598831896379454,-0.5849644200699462
24,4.0,7.0,5,0.691447439281335,0.9289638880333388,1,0.19682515421328506,268.89122312656986,2.6491219741279486,7.438363256207525,2.8078598603056486,0.37483877479207417,0.4427381796546047,2.98529505640192,0.5191199150915864,0.10193548387096774,0.33569892473118274,0.30365150544522745,0.2563440860215054,0.3786021505376344,0.6770803748934962,0.4078494623655914,0.31483870967741934,1.2954234972677596,0.46452549615435135,0.4803616462665253,0.5230113389897783,0.5316319842274715,0.5437699497106405,0.5611994155572566,0.6119047899097942,0.6133666947766049,-1.1736202975642722,-1.1389115914103012,-1.0454346009926263,-1.0265403975218783,-0.8392193822258143,-0.8071584832318837,-0.7138877025968147,-0.7111985792073765,0.8209745779792452,2.3153153153153148,20.0586777950823,1.4564564564564557,0.6423841059602649,0.9631980751985633,0.8753181249125864,0.959359822812607,0.20832637702576787,-0.5417854598954903
24,4.0,8.0,5,0.954812844204728,2.467151277849763,2,0.18829633023320458,281.52749665163634,0.10737760489959476,5.719680722301721,53.26697990377048,0.203617886145524,0.47474974960314276,2.1118385614628523,0.4580478726950049,0.10193548387096774,0.4623655913978494,0.22046511627906978,0.2595698924731183,0.5033333333333333,0.5157017731254007,0.5098924731182797,0.38290322580645164,1.3316484133670319,0.30719627826724755,0.3848321286212175,0.49602134071953746,0.580923323213854,0.28810242534034874,0.31647283672689475,0.5036062732309172,0.5808712887553531,-1.7841288429911981,-1.5841986816458797,-1.297860900668136,-1.0792187787459397,-1.535742376638631,-1.4745402535244738,-1.0708462970411432,-0.9041661975489554,0.7991867825539221,2.513513513513514,10.915359353313933,1.4564564564564557,0.6721854304635762,0.940902487985367,0.8742673469499099,0.9693510743759511,0.21287515073735483,-0.555018708949958
24,4.0,9.0,5,2.067276739861803,10.70801536122033,4,0.2518338285916045,283.0777240921597,0.1682644952793797,9.043261832238992,53.744325665517955,0.4460206430418938,0.5189637367729774,3.6824459791310233,0.5117351592633472,0.10193548387096774,0.4349462365591398,0.23436341161928306,0.26602150537634406,0.5096774193548387,0.5219409282700421,0.4946236559139785,0.3996774193548387,1.2375571697605596,0.5852766309610421,0.6189142263765244,0.6095016691976848,0.634997870988531,0.609375971428168,0.725791045159634,0.7211617430345616,0.772034597289285,-0.8998752270315031,-0.8268876862487278,-0.847311244843661,-0.7919890660425346,-0.6698458206896847,-0.470216138692372,-0.4781545102578053,-0.39091725316004977,0.7724646492207241,2.623623623623624,16.37624074521689,1.5005005005005003,0.6622516556291391,0.9203634423917386,0.8631563682807538,0.9583470732320951,0.21819108488941266,-0.48190516957413415
24,4.0,10.0,5,1.0646959608104194,2.0128699017762965,2,0.16227715234549145,284.1959924694691,0.1372474548878487,9.598415161058924,69.93510494531382,0.3230133642895292,0.4527029156610958,2.3156511416792087,0.5460226610646345,0.11483870967741935,0.4188172043010752,0.2741976893453145,0.2627956989247312,0.5005376344086022,0.5250268528464017,0.4046236559139785,0.33408602150537636,1.2111361441905373,0.4405149345201838,0.345980602234689,0.41139047444018395,0.512282155061565,0.39296131760868863,0.3955133654177462,0.4212640583469706,0.5923665456812194,-1.203333495912907,-1.4066567579115792,-1.26597402115121,-1.048977453697642,-0.9385981096930626,-0.934652154815868,-0.8948366497949273,-0.6302794216738652,0.8200460048649206,2.6456456456456454,18.124175473742394,1.7207207207207202,0.5761589403973509,0.9090007037454204,0.8666312087932604,0.9657264142699771,0.21744083702941372,-0.5023783408581658
24,4.0,11.0,5,0.6528437311344304,1.691561055995205,2,0.16889224390353497,273.31435984894114,0.08874358224455761,5.716865413634098,64.42004333203145,0.2271617634389742,0.3363716119533017,6.107163548539305,0.35614770457733147,0.10193548387096774,0.2282795698924731,0.4465379180405087,0.24989247311827958,0.45258064516129026,0.5521501544309814,0.4640860215053763,0.4187096774193549,1.1083718541345657,0.6233168195254483,0.639400968411322,0.6075951804816325,0.6693225516903819,0.7054967931211007,0.7667670293954673,0.7119098609665712,0.7690075970740683,-0.9925785357230241,-0.9501960196537405,-1.034005820693957,-0.8713511896822299,-0.6568809374667168,-0.5202194366659363,-0.6425767739806381,-0.5152219148637975,0.8255476697438058,2.1611611611611603,8.470868266557403,1.3683683683683687,0.652317880794702,0.8637605723155691,0.8289379876204088,0.8799724440945311,0.22871690146374543,-0.5857896107596463
24,4.0,12.0,5,1.8332371580145466,11.003285788385758,3,0.19784062760812604,276.806613755759,1.9722380910585535,8.399975195396358,4.259108083085376,0.3965868899812759,0.5319528489269942,3.1082602041073173,0.5293062008425728,0.10193548387096774,0.11161290322580646,0.9132947976878611,0.2789247311827957,0.3451612903225807,0.8080996884735202,0.4273118279569893,0.39129032258064517,1.092058257763122,0.6939533032354549,0.7728589566522319,0.77305638704091,0.7749160240484515,0.799790236554809,0.8635719792093811,0.8598533812962423,0.8282944957435224,-1.0174352526539003,-0.7551177884608999,-0.7544614420944473,-0.7482791821040111,-0.6109498797067485,-0.4163167742490055,-0.4276642575515961,-0.523967739461416,0.8613827724217193,2.1611611611611603,8.691175294698802,1.28028028028028,0.6920529801324503,0.9176393083626452,0.8422017558030345,0.8932667244512839,0.23574748142431437,-0.5328423759034784
24,4.0,13.0,5,0.80506206720525,2.3742630290191045,3,0.20401371790686929,286.5217611891319,0.7696670195428409,5.071886884612998,6.589715754776067,0.255463802682775,0.3921949836281362,5.544722654481817,0.40963747557958896,0.10193548387096774,0.4383870967741935,0.23252391464311994,0.2631182795698924,0.45129032258064516,0.5830355015487252,0.43430107526881717,0.3772043010752688,1.1513683010262257,0.627903179199824,0.5523760414691651,0.522375891457319,0.5429939609801895,0.719389205744251,0.6487983518589967,0.6349380205722496,0.5944431630470474,-0.9739577214725619,-1.1716488460978922,-1.250173778631685,-1.1962062978817172,-0.6188551320230178,-0.7745352166635311,-0.8051025979757591,-0.8944093919872973,0.7901577128073402,2.513513513513514,7.65391938823014,1.4344344344344344,0.652317880794702,0.9320546143146882,0.8608430717907944,0.9520824842558385,0.2228823272220505,-0.5408809303114209
24,4.0,14.0,5,1.2298730769644093,3.019591687058079,2,0.18389126036393955,281.84036723289637,0.1437690234364554,7.290640621273696,50.71078906295899,0.3381390729622692,0.5183040937512143,1.4983056294253339,0.5616862203596719,0.10193548387096774,0.24172043010752692,0.4217081850533807,0.25311827956989247,0.43666666666666665,0.5796601822211278,0.49688172043010753,0.38666666666666666,1.2850389321468298,0.7373936281804621,0.6281356772715025,0.6466150873687102,0.7360795636546206,0.757092577884126,0.6804677930841618,0.6868429171806634,0.7850549198505015,-0.9293691613958193,-1.3160352179295272,-1.2506362188643658,-0.9340196618308987,-0.7843765635725228,-1.0318069832046128,-1.0112209595763315,-0.6940828808600914,0.8702706883410627,2.0070070070070063,8.911482322840202,1.28028028028028,0.6655629139072847,0.9258301072928088,0.8546237388050595,0.9201384765231316,0.21783902582622985,-0.517496486499919
24,4.0,15.0,5,1.0692769477751973,3.8624425505034123,3,0.24052915738463487,287.8151637580004,2.105140032655486,4.582128606580777,2.1766383877089375,0.2677553880136443,0.396860708293995,1.6197539640240164,0.4155932614111769,0.10193548387096774,0.20827956989247315,0.4894166236448115,0.2595698924731183,0.44666666666666666,0.581126624939817,0.4706451612903225,0.4150537634408602,1.1339378238341968,0.6558195298074125,0.6831897811704188,0.6676111928700134,0.6828571861808805,0.7849291117723609,0.783256628216956,0.7551239182119934,0.7696935929775766,-0.9867291538878813,-0.9082615262679701,-0.9529236979589595,-0.9092150410691755,-0.5456434963124905,-0.5498866543810546,-0.6212604715180614,-0.5842966204606637,0.847049497928495,2.183183183183184,14.065272421052393,1.39039039039039,0.6655629139072847,0.9264088935136257,0.8504444726827536,0.9343012938165722,0.23166894994713289,-0.578875916012884
24,4.0,16.0,5,1.3284222608648213,6.0682259153774325,3,0.22325115589219935,285.02939381548464,1.6906688421176033,5.2056969001607065,3.079075434808656,0.3030268865867457,0.4017498860527702,2.7011695993241536,0.37769026362181835,0.10516129032258063,0.337741935483871,0.31136580706781275,0.25311827956989247,0.43075268817204304,0.5876185721417873,0.5605376344086022,0.3931182795698925,1.4258752735229758,0.6809631955822064,0.620828856998833,0.6477997298018472,0.6897256391544331,0.7830698081028963,0.6839368755069489,0.7081112280918699,0.7477953473174928,-0.8158548619614079,-0.9696330211728801,-0.9006619262929734,-0.7934471582354712,-0.48999779976751023,-0.7139173862101185,-0.65931281746003,-0.5696750822226493,0.848147808745952,2.2492492492492495,12.708787092020595,1.3243243243243243,0.695364238410596,0.8939625500167321,0.8434259361589408,0.9241916348330852,0.22031877708397152,-0.5565261101272145
24,4.0,17.0,5,0.9662706642117227,1.7206312190348054,2,0.19134976052574204,280.63095568879316,0.2726847546684497,4.537659746961151,16.640680013366985,0.28417896194264325,0.41344000283147386,14.812873302465608,0.4316456486507354,0.10193548387096774,0.3288172043010753,0.3100065402223675,0.2563440860215054,0.3965591397849463,0.6464208242950108,0.47279569892473117,0.40516129032258064,1.166932059447983,0.9319397501769149,0.606581830788273,0.5588649031058762,0.6371969331617698,1.0229877394234193,0.4255259216231818,0.46859939555808316,0.5615053590963279,-0.20659309352772404,-1.1941989169704181,-1.3390409904151934,-1.1012684807106417,0.06581317490350447,-1.6447012166505282,-1.5213832156255478,-1.2553963643176773,0.8651305676309569,2.491491491491491,12.080421346773264,1.3023023023023015,0.6821192052980133,0.9293459574748819,0.8652812943950949,0.9442041214231496,0.21280623728055353,-0.5275777546620306
24,4.0,18.0,5,0.7837975392197463,2.2607052117853623,4,0.20422764304017016,280.99282732631383,0.6581816921797725,5.5976538525020105,8.504724332218428,0.36084863056244176,0.5599187886690633,1.609128538513209,0.5894913676937474,0.11161290322580646,0.23236559139784946,0.48033317908375756,0.3289247311827957,0.3075268817204301,1.0695804195804197,0.3367741935483871,0.278494623655914,1.2092664092664094,0.4222780961905109,0.5032227805332747,0.5006700395994401,0.599881649539909,0.4238840970305675,0.5159495822903583,0.5051103575074046,0.5854992826783674,-2.3097098346100116,-1.986096116222182,-1.9963018757774469,-1.599657695115468,-2.2388568144088965,-1.881079086032805,-1.9232016383580322,-1.6108004496486727,0.8554088488032101,2.0730730730730733,6.915758828738525,1.1261261261261257,0.6556291390728477,0.9437920876448088,0.8614694724215123,0.8908612888467555,0.2110834192393152,-0.5181183083293555
24,4.0,19.0,5,0.7422877593227436,0.5961486903193891,1,0.2401526679803665,258.66454586055306,1.9588238189928153,7.519298009261749,3.8386800979007947,0.34173787640060915,0.4693132394116919,1.4455827574695148,0.46881505041708527,0.10516129032258063,0.4456989247311828,0.2359469240048251,0.2627956989247312,0.4516129032258064,0.581904761904762,0.44365591397849463,0.35043010752688175,1.2660325253145135,0.35910925478142297,0.48858063345777186,0.4214266567884538,0.4536284805345161,0.38712700876424533,0.438186196824857,0.39005931665508375,0.440279949850368,-1.4559587227264648,-1.161829053147664,-1.3143876894314777,-1.2412324339989942,-1.072491814391121,-0.9831412278461871,-1.0673604474436926,-0.9794772827656746,0.7871563901837009,2.623623623623624,14.065272421052393,1.5005005005005003,0.6688741721854304,0.8848558490720152,0.8571373430214978,0.9437430538031625,0.2180428299875098,-0.5573504145613419
24,5.0,0.0,5,0.9451114456862221,2.466095428913536,2,0.26630334471905837,-47.620478621251024,1.283923515209537,7.8085449918827425,6.081783610457811,0.32101128714726346,0.3830482089388688,2.19731183618896,0.39543793266802263,0.10193548387096774,0.4318279569892473,0.23605577689243026,0.24989247311827958,0.5167741935483872,0.4835622138992925,0.5366666666666666,0.43193548387096775,1.2424695046054268,0.5662692425575685,0.5833977538198949,0.6051984822262634,0.6391771839834229,0.5255020396196428,0.6265539673782696,0.6311922280737533,0.693923592262229,-1.0263516550594616,-0.9858198837217402,-0.9342320880733119,-0.8538271451753869,-0.9436097417469214,-0.7426529591742186,-0.733429088172725,-0.6086784436939376,0.7981723198285725,2.491491491491491,14.065272421052393,1.4124124124124113,0.6556291390728477,0.9354396277015864,0.8561248378647378,0.9546631329598596,0.22401564621143585,-0.5337445749130514
24,5.0,1.0,5,0.5128762706844758,1.6187949045203167,2,0.05258338585057687,-58.5369727044725,0.37969437830352637,2.8492905447279964,7.504168372096053,0.17572149420567762,0.24676982531550273,2.011240510006708,0.2922429076876485,0.10193548387096774,0.10193548387096774,1.0,0.26924731182795697,0.37666666666666665,0.7148158721096203,0.5233333333333333,0.43107526881720426,1.2140184584684461,0.7213509745769324,0.680061161676621,0.8168077502012784,0.7927827406138103,0.8068866440683787,0.7349601549157921,0.8595540583752194,0.8270151210617568,-0.910541974547157,-1.0454647782779465,-0.5986176789967534,-0.6771242506062323,-0.6006052348573676,-0.824305070125372,-0.4368033860080791,-0.538003305572841,0.8604420978342537,2.0510510510510502,10.375666787451848,1.2582582582582587,0.6589403973509934,0.8557474541534497,0.8331780971384155,0.8713270290939801,0.22994439508978948,-0.6171479238329849
24,5.0,2.0,5,0.545525185430151,0.6994410811066096,1,0.10635175090003324,-50.98866996094742,0.24627612679180771,6.168629034255187,25.047612672055326,0.22330088610025667,0.433657981752287,1.7766390377550902,0.436408388621362,0.10516129032258063,0.3688172043010753,0.2851311953352769,0.2564516129032258,0.46311827956989243,0.5537497097747853,0.5094623655913979,0.35279569892473117,1.444071929289851,0.6144540049791413,0.6254046331004157,0.65680526538216,0.6749070242156123,0.7289660130120884,0.6752213337158834,0.6490005378360331,0.7096841245886775,-1.079312892755912,-1.0486572660143412,-0.9607530789651657,-0.9100782906316847,-0.6866277508482941,-0.8227825876469055,-0.8892094085062279,-0.7354757932189542,0.8247163675031346,2.447447447447446,9.375015015145289,1.39039039039039,0.6622516556291391,0.949453449011135,0.8652946102716266,0.9474167768101209,0.22167960344684862,-0.5845288052052551
24,5.0,3.0,5,1.0878989023860264,3.044675042122619,2,0.0077189371536804385,-56.03548743243112,0.17723262441499685,2.0938100499386203,11.813908736327717,0.06961001393569233,0.40931501772669565,2.299143095539019,0.4018036883720325,0.10516129032258063,0.10526881720430108,0.9989785495403471,0.25311827956989247,0.23989247311827958,1.0551322277005826,0.6143010752688172,0.42827956989247307,1.43434597037409,0.6221094499215335,0.683204028537855,0.7360917697341591,0.795705461162409,0.6125655947400153,0.6703422828011936,0.7438900665628027,0.7995723151616309,-1.461876491173633,-1.2255309985466951,-1.020933806290635,-0.790317152783576,-1.4323855178637834,-1.2187790592596985,-0.9468652103581987,-0.7410021135030518,0.8706394556588422,1.8528528528528534,7.65391938823014,1.1481481481481488,0.6688741721854304,0.9258109672624234,0.8447779591581586,0.8387407573604123,0.21593707354823635,-0.5724426408157567
24,5.0,4.0,5,0.6545651721710305,0.564952623372915,1,0.24962132197948694,-49.67802639717863,0.15759306873190268,5.630102630790668,35.72557267965001,0.28356772168774347,0.3200597160937445,6.722151034828652,0.4172494597725356,0.11483870967741935,0.4293548387096774,0.2674680691209617,0.2627956989247312,0.48462365591397844,0.5422675837585978,0.38247311827956987,0.3764516129032258,1.0159954298771778,0.31820927330200327,0.370050631651474,0.37945926081806675,0.4747637696271664,0.3164218924801257,0.3369973744848651,0.3728876882048803,0.4514675520417691,-1.3440656570252087,-1.2418668639901065,-1.2233189212749738,-1.0354379304754202,-1.0115206032334567,-0.9810741571868388,-0.9279656807963009,-0.8116875987514021,0.8254912935145916,2.711711711711711,17.22805447131392,1.588588588588589,0.6390728476821192,0.9017810746308592,0.8732560412629263,0.9667125684128361,0.21422165994516834,-0.5369480414588695
24,5.0,5.0,5,1.0456555626713526,1.4426405115446936,2,0.16877213435072136,-51.26016416446232,0.602430334575674,8.143672320558723,13.51803163480268,0.2772064434617483,0.5226072116927134,1.984746183685875,0.6138834059638256,0.10516129032258063,0.33172043010752683,0.31701782820097246,0.2726881720430107,0.4204301075268817,0.6485933503836316,0.5067741935483872,0.34956989247311826,1.4497077822208553,0.5607215713899234,0.4149602119103494,0.5677515546434555,0.5926530842761532,0.6728042957311395,0.3955121146767329,0.6175753760366272,0.6276253306219416,-1.14032929934481,-1.5187133448642187,-1.1220800629703513,-1.0574378178946806,-0.7549978507442323,-1.3948442729094452,-0.8824375301906933,-0.859247451552758,0.8408689922615736,2.3373373373373365,8.470868266557403,1.39039039039039,0.6324503311258278,0.9053985944017019,0.8597371161600909,0.9363723480943538,0.22079256010104806,-0.5291269281277126
24,5.0,6.0,5,1.0548752544570872,2.0439191197827116,2,0.25075059055570514,-42.675065124907704,0.12693947198702357,6.727738315028308,52.999576961499045,0.30873952202537036,0.4127343875272552,1.6985460609210892,0.4741216218706319,0.11483870967741935,0.4019354838709678,0.2857142857142857,0.2724731182795699,0.4408602150537635,0.6180487804878048,0.4736559139784946,0.35989247311827954,1.316103973707798,0.4938846991794311,0.43652012321320444,0.44955625580954034,0.575295743344813,0.5265100672717681,0.4689563783668761,0.48568535768134535,0.577310669989367,-1.330219915469608,-1.4809908984235436,-1.446728106580986,-1.1162477393421764,-1.064374721192719,-1.193751688573602,-1.1561460258912297,-0.9501782544538975,0.8071697984770894,2.447447447447446,8.470868266557403,1.39039039039039,0.6490066225165563,0.9360658987445105,0.8499877996122538,0.9465733969292714,0.22921626902227743,-0.5124999626391807
24,5.0,7.0,5,0.9312310875497154,2.848581938611713,2,0.2364420854084518,-50.25664169820121,1.0200711722760596,6.533605477537105,6.405048642791103,0.27810266477260515,0.42202563807232707,1.7796748201085169,0.44538756711100325,0.10516129032258063,0.42516129032258065,0.24734446130500756,0.24989247311827958,0.48430107526881716,0.5159857904085259,0.4353763440860215,0.3603225806451613,1.2082960310355118,0.46754325044371914,0.44449135891531244,0.5116647763596126,0.574223383295741,0.6198323022507465,0.5674798627114672,0.6265084846808275,0.6566078814317983,-1.4943102368037513,-1.5590040875574391,-1.3704856296512173,-1.1949183806253738,-0.8453179259672976,-0.961725647803414,-0.830473170038303,-0.7635459697921128,0.7947660337522603,2.293293293293294,9.375015015145289,1.39039039039039,0.6688741721854304,0.9374868711826054,0.8644008888989161,0.9604320398709866,0.21077236648311504,-0.5730116862211816
24,5.0,8.0,5,2.168101331503584,11.984094959380597,3,0.1358165022407234,-71.62481793977148,1.3868059258503695,8.44590557184057,6.090185666506769,0.3223762569595148,0.5475304625457319,1.2210330361796389,0.5866753151828707,0.10516129032258063,0.348494623655914,0.3017587164455415,0.2627956989247312,0.4743010752688172,0.5540693720244843,0.4398924731182795,0.376989247311828,1.1668568168853393,0.4605954939104616,0.49613612866937973,0.6607821283034953,0.650160404389614,0.4913391003125674,0.530801008294738,0.6685740892125294,0.681103119749006,-1.4626507201756709,-1.366278638669546,-0.9198240999695901,-0.9486259953129834,-1.193862528357301,-1.1012426842404301,-0.77787967594716,-0.7484731694055029,0.8102286756637855,2.425425425425425,14.065272421052393,1.4124124124124113,0.7052980132450332,0.9562705464468352,0.864829631069369,0.9638446353789216,0.23427476886321208,-0.5146463126210694
24,5.0,9.0,5,1.0335052653169488,3.1882392069302243,2,0.16318567712601018,-41.79023988272395,1.3935231013143443,3.6464016634621004,2.616678302658122,0.30080613689690694,0.4957933150944679,1.367505725066853,0.50128492080146,0.10193548387096774,0.2520430107526882,0.4044368600682593,0.2629032258064516,0.343978494623656,0.7643013441700529,0.4429032258064516,0.35236559139784945,1.2569423252975283,0.5886727210525257,0.5323963167524981,0.571931361437416,0.6171058160550431,0.7069420501059583,0.5805743734588483,0.6119470751762033,0.6403107572782998,-1.3045901715313755,-1.4830797774889646,-1.3576880678533294,-1.2144100687640147,-0.8286110420921393,-1.1859112015697555,-1.0972059913112984,-1.0170086781427394,0.8236966418142564,2.1171171171171164,10.375666787451848,1.2142142142142145,0.6788079470198676,0.929860943678765,0.8619220283637022,0.9282347591434226,0.2150064900152531,-0.5318527121152663
24,5.0,10.0,5,1.3906545786828606,7.997624722546282,2,0.26850215944878497,-47.02251944530974,1.2416510966319236,5.066833259988647,4.080722252598038,0.3969250216437933,0.4584160341707999,4.185792919852349,0.4452979509666898,0.10193548387096774,0.4054838709677419,0.25139220365950676,0.2661290322580645,0.4504301075268818,0.5908331343996179,0.46419354838709675,0.37548387096774194,1.2362542955326459,0.2722846606835829,0.38028156926652984,0.5114711199982979,0.5414924030281512,0.3323411879154013,0.3758962711917021,0.4873186030202425,0.5902390735452706,-2.1072115444120594,-1.7944899069369298,-1.41461041165531,-1.3276791752765449,-1.6259538094644117,-1.5198838343621173,-1.2485363113205619,-0.99789342592293,0.8377581981412321,2.491491491491491,13.369837418249451,1.4124124124124113,0.6390728476821192,0.8841579343621654,0.8445763821868204,0.929228560042524,0.21833076550682118,-0.5179786575072829
24,5.0,11.0,5,0.5945786001017319,0.9092391998805507,2,0.10100504827509771,-54.79435109103921,0.39813184334298585,4.190171950041854,10.524583803340922,0.1550169928872166,0.24616597285771047,220.37826414488237,0.3345208619507335,0.10516129032258063,0.3889247311827957,0.2703898258225048,0.2563440860215054,0.4864516129032258,0.5269672855879752,0.5365591397849462,0.4021505376344086,1.334224598930481,0.3816289285790779,0.5248797892613579,0.4809129053664667,0.6544340154430011,0.4060550086259123,0.5189467521387048,0.5056895032034722,0.6654347541133783,-1.4343834653375875,-1.1020964689781252,-1.2040827587577148,-0.8015804059085108,-1.189548847668922,-0.9634500584590016,-0.9900015833025428,-0.6700649193013186,0.7927550035482293,2.469469469469469,9.375015015145289,1.5005005005005003,0.6556291390728477,0.8732773422062299,0.8310833239755847,0.9442141211547731,0.2378791459063503,-0.5657927372311418
24,5.0,12.0,5,0.5643168508592885,1.0040684873956094,1,0.1797183816294593,-50.34106088045665,1.4916506136686827,6.7019153772689615,4.492952515727356,0.19004391091185058,0.329532225583421,2.0045195251202474,0.3874642335099837,0.10193548387096774,0.14193548387096774,0.7181818181818181,0.26956989247311824,0.4101075268817205,0.6573151546932353,0.42612903225806453,0.41215053763440856,1.033915992695017,0.7439429317142874,0.7831860832658564,0.7759290793018815,0.7392000848620994,0.8018658465535154,0.8361895639715525,0.8070551224212746,0.7797822854762347,-0.7165910344187281,-0.606766725515794,-0.6270758855485217,-0.7298641752644501,-0.5070796406330378,-0.4192358338446782,-0.49379886043236576,-0.5635975302556859,0.8377725964076826,2.183183183183184,11.483124145435111,1.4124124124124113,0.6192052980132451,0.9609593659847024,0.8501575954003264,0.9283133119196245,0.23114852573120906,-0.5461767452194162
24,5.0,13.0,5,0.6319280915501222,1.226203127678274,2,0.11090726102398851,-57.226793536030875,1.962427067453832,5.716449092617677,2.9129485561134936,0.250507648701904,0.3613159702780875,11.543160454299036,0.4371498931678637,0.11483870967741935,0.211505376344086,0.5429588205388918,0.29516129032258065,0.4365591397849462,0.6761083743842365,0.39913978494623653,0.36645161290322575,1.0892018779342725,0.4562655572879512,0.5827623891148026,0.6818402766139545,0.7275166041270017,0.38471147612141426,0.6493103269995245,0.6675297756942818,0.7281939657395152,-1.3403051243930666,-1.0284904983573122,-0.7842635561264728,-0.6716714320670922,-1.354446946567434,-0.7719801984832002,-0.7318733612920916,-0.5983320651619419,0.8356940913756203,2.403403403403404,8.05203967082547,1.4784784784784788,0.6754966887417219,0.9170527298512046,0.864558688460167,0.9489761342148131,0.207524443460511,-0.5407615647248921
24,5.0,14.0,5,0.8606826417336048,2.4047208422009367,3,0.08106740329450268,-47.08363662421742,0.11363882607433265,6.133176711183795,53.9707855409559,0.16763431893480696,0.4611146924814489,3.5804887933324987,0.4478634159835905,0.11161290322580646,0.2488172043010753,0.44857389801210024,0.2724731182795699,0.40978494623655914,0.664917344528995,0.6090322580645161,0.38591397849462367,1.5781554750626914,0.26262978881573484,0.4217585962505966,0.47512733384618444,0.5886641661389594,0.30032321504280984,0.42177697608444936,0.4807255680915477,0.6570175914654854,-2.0510029354626207,-1.6083844973765609,-1.4599387969533149,-1.1441349133903849,-1.6954961015023442,-1.4011825230241093,-1.2583349824369183,-0.8311342452068557,0.8245025660359706,2.3153153153153148,15.566543592710588,1.3243243243243243,0.6490066225165563,0.9598413710198596,0.8715474167128339,0.9488867826977828,0.21603679434409265,-0.6098502572975221
24,5.0,15.0,5,1.1272990611413272,3.493748572875738,3,0.07644362424493323,-59.1000983229344,1.2806206051285656,6.357560962329385,4.964437505432087,0.14155670702809986,0.4029376953457746,2.2485145872671057,0.5286891067824531,0.10193548387096774,0.3651612903225806,0.27915194346289757,0.2724731182795699,0.4072043010752687,0.6691312384473199,0.5745161290322581,0.40946236559139787,1.4030987394957983,0.5877187381223832,0.5641129228958268,0.6071867462619128,0.6518015849427118,0.6867959179660659,0.5721161889186853,0.6262040353826414,0.6977551314764189,-0.9735664244554068,-1.0293095087319255,-0.9275944125590794,-0.8222403424412534,-0.6563857386758059,-0.8967214909210481,-0.7833689099965733,-0.6334183769205413,0.8323757832188712,2.293293293293294,12.708787092020595,1.3683683683683687,0.6622516556291391,0.9408555148695155,0.8696264257185891,0.9573105794275556,0.22245906142251398,-0.5623183204765008
24,5.0,16.0,5,1.3795774767030142,6.847125007315865,3,0.03831445818829593,-55.47445830207943,0.06696290186919272,3.7520588920386593,56.031904043944216,0.2991901346972612,0.26518804014608377,13.645183709847963,0.41679289972628275,0.10193548387096774,0.168494623655914,0.6049776643267388,0.2564516129032258,0.39193548387096777,0.654320987654321,0.5201075268817205,0.4575268817204301,1.1367802585193891,0.5502363399191138,0.635677140576628,0.6761355028872567,0.7426936693399434,0.5275635544343305,0.6236168922734634,0.7010262747717416,0.7844484822626027,-1.4782804635100044,-1.19745415936631,-1.064475860099856,-0.8457128832591776,-1.4225060209928055,-1.1332894444667891,-0.9002098128704379,-0.6490255667054883,0.8458923089470376,2.0510510510510502,8.05203967082547,1.3243243243243243,0.7119205298013245,0.8944746241695125,0.8451027209220746,0.8789403973234435,0.21677271694858594,-0.5462598608068804
24,5.0,17.0,5,0.914556638819523,1.3716907452013052,2,0.13293776692703152,-52.52027363312696,0.10463808068707577,5.655546143065363,54.048641813093774,0.232647150383953,0.3930180792246889,3.539754048082645,0.5877065566502414,0.10193548387096774,0.5051612903225806,0.20178799489144317,0.2627956989247312,0.4348387096774194,0.6043521266073195,0.45763440860215054,0.33741935483870966,1.3562778840025496,0.30572563242761924,0.3494926856981428,0.33854900899960905,0.45150029787128315,0.43875234089700565,0.5031550422534061,0.43875234089700565,0.4554792640963407,-1.8663064218346102,-1.748654472693567,-1.778072603413806,-1.474443770748131,-1.0793136711287121,-0.9554633264472266,-1.0793136711287121,-1.047146771913816,0.7615842475200716,2.7997997997997994,9.862658461312831,1.5225225225225214,0.6456953642384106,0.8995872995251271,0.8893732401266887,0.9615978552930964,0.20495584282664736,-0.5230617810827495
24,5.0,18.0,5,1.056542173617115,3.143270559179258,3,0.20466388804264757,-52.84261907923384,1.0532574194139697,7.537881177100771,7.156732094320145,0.2861624886697677,0.4331704174824713,3.7795640039311396,0.5102370106918612,0.10193548387096774,0.4317204301075269,0.23611457036114566,0.2595698924731183,0.46784946236559144,0.5548149850609055,0.39838709677419354,0.36053763440860215,1.1049806143751864,0.4096937168597038,0.5360275443882396,0.5097770526653252,0.5600350930850148,0.47377240602735016,0.613236130156467,0.5701314643017884,0.5738357928110032,-1.5128565031986159,-1.1890839837299494,-1.2563596137705226,-1.127556642400361,-1.0861785607626102,-0.798313559215331,-0.8872852597807359,-0.8796392103245381,0.8363755486066252,2.447447447447446,10.915359353313933,1.4124124124124113,0.6556291390728477,0.9188085320270526,0.8699817935439713,0.9578849687154575,0.20974592123059774,-0.5468005126828608
24,5.0,19.0,5,0.30464270085679784,0.3062457073419691,1,0.03390961265120196,-52.659216394044606,0.07753220903193814,2.8084399253320127,36.222880276442545,0.05658247743326028,0.2795479598091404,2.220455098526952,0.29686735948095944,0.10193548387096774,0.10193548387096774,1.0,0.25311827956989247,0.42989247311827955,0.5887943971985993,0.5067741935483872,0.4026881720430108,1.2584779706275033,0.9110366414407465,0.8357532848856493,0.81957011656653,0.7402980066703082,0.9887173563600592,0.9316716204976634,0.8903334777727857,0.7515361935325082,-0.2588392817450891,-0.4778765376857139,-0.5249615368574885,-0.7556040881308808,-0.02981280657672425,-0.18054817884993968,-0.28977843486326016,-0.6565308308869735,0.8325168563712286,2.271271271271271,12.080421346773264,1.3463463463463456,0.6655629139072847,0.9083146826361662,0.8550418615043274,0.9149050337495724,0.21597433501163693,-0.6144610010290545
